0,3.12456,0.555358,0.320124,0.396553,100000.000000
1,3.1246058231872,0.5553584234398,0.3200124216745,0.3965138666394,100000.0000000000000,15.1439384097487
2,3.1247179485311,0.5553584234398,0.3199989616878,0.3965106460674,100000.0000000000000,15.1439384097487
3,3.1247057607407,0.5553584234398,0.3198951451932,0.3964733962915,100000.0000000000000,15.1439384097487
109,3.1261948927700,0.5499745495307,0.3261279416982,0.3964130916292,98000.0000000000000,15.1439384097487
110,3.1262074394258,0.5499277155104,0.3261816876996,0.3964123924411,98000.0000000000000,15.1439384097487
111,3.1261178896380,0.5499277155104,0.3261546367020,0.3964014642471,98000.0000000000000,15.1439384097487
112,3.1261842593376,0.5498100822908,0.3258999729749,0.3962610378058,98000.0000000000000,15.1439384097487
3777,3.2002570460541,0.4183492297580,0.4517327160991,0.3859090628074,26358.5184355953534,15.1439384097487
3789,3.2005788570028,0.4179494960789,0.4519085406256,0.3858050964506,26358.5184355953534,15.1439384097487
3790,3.2006397524409,0.4178318628593,0.4518753615898,0.3857436942243,26358.5184355953534,15.1439384097487
3791,3.2006579182120,0.4177850288391,0.4516375162259,0.3856389347730,26358.5184355953534,15.1439384097487
3792,3.2006649695860,0.4176673956195,0.4516485795042,0.3855925714833,26358.5184355953534,15.1439384097487
3794,3.2007195699340,0.4176673956195,0.4511694378167,0.3854222220433,26358.5184355953534,15.1439384097487
3795,3.2007906027064,0.4176673956195,0.4509099688553,0.3853305596661,26358.5184355953534,15.1439384097487
3799,3.2006557590266,0.4176205615992,0.4508900394834,0.3853014622813,26358.5184355953534,15.1439384097487
3802,3.2007967310803,0.4173852951600,0.4511484567226,0.3852949204236,26358.5184355953534,15.1439384097487
3803,3.2007934505106,0.4173852951600,0.4510757679091,0.3852689137132,26358.5184355953534,15.1439384097487
3811,3.2011409513549,0.4169855614809,0.4514441250818,0.3852340725261,26358.5184355953534,15.1439384097487
3812,3.2012977289855,0.4169855614809,0.4513593915963,0.3852060289599,26358.5184355953534,15.1439384097487
3813,3.2013440799896,0.4169393444952,0.4513135823775,0.3851705171087,26358.5184355953534,15.1439384097487
3814,3.2011946634366,0.4169393444952,0.4513120028384,0.3851678387533,26358.5184355953534,15.1439384097487
3815,3.2012974433044,0.4169393444952,0.4510748560511,0.3850845978004,26358.5184355953534,15.1439384097487
3816,3.2011805696216,0.4169393444952,0.4510497840665,0.3850739897654,26358.5184355953534,15.1439384097487
3817,3.2012081396264,0.4168217112755,0.4509943883506,0.3850041814579,26358.5184355953534,15.1439384097487
3819,3.2012501342027,0.4167748772553,0.4510129285733,0.3849913254635,26358.5184355953534,15.1439384097487
3820,3.2013180429129,0.4166572440357,0.4510261640640,0.3849465990911,26358.5184355953534,15.1439384097487
3821,3.2013428510713,0.4166572440357,0.4509523500593,0.3849205879804,26358.5184355953534,15.1439384097487
3822,3.2013541466711,0.4165396108161,0.4509744323773,0.3848782201176,26358.5184355953534,15.1439384097487
3823,3.2014603401615,0.4164219775964,0.4509821121213,0.3848320512771,26358.5184355953534,15.1439384097487
3825,3.2016371396320,0.4164219775964,0.4508434002059,0.3847850130080,26358.5184355953534,15.1439384097487
3829,3.2018737070144,0.4165396108161,0.4505840797490,0.3847461602087,25831.3480668834454,15.1439384097487
3830,3.2018953154421,0.4164927767958,0.4505951095203,0.3847303334475,25831.3480668834454,15.1439384097487
3831,3.2019314337364,0.4164927767958,0.4505630608357,0.3847193985602,25831.3480668834454,15.1439384097487
3832,3.2019556006289,0.4164927767958,0.4503375093855,0.3846391864307,25831.3480668834454,15.1439384097487
3833,3.2019997300833,0.4164459427756,0.4503232437831,0.3846146442786,25831.3480668834454,15.1439384097487
3834,3.2019945025865,0.4163991087554,0.4502803228370,0.3845791696776,25831.3480668834454,15.1439384097487
3835,3.2019666368043,0.4163522747351,0.4502413998878,0.3845448026024,25831.3480668834454,15.1439384097487
3836,3.2018151950204,0.4163522747351,0.4501945919495,0.3845259425905,25831.3480668834454,15.1439384097487
3837,3.2018633622347,0.4162346415155,0.4502214509921,0.3844858024316,25831.3480668834454,15.1439384097487
3838,3.2018709878487,0.4161262417764,0.4501995914732,0.3844316463314,25831.3480668834454,15.1439384097487
3839,3.2019407742475,0.4160086085568,0.4502911513282,0.3844149195155,25831.3480668834454,15.1439384097487
3845,3.2022560133935,0.4159088417914,0.4503102070566,0.3843834285605,25831.3480668834454,15.1439384097487
3846,3.2023047711510,0.4158620077712,0.4500964200467,0.3842876942530,25831.3480668834454,15.1439384097487
3848,3.2022782893678,0.4158151737510,0.4501047881874,0.3842702364362,25831.3480668834454,15.1439384097487
3849,3.2024107264825,0.4157683397307,0.4500954367311,0.3842486988838,25831.3480668834454,15.1439384097487
3873,3.2035154755351,0.4148343147781,0.3784717911111,0.3582841611649,25831.3480668834454,15.1439384097487
3874,3.2034638527309,0.4148343147781,0.3784128401190,0.3582623767799,25831.3480668834454,15.1439384097487
3879,3.2034553817245,0.4147874807579,0.3783994312167,0.3582373962991,25831.3480668834454,15.1439384097487
3880,3.2034268079583,0.4147868637234,0.3781582256194,0.3581505826827,25831.3480668834454,15.1439384097487
3881,3.2033999111411,0.4146692305038,0.3781815159264,0.3581081058243,25831.3480668834454,15.1439384097487
3882,3.2032840116038,0.4146692305038,0.3781661944777,0.3581009939077,25831.3480668834454,15.1439384097487
3894,3.2035832072690,0.4142373945031,0.3779623386425,0.3578473492791,25831.3480668834454,15.1439384097487
3895,3.2036488627074,0.4141905604828,0.3779560798644,0.3578259712984,25831.3480668834454,15.1439384097487
3896,3.2035651654733,0.4141905604828,0.3774460900207,0.3576426477582,25831.3480668834454,15.1439384097487
3897,3.2035436949227,0.4141443434971,0.3774420996938,0.3576211115550,25831.3480668834454,15.1439384097487
3898,3.2035030416123,0.4141443434971,0.3770181773985,0.3574691354936,25831.3480668834454,15.1439384097487
3899,3.2034497125555,0.4141911775173,0.3759641557899,0.3571120163252,25831.3480668834454,15.1439384097487
3900,3.2034909293977,0.4141911775173,0.3758821243449,0.3570833025962,25831.3480668834454,15.1439384097487
3901,3.2034403102255,0.4141911775173,0.3758496165893,0.3570709764256,25831.3480668834454,15.1439384097487
3903,3.2033429298030,0.4141443434971,0.3757233028108,0.3570044147124,25831.3480668834454,15.1439384097487
3904,3.2034676886026,0.4141504422220,0.3756859700167,0.3569954606395,25831.3480668834454,15.1439384097487
3913,3.2033501742009,0.4140567741815,0.3757609099996,0.3569804186523,24808.4266834348600,15.1439384097487
3920,3.2031779599230,0.4137986389012,0.3759943281260,0.3569507160425,24808.4266834348600,15.1439384097487
3921,3.2032544786330,0.4137518048810,0.3757988408444,0.3568619101679,24808.4266834348600,15.1439384097487
3923,3.2034052208857,0.4137049708608,0.3758251894896,0.3568533816682,24808.4266834348600,15.1439384097487
4225,3.2093071721590,0.4048024301816,0.3723169048145,0.3518685604941,22882.5028724947115,15.1439384097487
4226,3.2093093284566,0.4046847969619,0.3724191241179,0.3518546836626,22882.5028724947115,15.1439384097487
4228,3.2095086851585,0.4046847969619,0.3723738479455,0.3518413344850,22882.5028724947115,15.1439384097487
5223,3.2337638283619,0.3818495457017,0.3646512027523,0.3396399193136,15906.4362051086155,15.1439384097487
5224,3.2336815168834,0.3818027116815,0.3644682176454,0.3395533310648,15906.4362051086155,15.1439384097487
5233,3.2339601437982,0.3812853447828,0.3649400564948,0.3395040588209,15906.4362051086155,15.1439384097487
5235,3.2338634899508,0.3812385107626,0.3649971769363,0.3395030196102,15906.4362051086155,15.1439384097487
5236,3.2337026326429,0.3811916767423,0.3649828559573,0.3394755571317,15906.4362051086155,15.1439384097487
5237,3.2336840117970,0.3811916767423,0.3647195818091,0.3393812671665,15906.4362051086155,15.1439384097487
5238,3.2336351966672,0.3813093099619,0.3645062449716,0.3393547989450,15906.4362051086155,15.1439384097487
5239,3.2336629258503,0.3813093099619,0.3641711628419,0.3392355191219,15906.4362051086155,15.1439384097487
5240,3.2336405487364,0.3813093099619,0.3641379084790,0.3392233259291,15906.4362051086155,15.1439384097487
5245,3.2336808147747,0.3813561439822,0.3640190256482,0.3392015092599,15906.4362051086155,15.1439384097487
5252,3.2337156246864,0.3812853447828,0.3018637009770,0.3169733290641,15906.4362051086155,15.1439384097487
5253,3.2337453075262,0.3811677115632,0.3018815169328,0.3169296976787,15906.4362051086155,15.1439384097487
11752,3.3364272741675,0.2364113577716,0.3997130676767,0.2912840428420,1526.8545525806826,15.1439384097487
11753,3.3363636641259,0.2364113577716,0.3996200910679,0.2912499368325,1526.8545525806826,15.1439384097487
11754,3.3363722098247,0.2364113577716,0.3996189547920,0.2912496519407,1526.8545525806826,15.1439384097487
11755,3.3363876467947,0.2364113577716,0.3990672448374,0.2910528311033,1526.8545525806826,15.1439384097487
11756,3.3364281922506,0.2364113577716,0.3977898068300,0.2905971769590,1526.8545525806826,15.1439384097487
11757,3.3365341041558,0.2363645237514,0.3975970364985,0.2905097573355,1526.8545525806826,15.1439384097487
11758,3.3364687477972,0.2362468905318,0.3976824886095,0.2904889369215,1526.8545525806826,15.1439384097487
11760,3.3366073972155,0.2362468905318,0.3976636823801,0.2904841822910,1526.8545525806826,15.1439384097487
11761,3.3365602074693,0.2362468905318,0.3976581640911,0.2904815437417,1526.8545525806826,15.1439384097487
11778,3.3364054994123,0.2360230667769,0.3977248741939,0.2904072552034,1526.8545525806826,15.1439384097487
11779,3.3364354731586,0.2360230667769,0.3974535489980,0.2903107774742,1526.8545525806826,15.1439384097487
11782,3.3363642135296,0.2360230667769,0.3974436404442,0.2903062303861,1526.8545525806826,15.1439384097487
11785,3.3363526453876,0.2359762327567,0.3974950520413,0.2903043562593,1526.8545525806826,15.1439384097487
11786,3.3363745817010,0.2358585995371,0.3975286738824,0.2902662602201,1526.8545525806826,15.1439384097487
11787,3.3364423173374,0.2358585995371,0.3974101010767,0.2902248712442,1526.8545525806826,15.1439384097487
11788,3.3364694730379,0.2358117655168,0.3972253855991,0.2901392139592,1526.8545525806826,15.1439384097487
11792,3.3363629703774,0.2358117655168,0.3968976360084,0.2900206535284,1526.8545525806826,15.1439384097487
11793,3.3364107575186,0.2357649314966,0.3969453809047,0.2900183097390,1526.8545525806826,15.1439384097487
11800,3.3367864542284,0.2356674951383,0.3969615354410,0.2899876368602,1526.8545525806826,15.1439384097487
11801,3.3366952864934,0.2356206611181,0.3969544077725,0.2899637295241,1526.8545525806826,15.1439384097487
11803,3.3366504993307,0.2355030278985,0.3970559891248,0.2899489606061,1526.8545525806826,15.1439384097487
11804,3.3367349879996,0.2355030278985,0.3970156550943,0.2899357511042,1526.8545525806826,15.1439384097487
11805,3.3367410761099,0.2355030278985,0.3970031112903,0.2899313573206,1526.8545525806826,15.1439384097487
11816,3.3371460392067,0.2350854277651,0.3244217182168,0.2638361899379,1496.3174615290689,15.1439384097487
11817,3.3372911721325,0.2350385937449,0.3243393292230,0.2637887471955,1496.3174615290689,15.1439384097487
11818,3.3373703934582,0.2350385937449,0.3243324934266,0.2637874268161,1496.3174615290689,15.1439384097487
11819,3.3373554838222,0.2350385937449,0.3240224983294,0.2636765033110,1496.3174615290689,15.1439384097487
11820,3.3374849235323,0.2350385937449,0.3239672515766,0.2636586038911,1496.3174615290689,15.1439384097487
11821,3.3375708327885,0.2350747894293,0.3239199172581,0.2636584268237,1496.3174615290689,15.1439384097487
11822,3.3374848998457,0.2350279554090,0.3239213737146,0.2636376593184,1496.3174615290689,15.1439384097487
11823,3.3373588381213,0.2350279554090,0.3237588739263,0.2635778399148,1496.3174615290689,15.1439384097487
11824,3.3373767781877,0.2350279554090,0.3236334753935,0.2635333085752,1496.3174615290689,15.1439384097487
12289,3.3432247099796,0.2274804665609,0.3213860944682,0.2595787822959,1273.0115663123752,15.1439384097487
12291,3.3432033483916,0.2274311148196,0.3213850838371,0.2595569683449,1273.0115663123752,15.1439384097487
12292,3.3432693068981,0.2274311148196,0.2591013033251,0.2373136943277,1273.0115663123752,15.1439384097487
12293,3.3433815742351,0.2273842807994,0.2591403173102,0.2373091447461,1273.0115663123752,15.1439384097487
12294,3.3434602064653,0.2272666475797,0.2592449410587,0.2372972087744,1273.0115663123752,15.1439384097487
12295,3.3434981232598,0.2271490143601,0.2593403125699,0.2372813923115,1273.0115663123752,15.1439384097487
12302,3.3436378738576,0.2269179624869,0.2594426428879,0.2372208940838,1273.0115663123752,15.1439384097487
12303,3.3436748295680,0.2269179624869,0.2594224160200,0.2372141931233,1273.0115663123752,15.1439384097487
12304,3.3436002000756,0.2268003292672,0.2595294037223,0.2372009327776,1273.0115663123752,15.1439384097487
12305,3.3436632880134,0.2267747884464,0.2595256114488,0.2371895250183,1273.0115663123752,15.1439384097487
12306,3.3437446859830,0.2267065069681,0.2595560657724,0.2371722898476,1273.0115663123752,15.1439384097487
12307,3.3440235589051,0.2267065069681,0.2593189189851,0.2370915405996,1273.0115663123752,15.1439384097487
12308,3.3440067327325,0.2266596729479,0.2593198061232,0.2370715476224,1273.0115663123752,15.1439384097487
12330,3.3438441848425,0.2265625616346,0.2593841992676,0.2370506259979,1247.5513349861276,15.1439384097487
12332,3.3438016797251,0.2265625616346,0.2592742891565,0.2370107709423,1247.5513349861276,15.1439384097487
12334,3.3436807249111,0.2265625616346,0.2592470724394,0.2369993391837,1247.5513349861276,15.1439384097487
12344,3.3438542752091,0.2261159939353,0.2597707619575,0.2369974407226,1247.5513349861276,15.1439384097487
12355,3.3436523643699,0.2261575170514,0.2597263831784,0.2369965297550,1247.5513349861276,15.1439384097487
12364,3.3433919568337,0.2258408130769,0.2081085209131,0.2184221639220,1247.5513349861276,15.1439384097487
12365,3.3434309710989,0.2258408130769,0.2080536518125,0.2184031198639,1247.5513349861276,15.1439384097487
12366,3.3434698670411,0.2257939790567,0.2080871849744,0.2183955746452,1247.5513349861276,15.1439384097487
12367,3.3434614151547,0.2257815942929,0.2080991463643,0.2183944192206,1247.5513349861276,15.1439384097487
12370,3.3434007406041,0.2256263770612,0.2082270618757,0.2183727231203,1247.5513349861276,15.1439384097487
12373,3.3434176836427,0.2256732110815,0.2078437351778,0.2182561321940,1247.5513349861276,15.1439384097487
12374,3.3434835790288,0.2256732110815,0.2078404592085,0.2182558946202,1247.5513349861276,15.1439384097487
12375,3.3435566420142,0.2256732110815,0.2078171066828,0.2182485882688,1247.5513349861276,15.1439384097487
12376,3.3435086166693,0.2256263770612,0.2077906172841,0.2182183764909,1247.5513349861276,15.1439384097487
12382,3.3437205283515,0.2254841616280,0.2065906251545,0.2177318569379,1247.5513349861276,15.1439384097487
12383,3.3436911259057,0.2253665284083,0.2065424608539,0.2176638251224,1247.5513349861276,15.1439384097487
12384,3.3436846851806,0.2253665284083,0.2065241894539,0.2176572084866,1247.5513349861276,15.1439384097487
12385,3.3436297011766,0.2252488951887,0.2066300408803,0.2176438203104,1247.5513349861276,15.1439384097487
12386,3.3436038389507,0.2252488951887,0.2065380887826,0.2176106143268,1247.5513349861276,15.1439384097487
12387,3.3436215862167,0.2252488951887,0.2063928334757,0.2175589885541,1247.5513349861276,15.1439384097487
12415,3.3441292882086,0.2249094766318,0.2067522821429,0.2175490819315,1198.1483021206768,15.1439384097487
12416,3.3442283240382,0.2247918434122,0.2067601838566,0.2175028910854,1198.1483021206768,15.1439384097487
12418,3.3442984584204,0.2247918434122,0.2064619619313,0.2173973756518,1198.1483021206768,15.1439384097487
12419,3.3442652968861,0.2246856363492,0.2065492929125,0.2173825787418,1198.1483021206768,15.1439384097487
12420,3.3440923831722,0.2246856363492,0.2064476087107,0.2173438162379,1198.1483021206768,15.1439384097487
12423,3.3440395057176,0.2246856363492,0.2062683509125,0.2172790473833,1198.1483021206768,15.1439384097487
12424,3.3439517397288,0.2246388023290,0.2062890388699,0.2172651223336,1198.1483021206768,15.1439384097487
12431,3.3437348958409,0.2243988420202,0.2064838831152,0.2172288011053,1198.1483021206768,15.1439384097487
12432,3.3437081498832,0.2243520079999,0.2064369988866,0.2171916065615,1198.1483021206768,15.1439384097487
12433,3.3436907522334,0.2243242745030,0.2064084935749,0.2171692941330,1198.1483021206768,15.1439384097487
12434,3.3437321572563,0.2242196430817,0.2059513869356,0.2169617856024,1198.1483021206768,15.1439384097487
12435,3.3436936974428,0.2241020098621,0.2060940095355,0.2169617638045,1198.1483021206768,15.1439384097487
12436,3.3437935352186,0.2240365380945,0.2059190346761,0.2168726261522,1198.1483021206768,15.1439384097487
12437,3.3439709574404,0.2239897040742,0.2057541318107,0.2167961710612,1198.1483021206768,15.1439384097487
12438,3.3439524299817,0.2239428700540,0.2056940901216,0.2167543937156,1198.1483021206768,15.1439384097487
12439,3.3439128922738,0.2239403523329,0.2055676536575,0.2167075993563,1198.1483021206768,15.1439384097487
12440,3.3438944277111,0.2238935183126,0.2055827112074,0.2166926440574,1198.1483021206768,15.1439384097487
12442,3.3439736481649,0.2237290510728,0.2057413704347,0.2166799430713,1198.1483021206768,15.1439384097487
12443,3.3439081330194,0.2237290510728,0.2056109569893,0.2166324398059,1198.1483021206768,15.1439384097487
12465,3.3439812634364,0.2233199131268,0.2060906350516,0.2166294433561,1198.1483021206768,15.1439384097487
12466,3.3441995296378,0.2233199131268,0.2060544173962,0.2166195969313,1198.1483021206768,15.1439384097487
12471,3.3440855174892,0.2232262450864,0.2061627188686,0.2166165193184,1198.1483021206768,15.1439384097487
12481,3.3442832963753,0.2230887235227,0.2061163165580,0.2165438078096,1198.1483021206768,15.1439384097487
12482,3.3444046283812,0.2230418895024,0.2061465641013,0.2165362556205,1198.1483021206768,15.1439384097487
12483,3.3443220629059,0.2230418895024,0.2059571039578,0.2164674229875,1198.1483021206768,15.1439384097487
12484,3.3443394856603,0.2229817286389,0.2059702788456,0.2164465916082,1198.1483021206768,15.1439384097487
12485,3.3443256133589,0.2229348946187,0.2058028127177,0.2163665142617,1198.1483021206768,15.1439384097487
12486,3.3444362572503,0.2229126428121,0.2058164674670,0.2163634200730,1198.1483021206768,15.1439384097487
12487,3.3443689072455,0.2228658087919,0.2058513063471,0.2163548378092,1198.1483021206768,15.1439384097487
12488,3.3443520061485,0.2228658087919,0.2058415027297,0.2163510973679,1198.1483021206768,15.1439384097487
12491,3.3441503752643,0.2228658087919,0.2057538732653,0.2163169480670,1198.1483021206768,15.1439384097487
12524,3.3449403793737,0.2222943962822,0.2063679757319,0.2163025578062,1174.1853360782632,15.1439384097487
12548,3.3448131269184,0.2223149181885,0.1654111855043,0.2016821272139,1174.1853360782632,15.1439384097487
12549,3.3448700651539,0.2223149181885,0.1650811037108,0.2015650465313,1174.1853360782632,15.1439384097487
12557,3.3446777867995,0.2219757916211,0.1653041644986,0.2014966504151,1174.1853360782632,15.1439384097487
12558,3.3445582955887,0.2219757916211,0.1652401555414,0.2014720992806,1174.1853360782632,15.1439384097487
12564,3.3442352745759,0.2218352895604,0.1653840316427,0.2014586977079,1174.1853360782632,15.1439384097487
12565,3.3442535816610,0.2217884555402,0.1654139754540,0.2014495792473,1174.1853360782632,15.1439384097487
12566,3.3442364138414,0.2216708223206,0.1654781400973,0.2014218380309,1174.1853360782632,15.1439384097487
12567,3.3441185345202,0.2216708223206,0.1652936297123,0.2013542734803,1174.1853360782632,15.1439384097487
12568,3.3441284004916,0.2216239883003,0.1652874712866,0.2013321419225,1174.1853360782632,15.1439384097487
12569,3.3442552000525,0.2216239883003,0.1652027378011,0.2013036741686,1174.1853360782632,15.1439384097487
12570,3.3441165833294,0.2216239883003,0.1651794707251,0.2012934030813,1174.1853360782632,15.1439384097487
12572,3.3442871838652,0.2215188941032,0.1642463540029,0.2009175207250,1174.1853360782632,15.1439384097487
12575,3.3442169671799,0.2213544268633,0.1643961904221,0.2008995542106,1174.1853360782632,15.1439384097487
12576,3.3441268437269,0.2213060172014,0.1644008966217,0.2008792127573,1174.1853360782632,15.1439384097487
12577,3.3441342421820,0.2213060172014,0.1638792409034,0.2006930118313,1174.1853360782632,15.1439384097487
12578,3.3442277248108,0.2212591831812,0.1637396687981,0.2006244157008,1174.1853360782632,15.1439384097487
12579,3.3442896476674,0.2212591831812,0.1631644128855,0.2004198433649,1174.1853360782632,15.1439384097487
12580,3.3442010530798,0.2212591831812,0.1631357951614,0.2004083691417,1174.1853360782632,15.1439384097487
12585,3.3444216816140,0.2211415499616,0.1632287142480,0.2003942621717,1127.6875967695639,15.1439384097487
12677,3.3458392534495,0.2191441652182,0.1650898624666,0.2002229944778,1105.1338448341726,15.1439384097487
12678,3.3458820174219,0.2191441652182,0.1649423636120,0.2001709214227,1105.1338448341726,15.1439384097487
12679,3.3460094923651,0.2191441652182,0.1648999071497,0.2001575621624,1105.1338448341726,15.1439384097487
12680,3.3460781112394,0.2191441652182,0.1647596432678,0.2001084388714,1105.1338448341726,15.1439384097487
12681,3.3460801030493,0.2191441652182,0.1645191352184,0.2000225713234,1105.1338448341726,15.1439384097487
12682,3.3460532432386,0.2191441652182,0.1644980329943,0.2000146547503,1105.1338448341726,15.1439384097487
12687,3.3464003513557,0.2190973311980,0.1644589329741,0.1999855302910,1105.1338448341726,15.1439384097487
12692,3.3464035460098,0.2190849464341,0.1643789777733,0.1999517123103,1105.1338448341726,15.1439384097487
12693,3.3464779091815,0.2189673132145,0.1645161927590,0.1999513556593,1105.1338448341726,15.1439384097487
12701,3.3465774117112,0.2186852127550,0.1647426251621,0.1999127321319,1105.1338448341726,15.1439384097487
12713,3.3468464227287,0.2184507341366,0.1648149965743,0.1998418947162,1105.1338448341726,15.1439384097487
12714,3.3468663908992,0.2184039001164,0.1648341967658,0.1998289627528,1105.1338448341726,15.1439384097487
12715,3.3468964137281,0.2182862668968,0.1648564305701,0.1997869139812,1105.1338448341726,15.1439384097487
12716,3.3469088375347,0.2182862668968,0.1643521604716,0.1996069933135,1105.1338448341726,15.1439384097487
12717,3.3469810999722,0.2182862668968,0.1642923598582,0.1995866584603,1105.1338448341726,15.1439384097487
12718,3.3470733897407,0.2181686336772,0.1642221712625,0.1995124827617,1105.1338448341726,15.1439384097487
12743,3.3475766657086,0.2178771454785,0.1631379018214,0.1990074414831,1105.1338448341726,15.1439384097487
12744,3.3475609484638,0.2178646229838,0.1631077475479,0.1989910829183,1105.1338448341726,15.1439384097487
12782,3.3472812782709,0.2169840100799,0.1640948765861,0.1989622661586,1061.3705445787393,15.1439384097487
12785,3.3473097339849,0.2169840100799,0.1640038407713,0.1989301560141,1061.3705445787393,15.1439384097487
12786,3.3473225416012,0.2169840100799,0.1639990785492,0.1989286364474,1061.3705445787393,15.1439384097487
12792,3.3476903808429,0.2167575143453,0.1642327385685,0.1989202217544,1061.3705445787393,15.1439384097487
12793,3.3476690983475,0.2167106803250,0.1641898233413,0.1988845220187,1061.3705445787393,15.1439384097487
12794,3.3477486883615,0.2167106803250,0.1640360668550,0.1988307351812,1061.3705445787393,15.1439384097487
12795,3.3476850269922,0.2166981413026,0.1638562806538,0.1987602511528,1061.3705445787393,15.1439384097487
12796,3.3476750988566,0.2166513072823,0.1638785800603,0.1987480030211,1061.3705445787393,15.1439384097487
12806,3.3476771456077,0.2166044732621,0.1638299013621,0.1987105750102,1061.3705445787393,15.1439384097487
12812,3.3477700806568,0.2163098503079,0.1640672727226,0.1986703985404,1061.3705445787393,15.1439384097487
12814,3.3478799346347,0.2163098503079,0.1640499687322,0.1986657729703,1061.3705445787393,15.1439384097487
12878,3.3483293834516,0.2152088734497,0.1637147516123,0.1980805650160,1040.1431336871644,15.1439384097487
12879,3.3483373379870,0.2152088734497,0.1636480110852,0.1980568416697,1040.1431336871644,15.1439384097487
12880,3.3483614789461,0.2152557074699,0.1622566458798,0.1975803388408,1040.1431336871644,15.1439384097487
12881,3.3483674860836,0.2151380742503,0.1623917972754,0.1975782779600,1040.1431336871644,15.1439384097487
12882,3.3484292480549,0.2150204410307,0.1623888352850,0.1975276797970,1040.1431336871644,15.1439384097487
12883,3.3484798067878,0.2150204410307,0.1623578423892,0.1975173263083,1040.1431336871644,15.1439384097487
12884,3.3485535822065,0.2150204410307,0.1621876061998,0.1974575715865,1040.1431336871644,15.1439384097487
12885,3.3487342369492,0.2150204410307,0.1621509398610,0.1974470327180,1040.1431336871644,15.1439384097487
12886,3.3487094987777,0.2150204410307,0.1621433909991,0.1974439866524,1040.1431336871644,15.1439384097487
12888,3.3487890561443,0.2150204410307,0.1620965173234,0.1974283717854,1040.1431336871644,15.1439384097487
12889,3.3487361385346,0.2149750283935,0.1621062233041,0.1974116268676,1040.1431336871644,15.1439384097487
12891,3.3486995641984,0.2149800307803,0.1620038167107,0.1973766794399,1040.1431336871644,15.1439384097487
12895,3.3485890407700,0.2149750283935,0.1617778855681,0.1972922819670,1040.1431336871644,15.1439384097487
12896,3.3484900270605,0.2148919986889,0.1618792516631,0.1972914989473,1040.1431336871644,15.1439384097487
12980,3.3492573728521,0.2130591858609,0.1638136512233,0.1972077226126,998.9534655931527,15.1439384097487
12981,3.3493720687669,0.2130173542275,0.1638069790521,0.1971890347910,998.9534655931527,15.1439384097487
12982,3.3494647901500,0.2129705202072,0.1638257817532,0.1971769903198,998.9534655931527,15.1439384097487
12996,3.3500553562364,0.2126176205484,0.1631642921370,0.1967978577879,998.9534655931527,15.1439384097487
12999,3.3501099484054,0.2125707865281,0.1630807431945,0.1967487196325,998.9534655931527,15.1439384097487
13000,3.3501932440038,0.2125707865281,0.1630526754121,0.1967398740516,998.9534655931527,15.1439384097487
13001,3.3502844581885,0.2124531533085,0.1630351419889,0.1966844885523,998.9534655931527,15.1439384097487
13002,3.3501041700530,0.2124531533085,0.1627418633595,0.1965771951197,998.9534655931527,15.1439384097487
13003,3.3501588149072,0.2124531533085,0.1627075171484,0.1965657018367,998.9534655931527,15.1439384097487
13005,3.3501289099786,0.2124063192883,0.1626854052749,0.1965373098633,998.9534655931527,15.1439384097487
13019,3.3502099517924,0.2117967057321,0.1629803951412,0.1963825471706,978.9743962812896,15.1439384097487
14164,3.3653619418196,0.1896940617349,0.1603952259149,0.1862011103780,653.5711111015197,15.1439384097487
14165,3.3653900192119,0.1896940617349,0.1291701952776,0.1750497110150,653.5711111015197,15.1439384097487
14166,3.3653140282862,0.1896940617349,0.1083783523956,0.1676229775764,653.5711111015197,15.1439384097487
14167,3.3651890242855,0.1896940617349,0.1082890417226,0.1675893121092,653.5711111015197,15.1439384097487
14168,3.3651406006314,0.1896940617349,0.1082563493290,0.1675769510629,653.5711111015197,15.1439384097487
14192,3.3653799970350,0.1894125783099,0.1080521228626,0.1673867647287,653.5711111015197,15.1439384097487
14197,3.3654576604972,0.1893657442897,0.1075473591632,0.1671875191887,640.4996888794893,15.1439384097487
14198,3.3655457180400,0.1892481110701,0.1075855986764,0.1671520079291,640.4996888794893,15.1439384097487
14200,3.3654702530789,0.1892481110701,0.1071204992518,0.1669848331676,640.4996888794893,15.1439384097487
14201,3.3655569064447,0.1892481110701,0.1070708287976,0.1669683198590,640.4996888794893,15.1439384097487
14202,3.3655393382585,0.1892012770499,0.1070485949932,0.1669400589029,640.4996888794893,15.1439384097487
14203,3.3656535266081,0.1891544430296,0.1068939031388,0.1668663558466,640.4996888794893,15.1439384097487
14204,3.3656166555434,0.1891544430296,0.1067870245886,0.1668276632127,640.4996888794893,15.1439384097487
14221,3.3660026872867,0.1890747188670,0.1068053803153,0.1668055136544,640.4996888794893,15.1439384097487
14222,3.3659485198654,0.1890278848467,0.1068637023603,0.1668055047679,640.4996888794893,15.1439384097487
14244,3.3666346470798,0.1885763147606,0.1073005351182,0.1667776950844,640.4996888794893,15.1439384097487
14245,3.3667264916290,0.1885763147606,0.1072339595462,0.1667552176886,640.4996888794893,15.1439384097487
14247,3.3666609842330,0.1885294807403,0.1072416234139,0.1667369561360,640.4996888794893,15.1439384097487
19025,3.4201086784851,0.1089850514137,0.1918420442998,0.1636172037494,117.3570762565980,15.1439384097487
19026,3.4201746110384,0.1089603149415,0.1917674658047,0.1635809001686,117.3570762565980,15.1439384097487
19027,3.4201338675489,0.1089603149415,0.1915368232958,0.1634979513263,117.3570762565980,15.1439384097487
19028,3.4200589391723,0.1089279041026,0.1915667752920,0.1634936978768,117.3570762565980,15.1439384097487
19029,3.4200394726838,0.1088810700824,0.1916065779236,0.1634875659299,117.3570762565980,15.1439384097487
19042,3.4200601833601,0.1088582177690,0.1914022876215,0.1634051043138,112.7097360368367,15.1439384097487
19044,3.4201523523408,0.1088582177690,0.1913812716800,0.1633989028053,112.7097360368367,15.1439384097487
19051,3.4203643070376,0.1089050517892,0.1909487984857,0.1632675189608,112.7097360368367,15.1439384097487
19052,3.4204623284822,0.1088566421274,0.1909739047050,0.1632571254666,112.7097360368367,15.1439384097487
19063,3.4205013395938,0.1084888565112,0.1911144574936,0.1631502524888,112.7097360368367,15.1439384097487
19064,3.4205331822015,0.1084533109168,0.1911275409974,0.1631401419133,112.7097360368367,15.1439384097487
19065,3.4204231158684,0.1084533109168,0.1906630571101,0.1629726973795,112.7097360368367,15.1439384097487
19067,3.4204321666430,0.1084533109168,0.1905553446669,0.1629343567176,112.7097360368367,15.1439384097487
19068,3.4204672940631,0.1084921620532,0.1904128384231,0.1629006091682,112.7097360368367,15.1439384097487
19069,3.4205918518744,0.1084921620532,0.1903548141079,0.1628816486832,112.7097360368367,15.1439384097487
19070,3.4205651547378,0.1085352277556,0.1902768787640,0.1628718935987,112.7097360368367,15.1439384097487
19071,3.4205819940962,0.1085352277556,0.1900589532534,0.1627943013350,112.7097360368367,15.1439384097487
19072,3.4204964803174,0.1085302253688,0.1899860128516,0.1627648972972,112.7097360368367,15.1439384097487
19073,3.4204703639779,0.1085302253688,0.1899868470953,0.1627648256969,112.7097360368367,15.1439384097487
19075,3.4204362756294,0.1085352277556,0.1898428796980,0.1627150703015,112.7097360368367,15.1439384097487
19076,3.4205055008051,0.1085352277556,0.1898011837803,0.1627011584339,112.7097360368367,15.1439384097487
19077,3.4204419216565,0.1084175945360,0.1897849627731,0.1626440513394,112.7097360368367,15.1439384097487
19078,3.4205274742211,0.1084175945360,0.1897152474311,0.1626203635660,112.7097360368367,15.1439384097487
19081,3.4205418236922,0.1084644285562,0.1893089224291,0.1624955222609,112.7097360368367,15.1439384097487
19083,3.4205626360592,0.1084175945360,0.1893449740923,0.1624886206256,112.7097360368367,15.1439384097487
19084,3.4205537293100,0.1083759336889,0.1892769415920,0.1624463426254,112.7097360368367,15.1439384097487
19092,3.4206893490430,0.1081516306305,0.1484473147048,0.1477701221507,112.7097360368367,15.1439384097487
19702,3.4280966911563,0.1012650077665,0.1471236328016,0.1444507822099,92.0920603871726,15.1439384097487
19703,3.4280849839384,0.1011473745469,0.1472017743264,0.1444281100040,92.0920603871726,15.1439384097487
19704,3.4280986892624,0.1012014036301,0.1468899429838,0.1443400909181,92.0920603871726,15.1439384097487
19707,3.4281284942803,0.1012014036301,0.1467394699768,0.1442867722975,92.0920603871726,15.1439384097487
19738,3.4280415581498,0.1008148590634,0.1470365066555,0.1442259647280,88.4452147958406,15.1439384097487
19811,3.4284890925274,0.1007572159210,0.1182567664275,0.1339291144527,86.6763104999238,15.1439384097487
19846,3.4284139690895,0.1006679167051,0.1183200764603,0.1339123910946,86.6763104999238,15.1439384097487
19847,3.4285060333307,0.1006248510027,0.1183675795403,0.1339122024536,86.6763104999238,15.1439384097487
19872,3.4291023298725,0.1000427836295,0.0997603312261,0.1270257367376,86.6763104999238,15.1439384097487
19874,3.4291550225571,0.1000427836295,0.0997152902285,0.1270103962649,86.6763104999238,15.1439384097487
19875,3.4291789317019,0.1000427836295,0.0994325605275,0.1269097596845,86.6763104999238,15.1439384097487
19876,3.4291650922324,0.1000711341610,0.0981127202092,0.1264503425425,86.6763104999238,15.1439384097487
19879,3.4292171741104,0.1000711341610,0.0971550360092,0.1261090494261,86.6763104999238,15.1439384097487
19880,3.4291377209639,0.1000711341610,0.0970848344246,0.1260828531749,86.6763104999238,15.1439384097487
19881,3.4292385642004,0.1000711341610,0.0968769072346,0.1260100203892,86.6763104999238,15.1439384097487
19882,3.4292896007214,0.1000711341610,0.0968626336619,0.1260056448481,86.6763104999238,15.1439384097487
19883,3.4292120291219,0.1001049663829,0.0962299568776,0.1257930907444,86.6763104999238,15.1439384097487
19884,3.4291496548101,0.1001518004031,0.0955654723338,0.1255749639665,86.6763104999238,15.1439384097487
19885,3.4292368112550,0.1001518004031,0.0954299060285,0.1255277806868,86.6763104999238,15.1439384097487
19887,3.4291821893925,0.1001049663829,0.0954577480082,0.1255168796323,86.6763104999238,15.1439384097487
19888,3.4291361718998,0.1001518004031,0.0948270212084,0.1253110406395,86.6763104999238,15.1439384097487
19889,3.4290255755274,0.1000711341610,0.0942198773238,0.1250580673599,86.6763104999238,15.1439384097487
19890,3.4290819866952,0.1000243001407,0.0941054443292,0.1249979249246,86.6763104999238,15.1439384097487
19891,3.4291138449598,0.0999066669211,0.0941806000691,0.1249748028156,83.2439286041268,15.1439384097487
19893,3.4291526931516,0.0998900675913,0.0941200428323,0.1249466109318,83.2439286041268,15.1439384097487
19901,3.4292093407631,0.0998147453087,0.0941736575652,0.1249342796324,83.2439286041268,15.1439384097487
19902,3.4291503069974,0.0998197476955,0.0941125435980,0.1249137617718,83.2439286041268,15.1439384097487
19908,3.4291111386291,0.0995616124152,0.0943889080987,0.1249012797435,83.2439286041268,15.1439384097487
19909,3.4292799585409,0.0995511283379,0.0943724211624,0.1248932871664,83.2439286041268,15.1439384097487
19931,3.4292248445398,0.0993263459759,0.0942650314366,0.1247578185355,83.2439286041268,15.1439384097487
19932,3.4291324709240,0.0993263459759,0.0941191098456,0.1247043966011,83.2439286041268,15.1439384097487
19936,3.4291725804732,0.0993427910471,0.0940338028027,0.1246815452352,83.2439286041268,15.1439384097487
19937,3.4289919667756,0.0993427910471,0.0940048148136,0.1246686367102,83.2439286041268,15.1439384097487
19939,3.4290408418611,0.0992669729332,0.0940282332107,0.1246451985253,83.2439286041268,15.1439384097487
19940,3.4289942681802,0.0993138069534,0.0938226626864,0.1245911931893,83.2439286041268,15.1439384097487
19941,3.4289770207011,0.0993138069534,0.0936705650130,0.1245366285410,83.2439286041268,15.1439384097487
19942,3.4290142996959,0.0992719918477,0.0936596950982,0.1245153531643,83.2439286041268,15.1439384097487
19944,3.4289149959806,0.0992719918477,0.0936459608309,0.1245090429279,83.2439286041268,15.1439384097487
19945,3.4288325433237,0.0992719918477,0.0935824869414,0.1244852069821,83.2439286041268,15.1439384097487
19951,3.4286739742319,0.0988722581686,0.0939659697078,0.1244486069370,83.2439286041268,15.1439384097487
19953,3.4286733114728,0.0988722581686,0.0939471771387,0.1244418859272,83.2439286041268,15.1439384097487
19974,3.4295714900694,0.0983007079281,0.0944206650235,0.1243787478071,83.2439286041268,15.1439384097487
19975,3.4296727919677,0.0983007079281,0.0943804545150,0.1243658203263,83.2439286041268,15.1439384097487
19979,3.4296426715207,0.0981835374843,0.0944986269335,0.1243573826547,81.5790500320443,15.1439384097487
19980,3.4297014443658,0.0982303715046,0.0943684856774,0.1243318069894,81.5790500320443,15.1439384097487
19981,3.4299214702061,0.0982772055248,0.0942476751543,0.1243118454479,81.5790500320443,15.1439384097487
19982,3.4299623993394,0.0982443153824,0.0942198346912,0.1242883857945,81.5790500320443,15.1439384097487
20013,3.4306000871337,0.0980662127820,0.0937999843160,0.1240711327857,81.5790500320443,15.1439384097487
25808,3.4827896674379,0.0404899690244,0.1409921609389,0.1169884276067,10.3905458810971,15.1439384097487
25809,3.4827548662741,0.0404899690244,0.1409005374662,0.1169552125037,10.3905458810971,15.1439384097487
25812,3.4826940657732,0.0404190155664,0.1409169386103,0.1169298011073,10.3905458810971,15.1439384097487
30217,3.5128449727463,0.0158781597510,0.1374567267280,0.1056031348286,2.1491774167062,15.1439384097487
30218,3.5129537226747,0.0157620856454,0.1371544983985,0.1054469888984,2.1491774167062,15.1439384097487
30220,3.5129798057434,0.0156444524257,0.1371160036534,0.1053831956119,2.1491774167062,15.1439384097487
30221,3.5128915650882,0.0156742078125,0.1369677541221,0.1053417530600,2.1491774167062,15.1439384097487
30222,3.5129105583364,0.0157210418328,0.1368238731849,0.1053107074871,2.1491774167062,15.1439384097487
30223,3.5129903070629,0.0157210418328,0.1367972441562,0.1053023255588,2.1491774167062,15.1439384097487
30233,3.5134330724147,0.0157216753950,0.1076843931119,0.0949114153841,2.1491774167062,15.1439384097487
30234,3.5134416216853,0.0157216753950,0.1076776807197,0.0949091390727,2.1491774167062,15.1439384097487
30238,3.5133517744722,0.0156980187331,0.1076331146817,0.0948818127291,2.1491774167062,15.1439384097487
30239,3.5133786655603,0.0156925370427,0.1076291954366,0.0948784442099,2.1491774167062,15.1439384097487
30249,3.5131604163542,0.0157951300464,0.1075003376529,0.0948733037914,2.1491774167062,15.1439384097487
30257,3.5129365338659,0.0158320970239,0.1071150826289,0.0947483877796,2.1491774167062,15.1439384097487
30259,3.5131735496434,0.0157144638043,0.1071625459039,0.0947182784696,2.1491774167062,15.1439384097487
30260,3.5133196230720,0.0157144638043,0.1056095366805,0.0941656992477,2.1491774167062,15.1439384097487
30277,3.5135142838755,0.0157635070284,0.1054827991467,0.0941442088046,2.0640699910046,15.1439384097487
30278,3.5134879931597,0.0158007825232,0.1053537528816,0.0941137240530,2.0640699910046,15.1439384097487
30279,3.5134417510308,0.0158237890951,0.1052818481207,0.0940972494177,2.0640699910046,15.1439384097487
30280,3.5134010788653,0.0158237890951,0.1052469003435,0.0940841925602,2.0640699910046,15.1439384097487
30282,3.5134685535131,0.0158237890951,0.1050956791948,0.0940311397689,2.0640699910046,15.1439384097487
30284,3.5132410354856,0.0158237890951,0.1050715259720,0.0940192942530,2.0640699910046,15.1439384097487
30285,3.5134099640011,0.0158237890951,0.1050460481068,0.0940125853426,2.0640699910046,15.1439384097487
30291,3.5134490911649,0.0158237890951,0.1050383411042,0.0940103864885,2.0640699910046,15.1439384097487
30332,3.5142857241409,0.0157869763763,0.1049171428423,0.0939631628160,2.0640699910046,15.1439384097487
30333,3.5142218275786,0.0157819739894,0.1049156970731,0.0939595984577,2.0640699910046,15.1439384097487
30334,3.5141899323265,0.0157819739894,0.1048759106789,0.0939449377155,2.0640699910046,15.1439384097487
30336,3.5142643099819,0.0157819739894,0.1048100681908,0.0939224749800,2.0640699910046,15.1439384097487
30337,3.5142311012378,0.0157819739894,0.1047896452081,0.0939147111561,2.0640699910046,15.1439384097487
30343,3.5142559020067,0.0157401588837,0.1047702281761,0.0938902066715,2.0640699910046,15.1439384097487
30357,3.5145147202445,0.0157147888493,0.1047889185918,0.0938896712088,2.0227885911845,15.1439384097487
30361,3.5143856630828,0.0157255979714,0.1047113152610,0.0938647620642,2.0227885911845,15.1439384097487
30393,3.5143406206924,0.0155010029235,0.1047346314182,0.0937761968959,2.0227885911845,15.1439384097487
30407,3.5143995566975,0.0153529642271,0.1047788131170,0.0937293648589,2.0227885911845,15.1439384097487
30408,3.5143886951407,0.0153767916754,0.1046191031987,0.0936823836756,2.0227885911845,15.1439384097487
30409,3.5144043518330,0.0153299576551,0.1045811822655,0.0936489903034,2.0227885911845,15.1439384097487
30426,3.5143525877268,0.0154129377766,0.1044207649377,0.0936265288512,2.0227885911845,15.1439384097487
30431,3.5142944993481,0.0154981436297,0.1042832415056,0.0936131081872,1.9426861629736,15.1439384097487
30432,3.5143121672508,0.0153805104101,0.1043317682168,0.0935802749181,1.9426861629736,15.1439384097487
30494,3.5142837404551,0.0151249424340,0.1045398600542,0.0935446620616,1.9426861629736,15.1439384097487
30495,3.5142167416831,0.0151717764542,0.1043804424464,0.0935068508966,1.9426861629736,15.1439384097487
30507,3.5143353465821,0.0152701383643,0.1042271100882,0.0934959226957,1.9426861629736,15.1439384097487
30573,3.5139370115965,0.0150292194483,0.1045305062631,0.0934953910951,1.9038324397142,15.1439384097487
30574,3.5139641970344,0.0150292194483,0.1044855120662,0.0934797064112,1.9038324397142,15.1439384097487
30576,3.5139936400807,0.0150292194483,0.1044791343998,0.0934778452904,1.9038324397142,15.1439384097487
30582,3.5139900416494,0.0150024445585,0.1044462423001,0.0934545722415,1.9038324397142,15.1439384097487
30583,3.5140115820133,0.0149161258396,0.1044841164286,0.0934314097741,1.9038324397142,15.1439384097487
30584,3.5140925399726,0.0149161258396,0.1043943517116,0.0934004964963,1.9038324397142,15.1439384097487
30648,3.5137238958409,0.0148476405196,0.1043697630285,0.0933571476825,1.8284406751015,15.1439384097487
30649,3.5137086480147,0.0148476405196,0.1042549263190,0.0933159188162,1.8284406751015,15.1439384097487
30651,3.5137551053632,0.0148008064993,0.1041616458731,0.0932631900167,1.8284406751015,15.1439384097487
30664,3.5139272388734,0.0147342549214,0.1040972462427,0.0932141037215,1.8284406751015,15.1439384097487
30681,3.5131659512424,0.0148695672812,0.0840832645462,0.0861134719580,1.8284406751015,15.1439384097487
30682,3.5133131583015,0.0148695672812,0.0840334739133,0.0860977725591,1.8284406751015,15.1439384097487
30683,3.5133416059370,0.0148429301223,0.0840413351822,0.0860895667620,1.8284406751015,15.1439384097487
30684,3.5133828944328,0.0148429301223,0.0834853425537,0.0858915821956,1.8284406751015,15.1439384097487
30685,3.5134197121222,0.0148429301223,0.0833274570300,0.0858357154764,1.8284406751015,15.1439384097487
30690,3.5133093364601,0.0147791551996,0.0833402591740,0.0858113937527,1.7918718615994,15.1439384097487
30691,3.5133178894436,0.0147207407640,0.0833515433613,0.0857905100856,1.7918718615994,15.1439384097487
30692,3.5134470541642,0.0146941036051,0.0833589168726,0.0857835552294,1.7918718615994,15.1439384097487
30694,3.5136879654271,0.0146941036051,0.0832272110074,0.0857399262987,1.7918718615994,15.1439384097487
32088,3.5142621978894,0.0120755083626,0.0834041387558,0.0846889850272,1.1033994579169,15.1439384097487
32091,3.5144169889111,0.0120340017742,0.0833710264774,0.0846615609582,1.1033994579169,15.1439384097487
32092,3.5145217823763,0.0120086317397,0.0833847417384,0.0846570692143,1.1033994579169,15.1439384097487
32093,3.5143899374463,0.0120432517824,0.0833031788621,0.0846409111798,1.1033994579169,15.1439384097487
32094,3.5144479151834,0.0121187448513,0.0825746084470,0.0844138820136,1.1033994579169,15.1439384097487
32095,3.5144791760048,0.0121140509818,0.0824967099795,0.0843844918125,1.1033994579169,15.1439384097487
32097,3.5144725601138,0.0121394210163,0.0824277516587,0.0843706430983,1.1033994579169,15.1439384097487
32098,3.5145262579982,0.0121394210163,0.0808882530328,0.0838215819820,1.1033994579169,15.1439384097487
32101,3.5145521300706,0.0120385579128,0.0808958859518,0.0837814470682,1.1033994579169,15.1439384097487
32102,3.5144955324190,0.0120385579128,0.0806464018878,0.0836915447638,1.1033994579169,15.1439384097487
32103,3.5145273758125,0.0119917238926,0.0806883651922,0.0836869105172,1.1033994579169,15.1439384097487
32104,3.5144858456559,0.0119448898723,0.0806742548499,0.0836612117373,1.1033994579169,15.1439384097487
32313,3.5136728798297,0.0111003018665,0.0807958501780,0.0833311689400,0.9973857171889,15.1439384097487
32314,3.5136271969395,0.0111003018665,0.0807910887135,0.0833288220071,0.9973857171889,15.1439384097487
32414,3.5150929459686,0.0115059800119,0.0802214403786,0.0833199784862,0.9774380028451,15.1439384097487
32420,3.5151058064118,0.0115059800119,0.0802092295606,0.0833157994541,0.9774380028451,15.1439384097487
32431,3.5151733666823,0.0113938119549,0.0802620810940,0.0832875589507,0.9774380028451,15.1439384097487
32432,3.5153261436494,0.0114320130014,0.0802083511216,0.0832869033358,0.9774380028451,15.1439384097487
32900,3.5211696783514,0.0095813833023,0.0820653211397,0.0832396655244,0.8149367474931,15.1439384097487
32909,3.5210562631586,0.0096369880272,0.0809815668014,0.0828748361826,0.8149367474931,15.1439384097487
32943,3.5211036432471,0.0099040317431,0.0805497205769,0.0828357231200,0.8149367474931,15.1439384097487
32944,3.5209771122773,0.0099402108997,0.0804387231745,0.0828097961387,0.8149367474931,15.1439384097487
32945,3.5209642691228,0.0099516535841,0.0803987287825,0.0828002347051,0.8149367474931,15.1439384097487
32952,3.5211195112191,0.0098327862955,0.0804654506879,0.0827753174986,0.8149367474931,15.1439384097487
33002,3.5216694093461,0.0099709248937,0.0801360264814,0.0827246492743,0.7826652522924,15.1439384097487
33004,3.5216112107654,0.0099859651096,0.0798471784002,0.0826271115461,0.7826652522924,15.1439384097487
33022,3.5219220405444,0.0099624627063,0.0798113578374,0.0826086442500,0.7826652522924,15.1439384097487
33023,3.5219838150386,0.0099247079080,0.0797825142978,0.0825830364629,0.7826652522924,15.1439384097487
33024,3.5221442916203,0.0099715419282,0.0796484593706,0.0825575021590,0.7826652522924,15.1439384097487
33067,3.5219735933311,0.0098913384620,0.0795751356391,0.0824945268286,0.7670119472465,15.1439384097487
33068,3.5220108335695,0.0099159372033,0.0793742834023,0.0824338631515,0.7670119472465,15.1439384097487
33099,3.5225765262011,0.0094338073818,0.0797221408991,0.0823594754183,0.7670119472465,15.1439384097487
33100,3.5224055799608,0.0094320940093,0.0797262513929,0.0823577902714,0.7670119472465,15.1439384097487
33102,3.5223680433049,0.0094206678526,0.0796486248479,0.0823246384399,0.7670119472465,15.1439384097487
33103,3.5225505085562,0.0093738338323,0.0796388291505,0.0823036501246,0.7670119472465,15.1439384097487
33105,3.5224444948432,0.0093807203781,0.0796185615931,0.0822978630011,0.7670119472465,15.1439384097487
33106,3.5224964068226,0.0093807203781,0.0796081403576,0.0822948756823,0.7670119472465,15.1439384097487
38297,3.5428409412217,0.0040332680320,0.0677597806968,0.0760594271686,0.1195641807528,15.1439384097487
38342,3.5426001893115,0.0042209291579,0.0675288519526,0.0760539721905,0.1171728971378,15.1439384097487
38343,3.5426401838704,0.0042522601863,0.0674144416978,0.0760271048892,0.1171728971378,15.1439384097487
38344,3.5426350316629,0.0042054261661,0.0673429470652,0.0759814264655,0.1171728971378,15.1439384097487
38345,3.5426769400738,0.0041963469442,0.0672770407818,0.0759545904133,0.1171728971378,15.1439384097487
38351,3.5426750182653,0.0041850585184,0.0672775711145,0.0759499147276,0.1171728971378,15.1439384097487
38352,3.5427740739641,0.0040907569158,0.0673082696196,0.0759218651383,0.1171728971378,15.1439384097487
38353,3.5427341177787,0.0040907569158,0.0672365205116,0.0758956750796,0.1171728971378,15.1439384097487
38365,3.5430412736599,0.0040692764023,0.0669335972651,0.0757826285066,0.1171728971378,15.1439384097487
40837,3.5505309864898,0.0041097527635,0.0647778199552,0.0751360339857,0.0481697617853,15.1439384097487
40838,3.5508224852300,0.0041565867838,0.0642131377508,0.0749585581804,0.0481697617853,15.1439384097487
40839,3.5509228109712,0.0042034208040,0.0639526802472,0.0748870289689,0.0481697617853,15.1439384097487
40849,3.5506489865151,0.0043042839074,0.0633444221162,0.0747091463687,0.0481697617853,15.1439384097487
40850,3.5506100426522,0.0042574498872,0.0633889819686,0.0747044378257,0.0481697617853,15.1439384097487
40851,3.5506552163037,0.0043042839074,0.0632832834264,0.0746873992735,0.0481697617853,15.1439384097487
40852,3.5505801871400,0.0042746662515,0.0631240900691,0.0746167895643,0.0481697617853,15.1439384097487
40925,3.5517770679211,0.0037720475792,0.0636008639309,0.0745885937239,0.0472063665496,15.1439384097487
40983,3.5529689580305,0.0032902428026,0.0640828114395,0.0745710952380,0.0453369944342,15.1439384097487
40984,3.5530387298047,0.0032902428026,0.0640481826858,0.0745597150919,0.0453369944342,15.1439384097487
40986,3.5528198263911,0.0033344048431,0.0639595451487,0.0745438879488,0.0453369944342,15.1439384097487
41058,3.5529179576338,0.0036230668034,0.0632055202745,0.0743996941701,0.0453369944342,15.1439384097487
41060,3.5530340888326,0.0035894053678,0.0631192430654,0.0743560978002,0.0453369944342,15.1439384097487
41061,3.5530476800984,0.0035425713476,0.0630502132617,0.0743115648915,0.0453369944342,15.1439384097487
41630,3.5549487499358,0.0033299368522,0.0631528465626,0.0742839905832,0.0370436252982,15.1439384097487
41633,3.5550652395736,0.0033565740112,0.0629459731435,0.0742231714651,0.0370436252982,15.1439384097487
41634,3.5550236875961,0.0033097399909,0.0627689997008,0.0741393069835,0.0370436252982,15.1439384097487
42561,3.5557216655823,0.0038020784278,0.0619152870734,0.0740552881455,0.0262758497223,15.1439384097487
42611,3.5559887908495,0.0038577162081,0.0617765227512,0.0740333540267,0.0257503327278,15.1439384097487
42612,3.5561279469369,0.0038577162081,0.0615077543144,0.0739393343485,0.0257503327278,15.1439384097487
42633,3.5564616624439,0.0037884595950,0.0614909320061,0.0739083670277,0.0257503327278,15.1439384097487
42638,3.5565494277161,0.0037848620635,0.0614017815383,0.0738762276485,0.0257503327278,15.1439384097487
42639,3.5564384489214,0.0037798596767,0.0613531697212,0.0738551520626,0.0257503327278,15.1439384097487
42641,3.5564142661364,0.0038000565380,0.0612823161954,0.0738381608449,0.0257503327278,15.1439384097487
42816,3.5584993923055,0.0039001648760,0.0610702200753,0.0738348201997,0.0242360071608,15.1439384097487
43356,3.5566083962622,0.0040701138063,0.0608695909246,0.0738092447201,0.0198025823986,15.1439384097487
43361,3.5566908651146,0.0040618224052,0.0607775919196,0.0737740014037,0.0198025823986,15.1439384097487
43363,3.5567857828368,0.0040691882545,0.0607389843370,0.0737647128533,0.0198025823986,15.1439384097487
43477,3.5566251306933,0.0040218749307,0.0607292112465,0.0737386721080,0.0190184001356,15.1439384097487
43490,3.5567353248550,0.0040674418265,0.0604317262421,0.0736535153732,0.0190184001356,15.1439384097487
43893,3.5543133551219,0.0041305831871,0.0604144090247,0.0736401205263,0.0161801515840,15.1439384097487
43894,3.5543262379969,0.0041305831871,0.0601765633944,0.0735553579501,0.0161801515840,15.1439384097487
43899,3.5544480293110,0.0041215039652,0.0601716964322,0.0735514519932,0.0161801515840,15.1439384097487
44953,3.5572197595962,0.0039822359735,0.0601832794980,0.0735351223182,0.0112473950247,15.1439384097487
44954,3.5572006640046,0.0039354019532,0.0602329690600,0.0735325266660,0.0112473950247,15.1439384097487
44971,3.5568852784624,0.0040257644518,0.0601279966555,0.0735293006223,0.0112473950247,15.1439384097487
44973,3.5568876813341,0.0040481705170,0.0600215105477,0.0735009064694,0.0112473950247,15.1439384097487
44974,3.5568640194069,0.0040206078063,0.0599932447768,0.0734786641462,0.0112473950247,15.1439384097487
45113,3.5561206491667,0.0038675832508,0.0601781545168,0.0734686027476,0.0105859582181,15.1439384097487
45114,3.5561832225677,0.0038675832508,0.0600715638108,0.0734314200478,0.0105859582181,15.1439384097487
45117,3.5559645807923,0.0039612512913,0.0599472162146,0.0734240598714,0.0105859582181,15.1439384097487
45118,3.5558909810225,0.0039562489045,0.0599445221145,0.0734199123810,0.0105859582181,15.1439384097487
45203,3.5551016276919,0.0037305244630,0.0601080733490,0.0733704151930,0.0103742390537,15.1439384097487
46405,3.5572260859447,0.0034553105493,0.0597726874699,0.0731627466437,0.0067874061993,15.1439384097487
46595,3.5565764879660,0.0033873210605,0.0598769619098,0.0731616573949,0.0062604873672,15.1439384097487
46596,3.5565862128406,0.0033873210605,0.0598298369044,0.0731449646422,0.0062604873672,15.1439384097487
46598,3.5567269595874,0.0034202112030,0.0597368668444,0.0731278483817,0.0062604873672,15.1439384097487
46599,3.5567450298544,0.0034111319811,0.0597364965793,0.0731240807421,0.0062604873672,15.1439384097487
46602,3.5569198771386,0.0034184978304,0.0596822051920,0.0731103218309,0.0062604873672,15.1439384097487
46603,3.5569370709981,0.0033857619466,0.0597009977611,0.0731032470902,0.0062604873672,15.1439384097487
46612,3.5566277863911,0.0033874753192,0.0597092137596,0.0731025393214,0.0062604873672,15.1439384097487
46619,3.5562357314937,0.0033805887734,0.0597140685214,0.0730957742376,0.0062604873672,15.1439384097487
46621,3.5564176615751,0.0033805887734,0.0597020738986,0.0730940647422,0.0062604873672,15.1439384097487
46622,3.5563737198223,0.0033337547532,0.0597018618339,0.0730732955090,0.0062604873672,15.1439384097487
46625,3.5564212796538,0.0032956914376,0.0596796280295,0.0730497149835,0.0062604873672,15.1439384097487
46642,3.5563366526916,0.0032613964399,0.0597102147025,0.0730447434732,0.0061352776199,15.1439384097487
46643,3.5562170023398,0.0032613964399,0.0596796244289,0.0730321253310,0.0061352776199,15.1439384097487
46648,3.5561522190504,0.0032781665560,0.0596550893415,0.0730296333133,0.0061352776199,15.1439384097487
48289,3.5574269584054,0.0035699963273,0.0591466683752,0.0729911617752,0.0034149976905,15.1439384097487
48290,3.5575220239826,0.0035587079016,0.0591256816374,0.0729801737865,0.0034149976905,15.1439384097487
48291,3.5575157045248,0.0034523631077,0.0591628797752,0.0729477930756,0.0034149976905,15.1439384097487
48292,3.5575730552468,0.0034276266354,0.0591808767099,0.0729444307159,0.0034149976905,15.1439384097487
48294,3.5575054904418,0.0033807926152,0.0590977200739,0.0728937041569,0.0034149976905,15.1439384097487
48299,3.5575092442141,0.0033561938738,0.0591199385909,0.0728911501394,0.0034149976905,15.1439384097487
48381,3.5583339244780,0.0034407496370,0.0589801134022,0.0728891199267,0.0033466977367,15.1439384097487
48401,3.5580335093119,0.0035677540680,0.0588295116301,0.0728855131956,0.0033466977367,15.1439384097487
49093,3.5602935594658,0.0034145587262,0.0588578102717,0.0728619442651,0.0026262096833,15.1439384097487
49225,3.5606455804451,0.0033248793731,0.0587620656281,0.0727942968143,0.0025222117798,15.1439384097487
49227,3.5606629676625,0.0033143787681,0.0585776943848,0.0727241957104,0.0025222117798,15.1439384097487
49228,3.5606586621301,0.0032905678476,0.0585432945053,0.0727016444359,0.0025222117798,15.1439384097487
50420,3.5624036377724,0.0036913978648,0.0579479915744,0.0726855118279,0.0016501717168,15.1439384097487
52406,3.5651511889246,0.0039514007763,0.0574719430507,0.0726658019820,0.0008302630543,15.1439384097487
52407,3.5651839150358,0.0038821606909,0.0574180549017,0.0726173449645,0.0008302630543,15.1439384097487
52587,3.5654859215295,0.0038979721999,0.0573213996844,0.0725938749766,0.0007814369446,15.1439384097487
52659,3.5657962369806,0.0037651279780,0.0573340507700,0.0725458509264,0.0007658082057,15.1439384097487
52660,3.5659584131041,0.0037651279780,0.0572803716387,0.0725289745894,0.0007658082057,15.1439384097487
52817,3.5646869650020,0.0039300745215,0.0571021860756,0.0725180373585,0.0007207725568,15.1439384097487
52820,3.5647925263210,0.0039524805867,0.0570431788088,0.0725080596197,0.0007207725568,15.1439384097487
52821,3.5647166017429,0.0039297660042,0.0569333404556,0.0724580224876,0.0007207725568,15.1439384097487
52831,3.5645664364954,0.0037028074937,0.0571734893043,0.0724443971723,0.0007207725568,15.1439384097487
52832,3.5646464095608,0.0036664575507,0.0571801026495,0.0724323121478,0.0007207725568,15.1439384097487
52884,3.5645499213483,0.0033859657883,0.0569416484725,0.0722255738847,0.0006922299635,15.1439384097487
52885,3.5644953344072,0.0033768865664,0.0568965544881,0.0722048053936,0.0006922299635,15.1439384097487
54440,3.5682839663648,0.0037555694525,0.0562412500942,0.0721866696640,0.0004093816405,15.1439384097487
54443,3.5683594820314,0.0037894182021,0.0561071107644,0.0721543379091,0.0004093816405,15.1439384097487
54448,3.5683505079903,0.0038096150635,0.0559835738056,0.0721187463824,0.0004093816405,15.1439384097487
54582,3.5678048772902,0.0037504128071,0.0559600289817,0.0720772444832,0.0003931701276,15.1439384097487
54583,3.5676975080797,0.0037302159458,0.0558576246423,0.0720304964400,0.0003931701276,15.1439384097487
54584,3.5675839155431,0.0037302159458,0.0558617283715,0.0720303547308,0.0003931701276,15.1439384097487
54588,3.5674803839286,0.0036703801272,0.0559354706793,0.0720295823816,0.0003931701276,15.1439384097487
54976,3.5692685391080,0.0031789837697,0.0564173445576,0.0720163840324,0.0003413210266,15.1439384097487
54977,3.5692628303565,0.0031774246558,0.0564050918042,0.0720112590789,0.0003413210266,15.1439384097487
54979,3.5693021102388,0.0031659819714,0.0563833620831,0.0719991502644,0.0003413210266,15.1439384097487
55006,3.5693651288065,0.0031623844399,0.0562412480095,0.0719477451474,0.0003413210266,15.1439384097487
55007,3.5693631802131,0.0031155504197,0.0562382835303,0.0719265871094,0.0003413210266,15.1439384097487
58827,3.5733372607865,0.0029002219076,0.0562891531854,0.0719087041693,0.0000995299213,15.1439384097487
58829,3.5734672646005,0.0029093011295,0.0562474056452,0.0718995249739,0.0000995299213,15.1439384097487
59080,3.5745867969271,0.0029888545059,0.0560837858082,0.0718910249294,0.0000918032303,15.1439384097487
59098,3.5749248138867,0.0028989382555,0.0560513186323,0.0718456768909,0.0000918032303,15.1439384097487
59103,3.5749797442323,0.0029457722757,0.0559259092917,0.0718217368244,0.0000918032303,15.1439384097487
59104,3.5750289771400,0.0029548514976,0.0558966170728,0.0718158630551,0.0000918032303,15.1439384097487
59111,3.5750716539911,0.0028564895876,0.0559971058177,0.0718102006628,0.0000918032303,15.1439384097487
59112,3.5750271104608,0.0028564895876,0.0559070533767,0.0717774087887,0.0000918032303,15.1439384097487
59473,3.5758785263062,0.0027750355247,0.0559422534889,0.0717671188505,0.0000829828491,15.1439384097487
59476,3.5759227070852,0.0028320451049,0.0558544030071,0.0717608015107,0.0000829828491,15.1439384097487
59539,3.5766963773594,0.0026540967631,0.0560274993175,0.0717573054291,0.0000796967283,15.1439384097487
59558,3.5769541821459,0.0025422537511,0.0560786929994,0.0717313040879,0.0000796967283,15.1439384097487
59575,3.5774010386840,0.0025657561544,0.0560141621711,0.0717246528122,0.0000796967283,15.1439384097487
59577,3.5772208107911,0.0027043740562,0.0558049948894,0.0717068076711,0.0000796967283,15.1439384097487
63433,3.5884538063928,0.0028986132106,0.0551198266704,0.0717042962231,0.0000278738160,15.1439384097487
63441,3.5886146453765,0.0028810718013,0.0551065550601,0.0716943144763,0.0000278738160,15.1439384097487
63457,3.5890450426378,0.0029396570231,0.0549673283675,0.0716757887022,0.0000278738160,15.1439384097487
63472,3.5890004889892,0.0028928230029,0.0549776018003,0.0716587556312,0.0000278738160,15.1439384097487
63598,3.5887264932756,0.0028582525433,0.0550199295910,0.0716551797671,0.0000267700129,15.1439384097487
63603,3.5887732032847,0.0028201727000,0.0550588738362,0.0716534294367,0.0000267700129,15.1439384097487
63613,3.5887892182073,0.0028201727000,0.0549881578172,0.0716284003258,0.0000267700129,15.1439384097487
63731,3.5886008599863,0.0030211110861,0.0547497631352,0.0716267105629,0.0000262346126,15.1439384097487
64623,3.5897987699339,0.0029686245891,0.0547502375944,0.0716213361451,0.0000210068768,15.1439384097487
64661,3.5897994921977,0.0029811470839,0.0547213633440,0.0716164009163,0.0000210068768,15.1439384097487
64662,3.5897588802864,0.0030008811693,0.0546982137008,0.0716160159960,0.0000210068768,15.1439384097487
64820,3.5899619893513,0.0031924648717,0.0543826120829,0.0715882824131,0.0000201750045,15.1439384097487
64840,3.5901733876615,0.0030390987435,0.0545397166813,0.0715816541295,0.0000201750045,15.1439384097487
64841,3.5902089564326,0.0031122448777,0.0544467538848,0.0715803047697,0.0000201750045,15.1439384097487
64849,3.5901356541683,0.0030920480164,0.0544602644824,0.0715754369633,0.0000201750045,15.1439384097487
64850,3.5901472603446,0.0030452139962,0.0545071465167,0.0715722730506,0.0000201750045,15.1439384097487
64853,3.5902804705846,0.0030541389594,0.0544645902618,0.0715627842884,0.0000201750045,15.1439384097487
64854,3.5902328084302,0.0030073049392,0.0544076971087,0.0715217191659,0.0000201750045,15.1439384097487
64855,3.5901934778638,0.0030193646581,0.0542584163241,0.0714730165261,0.0000201750045,15.1439384097487
64873,3.5902164444256,0.0030193646581,0.0542408146348,0.0714670551838,0.0000201750045,15.1439384097487
64883,3.5901951165598,0.0030193646581,0.0541896760370,0.0714484896110,0.0000201750045,15.1439384097487
64884,3.5901723223555,0.0030658901611,0.0541346532790,0.0714484555908,0.0000201750045,15.1439384097487
64894,3.5902763292794,0.0029958622548,0.0542108099560,0.0714471141352,0.0000201750045,15.1439384097487
64952,3.5904138413574,0.0028915393508,0.0543085652055,0.0714392626950,0.0000197715044,15.1439384097487
64968,3.5905156951871,0.0028865204362,0.0542779169418,0.0714276071480,0.0000197715044,15.1439384097487
64974,3.5905877530443,0.0028447053305,0.0542674957063,0.0714069841325,0.0000197715044,15.1439384097487
64976,3.5903980079390,0.0028342212533,0.0542351815770,0.0713882653155,0.0000197715044,15.1439384097487
64977,3.5904355290202,0.0028342212533,0.0542279156336,0.0713862012565,0.0000197715044,15.1439384097487
65031,3.5907124415217,0.0027551141252,0.0542971749418,0.0713809519622,0.0000193760743,15.1439384097487
65032,3.5906166464490,0.0027551141252,0.0542959266111,0.0713791506359,0.0000193760743,15.1439384097487
65034,3.5906067297283,0.0027585573980,0.0542557637343,0.0713661421188,0.0000193760743,15.1439384097487
65035,3.5905205183862,0.0028053914183,0.0541340173992,0.0713415131230,0.0000193760743,15.1439384097487
65064,3.5905692774946,0.0027900426851,0.0540393136188,0.0713018022539,0.0000193760743,15.1439384097487
65072,3.5904268442980,0.0027339751844,0.0541062216196,0.0712996536194,0.0000193760743,15.1439384097487
65074,3.5904224007957,0.0027339751844,0.0540856101090,0.0712922294904,0.0000193760743,15.1439384097487
65781,3.5896138120593,0.0026837144190,0.0541522736285,0.0712830560857,0.0000164844476,15.1439384097487
65782,3.5896983586450,0.0026971789932,0.0540926395663,0.0712687250667,0.0000164844476,15.1439384097487
65788,3.5895011526403,0.0026971789932,0.0540929601189,0.0712660490980,0.0000164844476,15.1439384097487
65821,3.5894504994435,0.0027499740074,0.0539988823273,0.0712543595820,0.0000161547586,15.1439384097487
65889,3.5894847471364,0.0027498032211,0.0539811766162,0.0712484475222,0.0000161547586,15.1439384097487
65909,3.5895406548560,0.0027498032211,0.0539651954906,0.0712435310678,0.0000161547586,15.1439384097487
65920,3.5894642806591,0.0027665568096,0.0539424612758,0.0712415111250,0.0000158316634,15.1439384097487
66178,3.5894409566612,0.0026141492886,0.0541044140188,0.0712337038483,0.0000149006350,15.1439384097487
66203,3.5894998079033,0.0026728887691,0.0539607293028,0.0712083946825,0.0000149006350,15.1439384097487
66277,3.5894020268361,0.0027062582151,0.0538683021163,0.0711883025687,0.0000149006350,15.1439384097487
66372,3.5892837785301,0.0026929644272,0.0538578213571,0.0711771888971,0.0000146026223,15.1439384097487
66387,3.5892010257061,0.0027397984474,0.0537585128675,0.0711606223555,0.0000146026223,15.1439384097487
66518,3.5892166282265,0.0026726133073,0.0538308108452,0.0711578702049,0.0000140243584,15.1439384097487
66531,3.5891730308015,0.0026428413927,0.0538577203072,0.0711541044345,0.0000140243584,15.1439384097487
66546,3.5891642463415,0.0026428413927,0.0538348176832,0.0711458006263,0.0000140243584,15.1439384097487
66576,3.5891721056224,0.0026545760667,0.0538117178741,0.0711426910488,0.0000140243584,15.1439384097487
66682,3.5888485534305,0.0027308569565,0.0537294861164,0.0711414361320,0.0000134689938,15.1439384097487
66733,3.5888097925207,0.0027040820666,0.0537168260208,0.0711248912522,0.0000134689938,15.1439384097487
66756,3.5888392256585,0.0027283557631,0.0536721385773,0.0711197509406,0.0000134689938,15.1439384097487
66757,3.5888401464371,0.0027751897833,0.0536051106654,0.0711158971526,0.0000134689938,15.1439384097487
66807,3.5889293433929,0.0027280637735,0.0536445062506,0.0711110322741,0.0000134689938,15.1439384097487
66825,3.5888497643617,0.0026917138305,0.0536551233074,0.0710981194951,0.0000131996140,15.1439384097487
66829,3.5888724477514,0.0026589779467,0.0536643449194,0.0710877042319,0.0000131996140,15.1439384097487
66843,3.5888952327911,0.0026791748080,0.0535363925649,0.0710509851669,0.0000131996140,15.1439384097487
66861,3.5889012210692,0.0026323407878,0.0535598057536,0.0710393600308,0.0000131996140,15.1439384097487
66865,3.5888748609907,0.0026323407878,0.0535232748194,0.0710259402753,0.0000131996140,15.1439384097487
66920,3.5888467671204,0.0025757939835,0.0535656728982,0.0710164505751,0.0000129356217,15.1439384097487
66930,3.5888312596809,0.0025983543073,0.0535098579240,0.0710059659368,0.0000129356217,15.1439384097487
66966,3.5888178706082,0.0026748059834,0.0534093820941,0.0710026572614,0.0000129356217,15.1439384097487
67145,3.5888835248965,0.0027147369302,0.0533550284896,0.0710012875265,0.0000126769092,15.1439384097487
67556,3.5892384657995,0.0027087759362,0.0533465884025,0.0710007408879,0.0000114589219,15.1439384097487
67782,3.5886633323712,0.0025639050509,0.0535333613570,0.0709972198928,0.0000110051486,15.1439384097487
68030,3.5893477971594,0.0026364176229,0.0533754611152,0.0709815888967,0.0000103579578,15.1439384097487
68088,3.5892790113979,0.0026721174760,0.0533097071051,0.0709724319449,0.0000103579578,15.1439384097487
68114,3.5892148476370,0.0025668690202,0.0533874485648,0.0709541823579,0.0000103579578,15.1439384097487
68189,3.5891854162756,0.0026067999670,0.0533097071051,0.0709431143620,0.0000101507987,15.1439384097487
68200,3.5891281890469,0.0026536339872,0.0532548702625,0.0709427917368,0.0000101507987,15.1439384097487
68203,3.5891179466616,0.0026536339872,0.0532241500446,0.0709316753014,0.0000101507987,15.1439384097487
68325,3.5890106588403,0.0027004680074,0.0531691785477,0.0709305962314,0.0000099477827,15.1439384097487
68361,3.5890123767332,0.0027004680074,0.0531486965090,0.0709233055256,0.0000097488270,15.1439384097487
68432,3.5891573366988,0.0026096096776,0.0532168472230,0.0709107569560,0.0000097488270,15.1439384097487
68473,3.5892159395964,0.0026096096776,0.0531381827530,0.0708834917295,0.0000097488270,15.1439384097487
68506,3.5891836754841,0.0026096096776,0.0530967415979,0.0708682347819,0.0000097488270,15.1439384097487
68864,3.5888170584946,0.0026154164130,0.0530748423598,0.0708577146205,0.0000089920077,15.1439384097487
69034,3.5888835308158,0.0026154164130,0.0530691702564,0.0708566294481,0.0000086359242,15.1439384097487
69116,3.5888816608280,0.0026450340689,0.0530238490107,0.0708531101099,0.0000086359242,15.1439384097487
69452,3.5889981209996,0.0025982000487,0.0530342248866,0.0708383919605,0.0000081280627,15.1439384097487
69529,3.5890706675290,0.0025623128815,0.0530653201313,0.0708351437191,0.0000079655015,15.1439384097487
69549,3.5890660080659,0.0025623128815,0.0530653201313,0.0708350777880,0.0000078061914,15.1439384097487
69601,3.5890258425346,0.0025886249955,0.0529826320409,0.0708162546078,0.0000078061914,15.1439384097487
69602,3.5889349173059,0.0026354590157,0.0529268102623,0.0708151033954,0.0000078061914,15.1439384097487
69683,3.5889170729668,0.0025455592931,0.0529606049683,0.0707883919845,0.0000078061914,15.1439384097487
69766,3.5886866921680,0.0025240953073,0.0529686160037,0.0707787943446,0.0000076500676,15.1439384097487
69772,3.5887259757542,0.0024896295232,0.0529817482180,0.0707692692310,0.0000076500676,15.1439384097487
69811,3.5886975904093,0.0025533713906,0.0528847672356,0.0707615494582,0.0000074970663,15.1439384097487
70006,3.5885868093084,0.0025917597511,0.0527940617166,0.0707440392394,0.0000073471249,15.1439384097487
70011,3.5885714410485,0.0025449257309,0.0528429387417,0.0707412061370,0.0000073471249,15.1439384097487
70028,3.5884946400031,0.0024980917106,0.0528300148873,0.0707154320221,0.0000073471249,15.1439384097487
70038,3.5884566471937,0.0024717795967,0.0528569789341,0.0707132478228,0.0000073471249,15.1439384097487
70057,3.5883910740308,0.0024717795967,0.0528469379433,0.0707087338988,0.0000072001824,15.1439384097487
70105,3.5885023914384,0.0024717795967,0.0528279039867,0.0707035111910,0.0000070561788,15.1439384097487
70254,3.5884888685466,0.0025450799895,0.0527368457163,0.0707022134862,0.0000069150552,15.1439384097487
70255,3.5884565183016,0.0025076502361,0.0527264852746,0.0706820142518,0.0000069150552,15.1439384097487
70262,3.5884008739162,0.0025017057698,0.0526831962776,0.0706632189030,0.0000069150552,15.1439384097487
70495,3.5884629151581,0.0025165751994,0.0526265665734,0.0706502445007,0.0000066412190,15.1439384097487
70610,3.5885077214829,0.0025165751994,0.0526214745406,0.0706490599240,0.0000065083946,15.1439384097487
70611,3.5885336710052,0.0025305190772,0.0525813782794,0.0706410829624,0.0000065083946,15.1439384097487
70871,3.5885444945279,0.0025779866596,0.0525010445711,0.0706328887540,0.0000062506622,15.1439384097487
70910,3.5884632354302,0.0025311526394,0.0525578273891,0.0706319467982,0.0000061256490,15.1439384097487
70997,3.5883691011642,0.0025621751506,0.0524877646796,0.0706188877703,0.0000061256490,15.1439384097487
71309,3.5883896618038,0.0026675778650,0.0523480263738,0.0706144447561,0.0000056501036,15.1439384097487
71344,3.5882238682064,0.0026207438448,0.0524065298869,0.0706129211766,0.0000056501036,15.1439384097487
71367,3.5883333074370,0.0026675778650,0.0523341767813,0.0706087010625,0.0000056501036,15.1439384097487
71486,3.5880183338998,0.0026207438448,0.0523166030115,0.0705778961387,0.0000055371015,15.1439384097487
71492,3.5880892893219,0.0026116480952,0.0523058861995,0.0705711745420,0.0000055371015,15.1439384097487
71618,3.5880843475040,0.0025759482421,0.0523362824558,0.0705666604843,0.0000053178323,15.1439384097487
71620,3.5880664681875,0.0025759482421,0.0522880415390,0.0705491785943,0.0000053178323,15.1439384097487
71693,3.5880946631274,0.0026227822623,0.0522036572001,0.0705395120099,0.0000053178323,15.1439384097487
71755,3.5881226543998,0.0025610788125,0.0522483781363,0.0705294355119,0.0000052114756,15.1439384097487
71770,3.5880892345910,0.0025610788125,0.0522345107163,0.0705240099738,0.0000052114756,15.1439384097487
71798,3.5880494682614,0.0026570937878,0.0521189735362,0.0705233332794,0.0000052114756,15.1439384097487
71841,3.5880350133037,0.0026102597676,0.0521398051096,0.0705104968674,0.0000052114756,15.1439384097487
71874,3.5880175120138,0.0025784659632,0.0521647069367,0.0705055168189,0.0000052114756,15.1439384097487
71992,3.5880430466054,0.0025908341993,0.0521464014851,0.0705046411430,0.0000050051012,15.1439384097487
72006,3.5881303700337,0.0025689074377,0.0521651422204,0.0705031726998,0.0000050051012,15.1439384097487
72133,3.5880495679818,0.0025689074377,0.0521544069488,0.0704981953306,0.0000049049992,15.1439384097487
72273,3.5880269855729,0.0026033732218,0.0521132070800,0.0704979326025,0.0000048068992,15.1439384097487
72296,3.5880048059598,0.0026502072421,0.0520351702661,0.0704898201948,0.0000048068992,15.1439384097487
72321,3.5879932964323,0.0026502072421,0.0520049784933,0.0704788745597,0.0000047107612,15.1439384097487
72326,3.5881922457754,0.0026845187675,0.0519083909011,0.0704618990505,0.0000047107612,15.1439384097487
72328,3.5880976539654,0.0026570937878,0.0518508001575,0.0704282388972,0.0000047107612,15.1439384097487
72385,3.5879609143000,0.0026102597676,0.0519037673307,0.0704251491647,0.0000047107612,15.1439384097487
72414,3.5879341564175,0.0026003927248,0.0518913938203,0.0704161226990,0.0000047107612,15.1439384097487
72428,3.5878826727521,0.0026003927248,0.0518633454196,0.0704053769226,0.0000046165460,15.1439384097487
72464,3.5878539038862,0.0026127609610,0.0518450399680,0.0704037328565,0.0000046165460,15.1439384097487
72519,3.5877460891342,0.0026162207615,0.0517872168351,0.0703830389377,0.0000046165460,15.1439384097487
72601,3.5874515676380,0.0025570185052,0.0518560805546,0.0703780932682,0.0000044337308,15.1439384097487
72803,3.5874317382241,0.0025067246844,0.0517736859968,0.0703268315609,0.0000043450561,15.1439384097487
72890,3.5874268991061,0.0025190929205,0.0517251887724,0.0703147433231,0.0000042581550,15.1439384097487
72995,3.5873319695738,0.0025518453320,0.0516825490735,0.0703122083605,0.0000041729919,15.1439384097487
72998,3.5872611212218,0.0025518453320,0.0516700829334,0.0703067536681,0.0000041729919,15.1439384097487
72999,3.5873344707738,0.0025656184235,0.0516082319790,0.0702916046863,0.0000041729919,15.1439384097487
73022,3.5873006003988,0.0026124524437,0.0515462390718,0.0702890568217,0.0000041729919,15.1439384097487
73058,3.5873081182183,0.0026431499100,0.0514878165061,0.0702814540533,0.0000041729919,15.1439384097487
73073,3.5873139475201,0.0026171463133,0.0515032843054,0.0702759163530,0.0000041729919,15.1439384097487
73106,3.5873490959518,0.0025703122931,0.0515430646059,0.0702705492281,0.0000040895321,15.1439384097487
73111,3.5873754347484,0.0025703122931,0.0515067569119,0.0702579548868,0.0000040895321,15.1439384097487
73127,3.5874402415967,0.0025703122931,0.0514447270855,0.0702367183899,0.0000040077414,15.1439384097487
73146,3.5873926668485,0.0025601202054,0.0514314894173,0.0702269494342,0.0000040077414,15.1439384097487
73182,3.5874452718879,0.0025703122931,0.0514028342309,0.0702218278344,0.0000040077414,15.1439384097487
73216,3.5874257450247,0.0025703122931,0.0513152664488,0.0701902773227,0.0000040077414,15.1439384097487
73270,3.5874828840492,0.0024720881139,0.0514197194837,0.0701862944146,0.0000040077414,15.1439384097487
73272,3.5874364292358,0.0025087300465,0.0513296729907,0.0701691813057,0.0000039275866,15.1439384097487
73350,3.5874375757737,0.0025110935090,0.0512252199557,0.0701329057863,0.0000039275866,15.1439384097487
73367,3.5874391737356,0.0025579275292,0.0511373152575,0.0701216055852,0.0000039275866,15.1439384097487
73369,3.5874381106083,0.0025377306679,0.0511069220040,0.0701020800109,0.0000038490349,15.1439384097487
73495,3.5873244149474,0.0025845646881,0.0510480954755,0.0700995334735,0.0000037720542,15.1439384097487
73551,3.5872142278265,0.0026075877878,0.0510163255360,0.0700964949689,0.0000037720542,15.1439384097487
73623,3.5872402955953,0.0025353672054,0.0510474347498,0.0700770225814,0.0000036966131,15.1439384097487
73786,3.5871008708713,0.0025731220037,0.0510072803643,0.0700768895067,0.0000035502272,15.1439384097487
73915,3.5872199069130,0.0025605995090,0.0509887480456,0.0700665883900,0.0000035502272,15.1439384097487
74180,3.5874947740209,0.0026533254700,0.0508505369686,0.0700608563398,0.0000033414455,15.1439384097487
74182,3.5875517908929,0.0027001594902,0.0507911902827,0.0700605396027,0.0000033414455,15.1439384097487
74200,3.5875554007461,0.0027001594902,0.0507636962417,0.0700507713816,0.0000033414455,15.1439384097487
74384,3.5877501756580,0.0027001594902,0.0507360050157,0.0700436377100,0.0000032091242,15.1439384097487
74566,3.5877158252596,0.0027001594902,0.0506896089238,0.0700265816213,0.0000030820429,15.1439384097487
74670,3.5877257021693,0.0026483065554,0.0507339923845,0.0700203499286,0.0000030204020,15.1439384097487
74692,3.5878634512389,0.0026201102826,0.0507197713514,0.0700051360113,0.0000030204020,15.1439384097487
74720,3.5877802378845,0.0026669443028,0.0506283378311,0.0699913754422,0.0000030204020,15.1439384097487
74798,3.5878046840893,0.0026669443028,0.0505815742674,0.0699750200816,0.0000030204020,15.1439384097487
74799,3.5878551431302,0.0026007012421,0.0505838849277,0.0699481694263,0.0000030204020,15.1439384097487
74808,3.5878589033503,0.0026007012421,0.0505815742674,0.0699473973974,0.0000029599940,15.1439384097487
74843,3.5879329517312,0.0026600577571,0.0505007744291,0.0699450265983,0.0000029007941,15.1439384097487
74860,3.5879582239462,0.0026600577571,0.0504729318042,0.0699354404039,0.0000029007941,15.1439384097487
74873,3.5879001916238,0.0026199560240,0.0505186006668,0.0699337431014,0.0000029007941,15.1439384097487
75039,3.5878173518410,0.0026185511686,0.0505073798074,0.0699279613934,0.0000028427782,15.1439384097487
75242,3.5878677465805,0.0026653851889,0.0504318480493,0.0699217705706,0.0000027859227,15.1439384097487
75253,3.5878872294896,0.0026653851889,0.0503736088217,0.0699012465284,0.0000027859227,15.1439384097487
75372,3.5878948263251,0.0026653851889,0.0503133933945,0.0698798485134,0.0000026756001,15.1439384097487
75420,3.5878011584308,0.0026014890629,0.0503881013058,0.0698778204618,0.0000026756001,15.1439384097487
75574,3.5877861794660,0.0026481522968,0.0503277696840,0.0698760600315,0.0000026220881,15.1439384097487
75582,3.5877405841235,0.0026240328590,0.0503573808009,0.0698756533575,0.0000026220881,15.1439384097487
75635,3.5877284438451,0.0025773696251,0.0503871086949,0.0698661001495,0.0000025696464,15.1439384097487
75636,3.5877216100229,0.0025773696251,0.0503584069215,0.0698557528181,0.0000025696464,15.1439384097487
75645,3.5877364042893,0.0025546550427,0.0503744092882,0.0698519424658,0.0000025696464,15.1439384097487
75711,3.5878060230408,0.0025546550427,0.0503425101313,0.0698415350105,0.0000025182534,15.1439384097487
75790,3.5877529468009,0.0025378849265,0.0503605863773,0.0698400525947,0.0000025182534,15.1439384097487
75791,3.5877297606417,0.0025833140914,0.0503037151150,0.0698388829891,0.0000025182534,15.1439384097487
75816,3.5877032563319,0.0026301481116,0.0502348144804,0.0698339723084,0.0000025182534,15.1439384097487
75828,3.5876820036183,0.0026412657511,0.0501923568980,0.0698232728642,0.0000024678884,15.1439384097487
75879,3.5877195761109,0.0026412657511,0.0501623043380,0.0698130714553,0.0000024678884,15.1439384097487
75978,3.5877564820268,0.0026414200097,0.0501205092059,0.0697987329495,0.0000024678884,15.1439384097487
76014,3.5877725845394,0.0026414200097,0.0501000693688,0.0697916608572,0.0000023701600,15.1439384097487
76019,3.5877612964596,0.0025775238838,0.0501747772801,0.0697907984745,0.0000023701600,15.1439384097487
76037,3.5877193454783,0.0025167459857,0.0502268664951,0.0697827604914,0.0000023701600,15.1439384097487
76304,3.5876991581564,0.0025522915802,0.0501427530616,0.0697676681564,0.0000023227568,15.1439384097487
76441,3.5876375484607,0.0025991256004,0.0500846015696,0.0697660997163,0.0000022307756,15.1439384097487
76505,3.5876053203061,0.0025991256004,0.0500704576694,0.0697605922971,0.0000021861601,15.1439384097487
76723,3.5875464255450,0.0026107225434,0.0500576420251,0.0697601520428,0.0000020995882,15.1439384097487
76725,3.5874686553467,0.0026005469835,0.0500461017148,0.0697505691061,0.0000020995882,15.1439384097487
76819,3.5874061353385,0.0025652933785,0.0500342788729,0.0697303533208,0.0000020995882,15.1439384097487
76827,3.5872986750799,0.0026121273988,0.0499736410233,0.0697272481134,0.0000020995882,15.1439384097487
76868,3.5872578286574,0.0026335913845,0.0499310970256,0.0697206747054,0.0000020164445,15.1439384097487
77210,3.5873158285366,0.0025867573643,0.0499737807183,0.0697166678528,0.0000018978614,15.1439384097487
77283,3.5872265207811,0.0026219944415,0.0499118699918,0.0697083947848,0.0000018978614,15.1439384097487
77574,3.5871808216588,0.0025920682683,0.0499393634261,0.0697047417262,0.0000017862520,15.1439384097487
77635,3.5872114141136,0.0026260712766,0.0498490315987,0.0696874859583,0.0000017862520,15.1439384097487
77711,3.5872671677508,0.0026046072908,0.0498611369723,0.0696833993652,0.0000017505269,15.1439384097487
77759,3.5873006581968,0.0025792372563,0.0498181515316,0.0696576484377,0.0000017505269,15.1439384097487
77922,3.5873251774563,0.0025693702136,0.0498173858819,0.0696534932047,0.0000016812061,15.1439384097487
77975,3.5871463017881,0.0025670232788,0.0497741797196,0.0696345255245,0.0000016812061,15.1439384097487
85834,3.5871896604210,0.0026138572990,0.0497105981716,0.0696325030735,0.0000004170808,15.1439384097487
85887,3.5872395368422,0.0026606913193,0.0496467149116,0.0696304650945,0.0000004005644,15.1439384097487
85983,3.5871843119732,0.0025905256821,0.0497275088063,0.0696284676413,0.0000004005644,15.1439384097487
86049,3.5871354292331,0.0025444629550,0.0497396831667,0.0696123827709,0.0000003925531,15.1439384097487
86050,3.5871379461312,0.0025912969752,0.0496833764073,0.0696123805509,0.0000003925531,15.1439384097487
86051,3.5871489628096,0.0025231697556,0.0497313807393,0.0696004834606,0.0000003925531,15.1439384097487
86083,3.5869898405479,0.0025356922503,0.0497150293128,0.0695977588795,0.0000003925531,15.1439384097487
86247,3.5870529737253,0.0025825262706,0.0496543914631,0.0695970675578,0.0000003770080,15.1439384097487
86389,3.5870893562218,0.0025700037758,0.0496181648260,0.0695792774996,0.0000003694678,15.1439384097487
86681,3.5870145594575,0.0025584068328,0.0496310358493,0.0695778458060,0.0000003548369,15.1439384097487
86795,3.5869682133272,0.0025584068328,0.0496181382596,0.0695725837293,0.0000003477402,15.1439384097487
86882,3.5870197009423,0.0025574647533,0.0495861545847,0.0695614857862,0.0000003339697,15.1439384097487
86911,3.5869192115517,0.0026042987736,0.0495255167351,0.0695584792162,0.0000003339697,15.1439384097487
87254,3.5868202952487,0.0025822177533,0.0495445740078,0.0695544224316,0.0000003143296,15.1439384097487
88036,3.5868802219765,0.0026281096941,0.0494800873240,0.0695519074068,0.0000002784465,15.1439384097487
88134,3.5869076662348,0.0025714086311,0.0495081411742,0.0695380145179,0.0000002674200,15.1439384097487
88154,3.5869157530325,0.0026066457084,0.0494603743478,0.0695361709692,0.0000002674200,15.1439384097487
88547,3.5868854107121,0.0025942609445,0.0494276539791,0.0695187480255,0.0000002516935,15.1439384097487
89232,3.5869373570518,0.0026066457084,0.0493955049617,0.0695133090268,0.0000002229608,15.1439384097487
89366,3.5868817546589,0.0026058578875,0.0493825785596,0.0695075680469,0.0000002185016,15.1439384097487
89452,3.5868530857898,0.0025715463621,0.0494118772960,0.0695029212793,0.0000002098489,15.1439384097487
89453,3.5869243512329,0.0025364635435,0.0494470215620,0.0695014457105,0.0000002098489,15.1439384097487
89496,3.5868951715534,0.0025693702136,0.0493174074615,0.0694688449284,0.0000002098489,15.1439384097487
89631,3.5868473217696,0.0025568477188,0.0492848170010,0.0694511616235,0.0000002056519,15.1439384097487
93010,3.5867908890855,0.0026036817391,0.0492191234694,0.0694469728522,0.0000001121799,15.1439384097487
93065,3.5867793269580,0.0025753312076,0.0492484668505,0.0694451388001,0.0000001121799,15.1439384097487
93169,3.5867399609550,0.0025728134865,0.0491531282259,0.0694094532416,0.0000001077376,15.1439384097487
93230,3.5867362248788,0.0025728134865,0.0491067592984,0.0693928400451,0.0000001077376,15.1439384097487
93313,3.5867430481842,0.0025703122931,0.0491066585602,0.0693918286765,0.0000001077376,15.1439384097487
93500,3.5867019569862,0.0025772153665,0.0490401408833,0.0693704493857,0.0000001034712,15.1439384097487
93743,3.5866951032373,0.0025797165599,0.0490202326032,0.0693643142456,0.0000000973862,15.1439384097487
