0,3.12456,0.555358,0.320124,0.396553,100000.000000
1,3.1246716272657,0.5553584234398,0.3200020116376,0.3965110798924,100000.0000000000000,15.1439384097487
2,3.1247756451596,0.5552407902202,0.3200030846355,0.3964625207152,100000.0000000000000,15.1439384097487
3,3.1247926142649,0.5551231570006,0.3200530056375,0.3964301755192,100000.0000000000000,15.1439384097487
4,3.1248179008329,0.5550763229804,0.3199789934633,0.3963840286801,100000.0000000000000,15.1439384097487
5,3.1247970900563,0.5550763229804,0.3199117899476,0.3963597329534,100000.0000000000000,15.1439384097487
6,3.1248092114389,0.5549586897607,0.3198681161653,0.3962938924538,100000.0000000000000,15.1439384097487
7,3.1249033200462,0.5549586897607,0.3197954966796,0.3962692885537,100000.0000000000000,15.1439384097487
8,3.1249026323871,0.5549586897607,0.3196943587582,0.3962331581371,100000.0000000000000,15.1439384097487
9,3.1248906460539,0.5549118557405,0.3197351239032,0.3962274757887,100000.0000000000000,15.1439384097487
10,3.1251123330826,0.5549118557405,0.3196481444250,0.3961995485460,100000.0000000000000,15.1439384097487
11,3.1250988966503,0.5549118557405,0.3195750665034,0.3961732591636,100000.0000000000000,15.1439384097487
12,3.1253221826375,0.5549118557405,0.3194575384692,0.3961344443475,100000.0000000000000,15.1439384097487
13,3.1253489768107,0.5549118557405,0.3194451478795,0.3961303982726,100000.0000000000000,15.1439384097487
14,3.1254664661845,0.5549118557405,0.3192482291799,0.3960617326324,100000.0000000000000,15.1439384097487
15,3.1255226551132,0.5549118557405,0.3192124357550,0.3960497443359,100000.0000000000000,15.1439384097487
16,3.1255899070098,0.5549118557405,0.3191618658739,0.3960326352739,100000.0000000000000,15.1439384097487
17,3.1254843813794,0.5548650217203,0.3191139791202,0.3959939679584,100000.0000000000000,15.1439384097487
18,3.1255582410099,0.5548181877000,0.3191062256900,0.3959721722620,100000.0000000000000,15.1439384097487
19,3.1255541716832,0.5547005544804,0.3188590029059,0.3958334065929,100000.0000000000000,15.1439384097487
20,3.1255171068326,0.5547005544804,0.3188535019800,0.3958309175113,100000.0000000000000,15.1439384097487
21,3.1255678906029,0.5547005544804,0.3181922534335,0.3955954759031,100000.0000000000000,15.1439384097487
22,3.1256237160254,0.5547005544804,0.3181643831960,0.3955863121728,100000.0000000000000,15.1439384097487
23,3.1255971727841,0.5545829212608,0.3182200701908,0.3955554105632,100000.0000000000000,15.1439384097487
24,3.1256305289089,0.5544652880412,0.3181159181038,0.3954682711392,100000.0000000000000,15.1439384097487
25,3.1256755171865,0.5543476548216,0.3180437168657,0.3953927073269,100000.0000000000000,15.1439384097487
26,3.1255787593578,0.5543944888418,0.3179411348758,0.3953747735081,100000.0000000000000,15.1439384097487
27,3.1255171913780,0.5543476548216,0.3179958602934,0.3953733753943,100000.0000000000000,15.1439384097487
145,3.1289716010781,0.5478811167566,0.3255082411675,0.3953338747731,98000.0000000000000,15.1439384097487
146,3.1288917135477,0.5478342827364,0.3254859081656,0.3953046965749,98000.0000000000000,15.1439384097487
147,3.1289596550920,0.5478811167566,0.3253970712395,0.3952940021925,98000.0000000000000,15.1439384097487
148,3.1289060610642,0.5478811167566,0.3246762414131,0.3950358046169,98000.0000000000000,15.1439384097487
149,3.1290144419782,0.5478811167566,0.3245985263973,0.3950095828368,98000.0000000000000,15.1439384097487
150,3.1290693641172,0.5477634835370,0.3246062103729,0.3949626900214,98000.0000000000000,15.1439384097487
151,3.1290535546244,0.5477166495168,0.3245609870937,0.3949262434241,98000.0000000000000,15.1439384097487
152,3.1291645223530,0.5475990162972,0.3244295810776,0.3948304686529,98000.0000000000000,15.1439384097487
153,3.1290942839433,0.5474813830775,0.3243953055661,0.3947668192931,98000.0000000000000,15.1439384097487
154,3.1292712225964,0.5474813830775,0.3242618788741,0.3947216705732,98000.0000000000000,15.1439384097487
155,3.1292325109512,0.5473637498579,0.3242699653906,0.3946735966106,98000.0000000000000,15.1439384097487
156,3.1293657141539,0.5473637498579,0.3241769797502,0.3946422722697,98000.0000000000000,15.1439384097487
157,3.1294103647008,0.5472461166383,0.3240405242060,0.3945437557120,98000.0000000000000,15.1439384097487
158,3.1293631803655,0.5472461166383,0.3238236319169,0.3944656265251,98000.0000000000000,15.1439384097487
159,3.1292864824812,0.5471992826181,0.3238750123734,0.3944628196952,98000.0000000000000,15.1439384097487
160,3.1294263805802,0.5470816493984,0.3235840634847,0.3943104746896,98000.0000000000000,15.1439384097487
161,3.1293038338628,0.5470816493984,0.3234339404406,0.3942551252888,98000.0000000000000,15.1439384097487
162,3.1292776843131,0.5469640161788,0.3232964219298,0.3941552272836,98000.0000000000000,15.1439384097487
163,3.1292689507580,0.5469171821586,0.3232686011351,0.3941250959833,98000.0000000000000,15.1439384097487
164,3.1294079184699,0.5469171821586,0.3231292271826,0.3940772859555,98000.0000000000000,15.1439384097487
165,3.1294445911096,0.5469171821586,0.3228917137414,0.3939929786419,98000.0000000000000,15.1439384097487
166,3.1294427348356,0.5467995489390,0.3228923273875,0.3939427572981,98000.0000000000000,15.1439384097487
167,3.1293630285152,0.5467527149187,0.3228679098565,0.3939128371893,98000.0000000000000,15.1439384097487
168,3.1294801793298,0.5467527149187,0.3228459494299,0.3939066518560,98000.0000000000000,15.1439384097487
169,3.1295323209205,0.5467058808985,0.3228051670707,0.3938727528047,98000.0000000000000,15.1439384097487
170,3.1294587963942,0.5465882476789,0.3226543646267,0.3937674401849,98000.0000000000000,15.1439384097487
171,3.1295466656645,0.5464706144593,0.3224628136670,0.3936498582352,94119.1999999999971,15.1439384097487
172,3.1294690988361,0.5464706144593,0.3224009663696,0.3936266723493,94119.1999999999971,15.1439384097487
173,3.1296227629171,0.5464706144593,0.3219414088034,0.3934647189835,94119.1999999999971,15.1439384097487
174,3.1295751807191,0.5464237804390,0.3219039997569,0.3934306136019,94119.1999999999971,15.1439384097487
175,3.1297010594405,0.5463769464188,0.3219101244767,0.3934145104543,94119.1999999999971,15.1439384097487
176,3.1297896106745,0.5463769464188,0.3218130476899,0.3933810931674,94119.1999999999971,15.1439384097487
3780,3.2018899945690,0.4191596439693,0.4520523254485,0.3863936354920,26358.5184355953534,15.1439384097487
3816,3.2025030916577,0.4181957093713,0.4526317963218,0.3861961498303,26358.5184355953534,15.1439384097487
3817,3.2025312017236,0.4180780761517,0.4526600741190,0.3861562325621,26358.5184355953534,15.1439384097487
3818,3.2025565189331,0.4179604429320,0.4526987973886,0.3861200063011,26358.5184355953534,15.1439384097487
3819,3.2024771367960,0.4179604429320,0.4526993862284,0.3861190933491,26358.5184355953534,15.1439384097487
3820,3.2025745983141,0.4179604429320,0.4526399772813,0.3860992549420,26358.5184355953534,15.1439384097487
3821,3.2025303561110,0.4179604429320,0.4526077836042,0.3860871311759,26358.5184355953534,15.1439384097487
3823,3.2024806669193,0.4178428097124,0.4526869839834,0.3860642996900,26358.5184355953534,15.1439384097487
3824,3.2025500664618,0.4177959756922,0.4526696311087,0.3860390125106,26358.5184355953534,15.1439384097487
3825,3.2026138685139,0.4176783424726,0.4527197747952,0.3860074095279,26358.5184355953534,15.1439384097487
3826,3.2026989630367,0.4176315084523,0.4527377371488,0.3859949570130,25831.3480668834454,15.1439384097487
3850,3.2025357041026,0.4174050292455,0.4528191693835,0.3859246673337,25831.3480668834454,15.1439384097487
3895,3.2025148594201,0.4160734632899,0.4536392650252,0.3856465925597,25831.3480668834454,15.1439384097487
3897,3.2026114969694,0.4160734632899,0.4534776404473,0.3855902369110,25831.3480668834454,15.1439384097487
3900,3.2024801790119,0.4159558300703,0.4532972959249,0.3854735557757,25831.3480668834454,15.1439384097487
3901,3.2024740558593,0.4159089960501,0.4532172844510,0.3854248218842,25831.3480668834454,15.1439384097487
3905,3.2024735401690,0.4157445288102,0.4533746295304,0.3854105232985,25831.3480668834454,15.1439384097487
3907,3.2025185026716,0.4156976947900,0.4534166717667,0.3854061028763,25831.3480668834454,15.1439384097487
3908,3.2026344585329,0.4156187584481,0.4534097196123,0.3853714308709,25831.3480668834454,15.1439384097487
3916,3.2030129274635,0.4155011252285,0.4533184931314,0.3852937910579,24808.4266834348600,15.1439384097487
4097,3.2037928668616,0.4110420097360,0.4491918610780,0.3819199804894,23349.4927270354201,15.1439384097487
4098,3.2038639570784,0.4110420097360,0.4491853778033,0.3819186709560,23349.4927270354201,15.1439384097487
4100,3.2039743252504,0.4109951757158,0.4491333789477,0.3818815899154,23349.4927270354201,15.1439384097487
4105,3.2045816310552,0.4109483416955,0.4486469897640,0.3816964011062,23349.4927270354201,15.1439384097487
4106,3.2045666694646,0.4109483416955,0.4486469897640,0.3816961894007,23349.4927270354201,15.1439384097487
4107,3.2046343153199,0.4109483416955,0.4485926888292,0.3816777533940,23349.4927270354201,15.1439384097487
4139,3.2049907966250,0.4100328167594,0.4494691883207,0.3816034652835,23349.4927270354201,15.1439384097487
4140,3.2050030830346,0.4099859827392,0.4494109009967,0.3815627505110,23349.4927270354201,15.1439384097487
4143,3.2046972375329,0.4101036159588,0.4492645512447,0.3815565692860,23349.4927270354201,15.1439384097487
4145,3.2048700512976,0.4101036159588,0.4491493769987,0.3815178809299,23349.4927270354201,15.1439384097487
4146,3.2048475150877,0.4100567819386,0.4491130652809,0.3814845218505,23349.4927270354201,15.1439384097487
4147,3.2048275108183,0.4099391487189,0.4491373055817,0.3814424818047,23349.4927270354201,15.1439384097487
4149,3.2048963379893,0.4098215154993,0.4491614554231,0.3814016664109,23349.4927270354201,15.1439384097487
4150,3.2048911715689,0.4098215154993,0.4488564777880,0.3812926727225,23349.4927270354201,15.1439384097487
4152,3.2051612620608,0.4098215154993,0.4487555115132,0.3812604351010,23349.4927270354201,15.1439384097487
4153,3.2051466472286,0.4097746814791,0.4487091244718,0.3812235897786,23349.4927270354201,15.1439384097487
4154,3.2052295214065,0.4097746814791,0.4486934248987,0.3812191554523,23349.4927270354201,15.1439384097487
4155,3.2054044624755,0.4097278474588,0.4484729449265,0.3811228162865,23349.4927270354201,15.1439384097487
4156,3.2053225736814,0.4097278474588,0.4484516842006,0.3811140644492,23349.4927270354201,15.1439384097487
4157,3.2054221164666,0.4096102142392,0.4484859933954,0.3810773120198,23349.4927270354201,15.1439384097487
4158,3.2054988234172,0.4096102142392,0.4479020670743,0.3808698523034,23349.4927270354201,15.1439384097487
4161,3.2055992523159,0.4096102142392,0.4476815100275,0.3807925029917,23349.4927270354201,15.1439384097487
4162,3.2055012335604,0.4095633802190,0.4477196137344,0.3807846527767,23349.4927270354201,15.1439384097487
4163,3.2056294697534,0.4095165461988,0.4477426845515,0.3807746351648,23349.4927270354201,15.1439384097487
4164,3.2056963115376,0.4093989129791,0.4477518540207,0.3807284415450,23349.4927270354201,15.1439384097487
4166,3.2056537946652,0.4093989129791,0.4460439824663,0.3801178858075,22882.5028724947115,15.1439384097487
4167,3.2055986884649,0.4093520789589,0.4460010684769,0.3800817079107,22882.5028724947115,15.1439384097487
4169,3.2054858173287,0.4093520789589,0.4459000233809,0.3800440232574,22882.5028724947115,15.1439384097487
4170,3.2055721527691,0.4093520789589,0.4458771822038,0.3800370873349,22882.5028724947115,15.1439384097487
4171,3.2055554098621,0.4093520789589,0.4458473292113,0.3800261886409,22882.5028724947115,15.1439384097487
4172,3.2056667569235,0.4093520789589,0.4458293325016,0.3800213367980,22882.5028724947115,15.1439384097487
4173,3.2057234808679,0.4093520789589,0.4454639764418,0.3798916551309,22882.5028724947115,15.1439384097487
4174,3.2057316279997,0.4093520789589,0.4454097523098,0.3798724046509,22882.5028724947115,15.1439384097487
4175,3.2058795568934,0.4093520789589,0.4450405815735,0.3797426511433,22882.5028724947115,15.1439384097487
4176,3.2058278058005,0.4093520789589,0.4450410425595,0.3797420835066,22882.5028724947115,15.1439384097487
4177,3.2057624373208,0.4093520789589,0.4449254372132,0.3796998709233,22882.5028724947115,15.1439384097487
4179,3.2057593627323,0.4093520789589,0.4448690066132,0.3796796736324,22882.5028724947115,15.1439384097487
4181,3.2056944895394,0.4093520789589,0.4448497309005,0.3796718714980,22882.5028724947115,15.1439384097487
4182,3.2056356706246,0.4093052449387,0.4447969101323,0.3796321029312,22882.5028724947115,15.1439384097487
4183,3.2057362932039,0.4092584109184,0.4445284869454,0.3795175895871,22882.5028724947115,15.1439384097487
6335,3.2441623805193,0.3548136558020,0.4283831409536,0.3509616546737,10619.2636127443584,15.1439384097487
6336,3.2442508222126,0.3546960225824,0.4283539338599,0.3509020607758,10619.2636127443584,15.1439384097487
6337,3.2443217536921,0.3546960225824,0.4283496782656,0.3509015445964,10619.2636127443584,15.1439384097487
6338,3.2443629816760,0.3546960225824,0.4283104860571,0.3508881307523,10619.2636127443584,15.1439384097487
6339,3.2444123429225,0.3546960225824,0.4283035756996,0.3508863612258,10619.2636127443584,15.1439384097487
6340,3.2444239378187,0.3546491885622,0.4278491077758,0.3507041435971,10619.2636127443584,15.1439384097487
6343,3.2444042560631,0.3546491885622,0.4278491077758,0.3507038651016,10619.2636127443584,15.1439384097487
6344,3.2444760087875,0.3546023545419,0.4278561569896,0.3506873262512,10619.2636127443584,15.1439384097487
6345,3.2444890776363,0.3546023545419,0.4278553180075,0.3506872115381,10619.2636127443584,15.1439384097487
6346,3.2446087668175,0.3545555205217,0.4278259211351,0.3506583345260,10619.2636127443584,15.1439384097487
6348,3.2445113713196,0.3546731537413,0.4276249176983,0.3506355836815,10619.2636127443584,15.1439384097487
6382,3.2461570717151,0.3538976515623,0.4281453320644,0.3505123744287,10406.8783404894712,15.1439384097487
6383,3.2461581400565,0.3538976515623,0.4280718152046,0.3504861335243,10406.8783404894712,15.1439384097487
6384,3.2461179133734,0.3538508175421,0.4280344802605,0.3504521586879,10406.8783404894712,15.1439384097487
6385,3.2459312240874,0.3538508175421,0.3556016269108,0.3245806408507,10406.8783404894712,15.1439384097487
6404,3.2458251082243,0.3534510838630,0.3560088120718,0.3245532481562,10406.8783404894712,15.1439384097487
6405,3.2458481694200,0.3534474698038,0.3559764037270,0.3245404511792,10406.8783404894712,15.1439384097487
6419,3.2463509815581,0.3530477361247,0.3562947250423,0.3244899376875,10406.8783404894712,15.1439384097487
6420,3.2463705764074,0.3530477361247,0.3561932431095,0.3244539714058,10406.8783404894712,15.1439384097487
6421,3.2463487032763,0.3530477361247,0.3561258696717,0.3244295999604,10406.8783404894712,15.1439384097487
6422,3.2463246226096,0.3530477361247,0.3561191479110,0.3244268585918,10406.8783404894712,15.1439384097487
6423,3.2464650280635,0.3530477361247,0.3560742091356,0.3244127957569,10406.8783404894712,15.1439384097487
6424,3.2464453675706,0.3530477361247,0.3559785704939,0.3243783609045,10406.8783404894712,15.1439384097487
6425,3.2464578240402,0.3530009021044,0.3560331478047,0.3243779573365,10406.8783404894712,15.1439384097487
6426,3.2466419616427,0.3530009021044,0.3557526518464,0.3242803857432,10406.8783404894712,15.1439384097487
6428,3.2467581693054,0.3530009021044,0.3556907207372,0.3242599118206,10406.8783404894712,15.1439384097487
6429,3.2467876889956,0.3530009021044,0.3556155757508,0.3242334920271,10406.8783404894712,15.1439384097487
6430,3.2468584388009,0.3530009021044,0.3553740898147,0.3241482481549,10406.8783404894712,15.1439384097487
6432,3.2469000112505,0.3529540680842,0.3553933029362,0.3241356265085,10406.8783404894712,15.1439384097487
6433,3.2469990106836,0.3529072340640,0.3553113018066,0.3240876695031,10406.8783404894712,15.1439384097487
6435,3.2471918140048,0.3529072340640,0.3551365871190,0.3240279995545,10406.8783404894712,15.1439384097487
6436,3.2471920633703,0.3529072340640,0.3550921652761,0.3240121381391,10406.8783404894712,15.1439384097487
6437,3.2472366589384,0.3528604000437,0.3543424218525,0.3237249319320,10406.8783404894712,15.1439384097487
6442,3.2473052539452,0.3526959328039,0.3544183364077,0.3236825289280,10406.8783404894712,15.1439384097487
6443,3.2473968301929,0.3526959328039,0.3542999746985,0.3236415526868,10406.8783404894712,15.1439384097487
6446,3.2475209256480,0.3525782995843,0.3543099222009,0.3235964470716,10406.8783404894712,15.1439384097487
6450,3.2474240192827,0.3524846315438,0.3543798474626,0.3235799057149,10406.8783404894712,15.1439384097487
6451,3.2476655931910,0.3524857278819,0.2921248934032,0.3013498816646,10406.8783404894712,15.1439384097487
6454,3.2478642930702,0.3524857278819,0.2920677294798,0.3013322775676,10406.8783404894712,15.1439384097487
6455,3.2478108490850,0.3524857278819,0.2919999975520,0.3013073313646,10406.8783404894712,15.1439384097487
6456,3.2477961357735,0.3524388938616,0.2919172215280,0.3012574885836,10406.8783404894712,15.1439384097487
6458,3.2478812899223,0.3524388938616,0.2917272486158,0.3011908460404,10406.8783404894712,15.1439384097487
6481,3.2484245578950,0.3523124899374,0.2432818919879,0.2838424470540,9994.7659582060878,15.1439384097487
6507,3.2481557334444,0.3519923261623,0.2426077385895,0.2834606610888,9994.7659582060878,15.1439384097487
6508,3.2482699508343,0.3519454921421,0.2426404562754,0.2834538904221,9994.7659582060878,15.1439384097487
6509,3.2481949714942,0.3519454921421,0.2426250817991,0.2834473385850,9994.7659582060878,15.1439384097487
6510,3.2484034289170,0.3519454921421,0.2411525887955,0.2829243978852,9994.7659582060878,15.1439384097487
6511,3.2484177631097,0.3519923261623,0.2405120922047,0.2827159236536,9994.7659582060878,15.1439384097487
6513,3.2484639855093,0.3519454921421,0.2405061372522,0.2826943792057,9994.7659582060878,15.1439384097487
6514,3.2484359527673,0.3518986581219,0.2405521051204,0.2826903279171,9994.7659582060878,15.1439384097487
6515,3.2484889328204,0.3518986581219,0.2404335323147,0.2826487301507,9994.7659582060878,15.1439384097487
6522,3.2485890609841,0.3516633916826,0.2406666726152,0.2826325828766,9994.7659582060878,15.1439384097487
6523,3.2485517545341,0.3516633916826,0.2391928149788,0.2821056772656,9994.7659582060878,15.1439384097487
6524,3.2486030595589,0.3515457584630,0.2391468471107,0.2820395718955,9994.7659582060878,15.1439384097487
6526,3.2483290952551,0.3515457584630,0.1975419384805,0.2671767993796,9994.7659582060878,15.1439384097487
6531,3.2485394979625,0.3514978281047,0.1667057574943,0.2561463132009,9994.7659582060878,15.1439384097487
6541,3.2485897301586,0.3514077741234,0.1665057768174,0.2560370077493,9994.7659582060878,15.1439384097487
6542,3.2484886476194,0.3514077741234,0.1662569879534,0.2559467242725,9994.7659582060878,15.1439384097487
6543,3.2484921342967,0.3514546081436,0.1661651163348,0.2559340340393,9994.7659582060878,15.1439384097487
6544,3.2485002246671,0.3514546081436,0.1659691576918,0.2558641632879,9994.7659582060878,15.1439384097487
6550,3.2487637513910,0.3514546081436,0.1658385404479,0.2558212431577,9794.8706390419666,15.1439384097487
6553,3.2485673676325,0.3514077741234,0.1658533068044,0.2558036663165,9794.8706390419666,15.1439384097487
6554,3.2486703431059,0.3514077741234,0.1658446801978,0.2558020424816,9794.8706390419666,15.1439384097487
6555,3.2486092064084,0.3512901409038,0.1658336251654,0.2557468149386,9794.8706390419666,15.1439384097487
6556,3.2487603069242,0.3511725076842,0.1658072614905,0.2556891231656,9794.8706390419666,15.1439384097487
6561,3.2489593616735,0.3511725076842,0.1653223699144,0.2555187642141,9794.8706390419666,15.1439384097487
6563,3.2489192379742,0.3511256736639,0.1653515935419,0.2555085617533,9794.8706390419666,15.1439384097487
6564,3.2489551768283,0.3511256736639,0.1652747075194,0.2554816109919,9794.8706390419666,15.1439384097487
6566,3.2491489745162,0.3511256736639,0.1651108134293,0.2554258196126,9794.8706390419666,15.1439384097487
6568,3.2492541889378,0.3511256736639,0.1650471984341,0.2554045887485,9794.8706390419666,15.1439384097487
6569,3.2493416427089,0.3511256736639,0.1650331356644,0.2554008037957,9794.8706390419666,15.1439384097487
6570,3.2494365893113,0.3511256736639,0.1650088561297,0.2553934760214,9794.8706390419666,15.1439384097487
6571,3.2494554893655,0.3511256736639,0.1649718100203,0.2553805127026,9794.8706390419666,15.1439384097487
6572,3.2493695550551,0.3511256736639,0.1649642325342,0.2553765904928,9794.8706390419666,15.1439384097487
6635,3.2494053287058,0.3500342388035,0.1457991051014,0.2480646505214,9406.9937617359046,15.1439384097487
6637,3.2495505766990,0.3499166055839,0.1457896821823,0.2480129262055,9406.9937617359046,15.1439384097487
6646,3.2497020913700,0.3497053043238,0.1449290076018,0.2476171286663,9406.9937617359046,15.1439384097487
6651,3.2496963702191,0.3498229375435,0.1445728438640,0.2475402606145,9406.9937617359046,15.1439384097487
6652,3.2497783814167,0.3498229375435,0.1444500028409,0.2474975492735,9406.9937617359046,15.1439384097487
6653,3.2497984074127,0.3498229375435,0.1442903465619,0.2474408125403,9406.9937617359046,15.1439384097487
6655,3.2497453879611,0.3497053043238,0.1442730601444,0.2473834743611,9406.9937617359046,15.1439384097487
11285,3.3259923439804,0.2423833812512,0.2644784193129,0.2453977392115,1831.3147236278128,15.1439384097487
11286,3.3260424664986,0.2423833812512,0.2643827344963,0.2453642752930,1831.3147236278128,15.1439384097487
11287,3.3258838270607,0.2423833812512,0.2643506072747,0.2453505565478,1831.3147236278128,15.1439384097487
11289,3.3259149264303,0.2423833812512,0.2643124928845,0.2453373843196,1831.3147236278128,15.1439384097487
11291,3.3259236251750,0.2423833812512,0.2643001910395,0.2453331138902,1831.3147236278128,15.1439384097487
11293,3.3258564603742,0.2422657480316,0.2644298312901,0.2453280493653,1831.3147236278128,15.1439384097487
11294,3.3258055896624,0.2422657480316,0.2643977132032,0.2453158588028,1831.3147236278128,15.1439384097487
11295,3.3256657787224,0.2422657480316,0.2643129797176,0.2452836185282,1831.3147236278128,15.1439384097487
11296,3.3256052347472,0.2422618419828,0.2641116307400,0.2452091774650,1831.3147236278128,15.1439384097487
11297,3.3256090519240,0.2422618419828,0.2640964674721,0.2452038160249,1831.3147236278128,15.1439384097487
11307,3.3261991201977,0.2419045569717,0.2643709653305,0.2451570782533,1794.6884291552565,15.1439384097487
11309,3.3262110893430,0.2419329075031,0.2628761501528,0.2446355352802,1794.6884291552565,15.1439384097487
11310,3.3262149088143,0.2418860734829,0.2629063854305,0.2446263159160,1794.6884291552565,15.1439384097487
11317,3.3261387856079,0.2417216062430,0.2624525128618,0.2443926554718,1794.6884291552565,15.1439384097487
11318,3.3262660518391,0.2417216062430,0.2623614989783,0.2443619513220,1794.6884291552565,15.1439384097487
12344,3.3440770257214,0.2190201082287,0.2568641210283,0.2329214127071,1247.5513349861276,15.1439384097487
12345,3.3439330705947,0.2190783684056,0.2567977574187,0.2329206431098,1247.5513349861276,15.1439384097487
12346,3.3441208433100,0.2190733660188,0.2567693625345,0.2329110151710,1247.5513349861276,15.1439384097487
12347,3.3442210046713,0.2190265319986,0.2567418401531,0.2328825313027,1247.5513349861276,15.1439384097487
14154,3.3645673549626,0.1839098205844,0.2466130051314,0.2145029705400,653.5711111015197,15.1439384097487
14155,3.3645333397884,0.1839098205844,0.2466098039588,0.2145013459517,653.5711111015197,15.1439384097487
14156,3.3645418464309,0.1838629865642,0.2466455585243,0.2144941640848,653.5711111015197,15.1439384097487
14160,3.3647312826758,0.1838161525440,0.2466236291137,0.2144689409397,653.5711111015197,15.1439384097487
14161,3.3646612072677,0.1837693185237,0.2466350483840,0.2144519559652,653.5711111015197,15.1439384097487
14162,3.3646013635532,0.1837693185237,0.2464882901218,0.2143986955156,653.5711111015197,15.1439384097487
14163,3.3645901318514,0.1837693185237,0.2464596723977,0.2143883159720,653.5711111015197,15.1439384097487
14164,3.3646858500795,0.1837415850268,0.2464708650252,0.2143817819611,653.5711111015197,15.1439384097487
14165,3.3646164240126,0.1836947510065,0.2464373107579,0.2143487441970,653.5711111015197,15.1439384097487
14166,3.3647050487604,0.1836479169863,0.2455711565173,0.2140205857081,653.5711111015197,15.1439384097487
14167,3.3645618966467,0.1836010829661,0.2452936225493,0.2138993691180,653.5711111015197,15.1439384097487
14168,3.3644295216226,0.1835542489458,0.2453204068464,0.2138869901177,653.5711111015197,15.1439384097487
14170,3.3645813172204,0.1834876808401,0.2452189589032,0.2138243774188,653.5711111015197,15.1439384097487
14171,3.3645318906459,0.1834876808401,0.2450710790821,0.2137708638143,653.5711111015197,15.1439384097487
14172,3.3645241653129,0.1834876808401,0.2449374644642,0.2137230349949,653.5711111015197,15.1439384097487
14173,3.3644831353830,0.1833700476205,0.2449545377380,0.2136781377850,653.5711111015197,15.1439384097487
14174,3.3645214205612,0.1832524144009,0.2449390255476,0.2136227252127,653.5711111015197,15.1439384097487
14175,3.3646427764054,0.1832055803807,0.2449489307713,0.2136079082467,653.5711111015197,15.1439384097487
14176,3.3647269129873,0.1832055803807,0.2449311531694,0.2136027496302,653.5711111015197,15.1439384097487
14177,3.3646914854645,0.1831864798574,0.2449544051921,0.2136023666884,653.5711111015197,15.1439384097487
14189,3.3646992611186,0.1827887845959,0.2452547479389,0.2135393011537,653.5711111015197,15.1439384097487
14190,3.3647935353113,0.1826711513762,0.2453291278535,0.2135167851455,653.5711111015197,15.1439384097487
14203,3.3647437846240,0.1824913354032,0.2449300989925,0.2132965068806,640.4996888794893,15.1439384097487
14206,3.3648382525131,0.1824564068433,0.2448815842045,0.2132655475021,640.4996888794893,15.1439384097487
14207,3.3648517435718,0.1824864707473,0.2447347277005,0.2132261741785,640.4996888794893,15.1439384097487
14227,3.3654503208321,0.1821979465180,0.2448280666372,0.2131443261001,640.4996888794893,15.1439384097487
14228,3.3655153941330,0.1821979465180,0.2447363804018,0.2131125017989,640.4996888794893,15.1439384097487
14229,3.3655544764901,0.1821979465180,0.2445625418184,0.2130509696032,640.4996888794893,15.1439384097487
14230,3.3655634422055,0.1820803132984,0.2446805873406,0.2130428413456,640.4996888794893,15.1439384097487
14231,3.3655628161961,0.1820334792782,0.2446737913561,0.2130203336274,640.4996888794893,15.1439384097487
14232,3.3655815239655,0.1820334792782,0.2445816192654,0.2129876797372,640.4996888794893,15.1439384097487
14233,3.3656147677809,0.1819866452579,0.2443775741228,0.2128952051468,640.4996888794893,15.1439384097487
14234,3.3656257406686,0.1819698751417,0.2443855760065,0.2128910310354,640.4996888794893,15.1439384097487
14235,3.3656797926144,0.1819230411215,0.2443885379968,0.2128727819975,640.4996888794893,15.1439384097487
14237,3.3657747484005,0.1818054079019,0.2444974033893,0.2128625918759,640.4996888794893,15.1439384097487
14239,3.3658355780336,0.1818054079019,0.2443845382957,0.2128231436491,640.4996888794893,15.1439384097487
14240,3.3660019396159,0.1816877746823,0.2444883116933,0.2128121453451,640.4996888794893,15.1439384097487
14241,3.3660706214353,0.1816877746823,0.2444340107585,0.2127937239972,640.4996888794893,15.1439384097487
14242,3.3660368461322,0.1816548845398,0.2444606105564,0.2127886502315,640.4996888794893,15.1439384097487
14334,3.3669253111296,0.1797168397838,0.2451399475272,0.2122132516886,615.1359011998615,15.1439384097487
14335,3.3668455972092,0.1797168397838,0.2449799048686,0.2121549656497,615.1359011998615,15.1439384097487
14336,3.3668978807609,0.1797168397838,0.2449330505965,0.2121389717898,615.1359011998615,15.1439384097487
14337,3.3670596928245,0.1795992065642,0.2450299498046,0.2121254540427,615.1359011998615,15.1439384097487
14338,3.3672407269731,0.1795992065642,0.2450024689506,0.2121182010731,615.1359011998615,15.1439384097487
14352,3.3672849186198,0.1795660079045,0.2448982843131,0.2120673895858,615.1359011998615,15.1439384097487
14353,3.3672969072442,0.1795660079045,0.2448601353633,0.2120539345991,615.1359011998615,15.1439384097487
14382,3.3683771672842,0.1787521173649,0.2454592746169,0.2119343882799,602.8331831758642,15.1439384097487
14383,3.3682718920513,0.1787521173649,0.2454442141007,0.2119275198867,602.8331831758642,15.1439384097487
14384,3.3684785349981,0.1787521173649,0.2454308136301,0.2119256579882,602.8331831758642,15.1439384097487
14385,3.3683265481484,0.1788103775418,0.2448678389117,0.2117474136322,602.8331831758642,15.1439384097487
14386,3.3683806124765,0.1787635435216,0.2449037313015,0.2117409256265,602.8331831758642,15.1439384097487
14387,3.3683528364859,0.1786459103020,0.2449081875039,0.2116917098620,602.8331831758642,15.1439384097487
14391,3.3682796143523,0.1786358890006,0.2445106809414,0.2115444123008,602.8331831758642,15.1439384097487
14392,3.3682661022036,0.1785776288237,0.2445268923415,0.2115250422433,602.8331831758642,15.1439384097487
14425,3.3688328647084,0.1781739890959,0.2449701222991,0.2115183698535,602.8331831758642,15.1439384097487
14426,3.3688552637531,0.1781739890959,0.2449407602129,0.2115082003391,602.8331831758642,15.1439384097487
14427,3.3689641754039,0.1781739890959,0.2448622874380,0.2114817154406,602.8331831758642,15.1439384097487
14544,3.3690838016322,0.1758709684343,0.2453233544381,0.2106610660745,567.3817693396579,15.1439384097487
14545,3.3690800760643,0.1758709684343,0.2452409501265,0.2106315832467,567.3817693396579,15.1439384097487
14546,3.3689781032745,0.1758709684343,0.2451730494982,0.2106058901142,567.3817693396579,15.1439384097487
14547,3.3689320770779,0.1758709684343,0.2451534863657,0.2105982520136,567.3817693396579,15.1439384097487
14548,3.3688346757294,0.1758709684343,0.2448926073919,0.2105037027289,567.3817693396579,15.1439384097487
14549,3.3687285010390,0.1759038585768,0.2447704235273,0.2104726590450,567.3817693396579,15.1439384097487
14550,3.3687749427258,0.1759038585768,0.2446166670410,0.2104184031609,567.3817693396579,15.1439384097487
14551,3.3687101672280,0.1757862253571,0.2446481833412,0.2103783281765,567.3817693396579,15.1439384097487
14552,3.3686134511898,0.1757862253571,0.2446487044627,0.2103771457658,567.3817693396579,15.1439384097487
14743,3.3731151029104,0.1721023200541,0.2444566670838,0.2087934424996,534.0151822483314,15.1439384097487
14744,3.3730659295725,0.1720554860339,0.2444674518734,0.2087765266878,534.0151822483314,15.1439384097487
14747,3.3731035432627,0.1720086520137,0.2444762611296,0.2087601333589,534.0151822483314,15.1439384097487
14748,3.3730235162181,0.1720086520137,0.2442590693039,0.2086814324724,534.0151822483314,15.1439384097487
14749,3.3729795424168,0.1718910187940,0.2442834609021,0.2086391072942,534.0151822483314,15.1439384097487
14750,3.3730575003185,0.1718678249080,0.2442590693039,0.2086215588713,534.0151822483314,15.1439384097487
14751,3.3731609513708,0.1717501916884,0.2442933784987,0.2085848617437,534.0151822483314,15.1439384097487
14752,3.3731709150025,0.1717033576681,0.2442812024744,0.2085605824253,534.0151822483314,15.1439384097487
14753,3.3731792417474,0.1717033576681,0.2439545545481,0.2084440402745,534.0151822483314,15.1439384097487
14757,3.3728627857832,0.1716797175339,0.2439695484773,0.2084347859325,534.0151822483314,15.1439384097487
14758,3.3729443484324,0.1716797175339,0.2438384645214,0.2083891243399,534.0151822483314,15.1439384097487
14760,3.3728624538431,0.1716328835137,0.2438354343597,0.2083668116134,534.0151822483314,15.1439384097487
14761,3.3728306621177,0.1716328835137,0.2438269152234,0.2083633192140,534.0151822483314,15.1439384097487
14763,3.3728354806802,0.1716328835137,0.2437828306918,0.2083476429207,534.0151822483314,15.1439384097487
14768,3.3730606506172,0.1716050122858,0.2433966969249,0.2082009793315,534.0151822483314,15.1439384097487
14769,3.3731582491036,0.1715581782656,0.2430563530256,0.2080607372280,534.0151822483314,15.1439384097487
14776,3.3731753224131,0.1715113442454,0.2430817774029,0.2080499872260,534.0151822483314,15.1439384097487
14777,3.3733097534983,0.1715113442454,0.2428877643872,0.2079825990541,534.0151822483314,15.1439384097487
14778,3.3733625861760,0.1715113442454,0.2428845632146,0.2079822033571,534.0151822483314,15.1439384097487
14779,3.3734122387176,0.1715113442454,0.2428302263864,0.2079634999271,534.0151822483314,15.1439384097487
14780,3.3734426953204,0.1715113442454,0.2427466087643,0.2079340674496,534.0151822483314,15.1439384097487
14783,3.3735112706122,0.1714645102251,0.2427689081709,0.2079229301361,534.0151822483314,15.1439384097487
14784,3.3735881854965,0.1714645102251,0.2427527001222,0.2079182298878,534.0151822483314,15.1439384097487
14785,3.3735649059890,0.1714645102251,0.2427275559624,0.2079089204273,534.0151822483314,15.1439384097487
14788,3.3735781126084,0.1713468770055,0.2428563682129,0.2079046974382,534.0151822483314,15.1439384097487
14789,3.3736750407683,0.1713468770055,0.2428456563305,0.2079022432929,534.0151822483314,15.1439384097487
14793,3.3734733609024,0.1711824097656,0.2430333566464,0.2078959394035,512.8681810312974,15.1439384097487
14794,3.3734694444291,0.1711824097656,0.2429510772153,0.2078664984746,512.8681810312974,15.1439384097487
14795,3.3735012173221,0.1710647765460,0.2430452626758,0.2078501714863,512.8681810312974,15.1439384097487
14799,3.3734661431656,0.1710647765460,0.2430265481195,0.2078429914193,512.8681810312974,15.1439384097487
14800,3.3734508777731,0.1709471433264,0.2431470094267,0.2078353830734,512.8681810312974,15.1439384097487
14801,3.3735674621886,0.1709471433264,0.2429965364197,0.2077832923754,512.8681810312974,15.1439384097487
14803,3.3737803432787,0.1709003093062,0.2430185315964,0.2077740883259,512.8681810312974,15.1439384097487
14808,3.3737959249045,0.1704537416068,0.1918754425518,0.1893175337035,512.8681810312974,15.1439384097487
14809,3.3736993801551,0.1704537416068,0.1918423904358,0.1893043632747,512.8681810312974,15.1439384097487
14810,3.3737723450995,0.1704537416068,0.1917145344424,0.1892597328689,512.8681810312974,15.1439384097487
14811,3.3738180473832,0.1703361083872,0.1917388634588,0.1892186542506,512.8681810312974,15.1439384097487
14812,3.3738540232792,0.1702892743670,0.1917347597296,0.1891976259666,512.8681810312974,15.1439384097487
14813,3.3738392808667,0.1702892743670,0.1916831093167,0.1891789707864,512.8681810312974,15.1439384097487
14814,3.3738049440257,0.1703362626458,0.1910426127259,0.1889698739738,512.8681810312974,15.1439384097487
14815,3.3736433249993,0.1703362626458,0.1909596669770,0.1889379635937,512.8681810312974,15.1439384097487
14816,3.3734513275257,0.1703830966661,0.1493591514448,0.1740979915894,512.8681810312974,15.1439384097487
14817,3.3735028164193,0.1703830966661,0.1492614145874,0.1740638141333,512.8681810312974,15.1439384097487
14818,3.3734346578513,0.1702654634465,0.1492929308876,0.1740236912787,512.8681810312974,15.1439384097487
14819,3.3735555589506,0.1702654634465,0.1491597667561,0.1739778434027,512.8681810312974,15.1439384097487
14820,3.3735264842251,0.1702186294262,0.1491115651404,0.1739401454116,512.8681810312974,15.1439384097487
14825,3.3737048477652,0.1701628704427,0.1490262058697,0.1738882870827,512.8681810312974,15.1439384097487
14826,3.3737212607169,0.1701628704427,0.1489846789645,0.1738736882873,512.8681810312974,15.1439384097487
14829,3.3738647293674,0.1700964565957,0.1193707080616,0.1632708371022,512.8681810312974,15.1439384097487
14830,3.3737851232254,0.1700496225754,0.1192427307738,0.1632039327835,512.8681810312974,15.1439384097487
14832,3.3738724566392,0.1700496225754,0.1192181488120,0.1631963892733,512.8681810312974,15.1439384097487
14833,3.3738098713763,0.1699319893558,0.1192221314257,0.1631465118211,512.8681810312974,15.1439384097487
14834,3.3737543331804,0.1699319893558,0.1191614770637,0.1631240636872,512.8681810312974,15.1439384097487
14873,3.3739120341889,0.1695977274443,0.1189484566297,0.1629069613146,512.8681810312974,15.1439384097487
14874,3.3739511056155,0.1695977274443,0.1186440001161,0.1627987797035,512.8681810312974,15.1439384097487
14876,3.3739888097428,0.1695977274443,0.1186260812301,0.1627929136122,502.6108174106714,15.1439384097487
14885,3.3741547900816,0.1691979937652,0.1190455616436,0.1627737622224,502.6108174106714,15.1439384097487
14887,3.3741718015828,0.1691979937652,0.1189242571969,0.1627306799173,502.6108174106714,15.1439384097487
14894,3.3744632031437,0.1692318259871,0.1185727741994,0.1626237731116,502.6108174106714,15.1439384097487
14914,3.3748093678597,0.1691055763215,0.1186031765236,0.1625854222925,502.6108174106714,15.1439384097487
14917,3.3747452604794,0.1690587423012,0.1186583332860,0.1625841422982,502.6108174106714,15.1439384097487
14918,3.3749763153090,0.1690587423012,0.1184813597358,0.1625242068691,502.6108174106714,15.1439384097487
14919,3.3750129554251,0.1690587423012,0.1184358794183,0.1625084823538,502.6108174106714,15.1439384097487
14920,3.3750068667523,0.1690587423012,0.1169471510550,0.1619767074983,502.6108174106714,15.1439384097487
14921,3.3749273873864,0.1690587423012,0.1168905853660,0.1619553808388,502.6108174106714,15.1439384097487
14922,3.3749201184249,0.1689411090816,0.1168833623367,0.1619022840932,502.6108174106714,15.1439384097487
14923,3.3748651125282,0.1689411090816,0.1168003027080,0.1618718416103,502.6108174106714,15.1439384097487
14942,3.3750740415556,0.1684945413823,0.1172578156617,0.1618468092687,502.6108174106714,15.1439384097487
14946,3.3750917419641,0.1684945413823,0.1172161197440,0.1618321683291,502.6108174106714,15.1439384097487
14947,3.3750620566352,0.1684477073620,0.1171679936550,0.1617944886718,502.6108174106714,15.1439384097487
14948,3.3751255589529,0.1683300741424,0.1172774955063,0.1617840807924,502.6108174106714,15.1439384097487
14957,3.3754437328465,0.1683300741424,0.1172118507164,0.1617651383639,502.6108174106714,15.1439384097487
14962,3.3754379699640,0.1683300741424,0.1171934284123,0.1617584774252,482.7074290412088,15.1439384097487
14965,3.3754406184290,0.1683300741424,0.1171857797353,0.1617557832304,482.7074290412088,15.1439384097487
17622,3.4146066513690,0.1234218846887,0.1431495568673,0.1523363906119,190.5826953194174,15.1439384097487
17629,3.4146311356126,0.1233371416115,0.1432281752757,0.1523284966036,190.5826953194174,15.1439384097487
17631,3.4147330179534,0.1233336983386,0.1431282785222,0.1522927851316,190.5826953194174,15.1439384097487
17636,3.4148323396129,0.1233008081962,0.1431435801847,0.1522855596306,190.5826953194174,15.1439384097487
17637,3.4148824616579,0.1233008081962,0.1430892433564,0.1522668628441,190.5826953194174,15.1439384097487
17639,3.4148442230486,0.1233336983386,0.1429375011503,0.1522262239006,190.5826953194174,15.1439384097487
17651,3.4149482825819,0.1232160651190,0.1429466029313,0.1521805327351,190.5826953194174,15.1439384097487
20124,3.4418217105148,0.0891089929296,0.1827017414349,0.1521417370393,78.3485196507753,15.1439384097487
20135,3.4419117174457,0.0891089929296,0.1421653672334,0.1376657341308,78.3485196507753,15.1439384097487
20137,3.4420942479553,0.0890806423981,0.1413295219759,0.1373576505341,78.3485196507753,15.1439384097487
20139,3.4420593949158,0.0890806423981,0.1412228670905,0.1373190663354,78.3485196507753,15.1439384097487
20141,3.4420120169046,0.0890806423981,0.1412238304715,0.1373187400044,78.3485196507753,15.1439384097487
20142,3.4418671492143,0.0890806423981,0.1411923319130,0.1373054406511,78.3485196507753,15.1439384097487
20143,3.4418846073624,0.0890806423981,0.1411895796129,0.1373047047184,78.3485196507753,15.1439384097487
20144,3.4419738468544,0.0890806423981,0.1410870346588,0.1372693442533,78.3485196507753,15.1439384097487
20145,3.4420435791434,0.0890806423981,0.1409753573060,0.1372304461917,78.3485196507753,15.1439384097487
20146,3.4418840491225,0.0890806423981,0.1404290757430,0.1370330882944,76.7815492577598,15.1439384097487
20173,3.4425947569324,0.0886768484117,0.1407367851877,0.1369799864269,76.7815492577598,15.1439384097487
20174,3.4425053886172,0.0887141239064,0.1406414269365,0.1369606405650,76.7815492577598,15.1439384097487
20175,3.4425445047890,0.0887141239064,0.1404417254224,0.1368898720869,76.7815492577598,15.1439384097487
20176,3.4426627118476,0.0886386308375,0.1404139011673,0.1368492533025,76.7815492577598,15.1439384097487
20198,3.4432157769556,0.0883490102701,0.1402360565189,0.1366694400905,76.7815492577598,15.1439384097487
20199,3.4431283690006,0.0883490102701,0.1401761695316,0.1366468150640,76.7815492577598,15.1439384097487
20202,3.4431885350930,0.0883490102701,0.1400681543540,0.1366090895611,76.7815492577598,15.1439384097487
20214,3.4429799592535,0.0880373086824,0.1106364892704,0.1259612428738,76.7815492577598,15.1439384097487
20215,3.4430497569373,0.0880373086824,0.1105087091320,0.1259165947426,76.7815492577598,15.1439384097487
20216,3.4431461808344,0.0880373086824,0.1103003603427,0.1258435488524,76.7815492577598,15.1439384097487
20217,3.4432173732487,0.0880373086824,0.1102453790539,0.1258249200457,76.7815492577598,15.1439384097487
20218,3.4432357509691,0.0880373086824,0.1101778290798,0.1258010550985,76.7815492577598,15.1439384097487
20219,3.4432281193122,0.0880373086824,0.1101025922504,0.1257740768149,76.7815492577598,15.1439384097487
25240,3.4902018415191,0.0371496968443,0.1339756554541,0.1131558693375,12.7167931590791,15.1439384097487
25241,3.4902558379925,0.0371496968443,0.1333422664661,0.1129304230311,12.7167931590791,15.1439384097487
25247,3.4902089741075,0.0371076944246,0.1333321303342,0.1129081388261,12.4624572958976,15.1439384097487
25248,3.4902762522252,0.0371076944246,0.1332852042204,0.1128923314806,12.4624572958976,15.1439384097487
25249,3.4902304095001,0.0371545284448,0.1332056214217,0.1128833321040,12.4624572958976,15.1439384097487
25250,3.4902648376615,0.0371545284448,0.1331670300097,0.1128700366130,12.4624572958976,15.1439384097487
25251,3.4903311615107,0.0371891319598,0.1331217210235,0.1128696233881,12.4624572958976,15.1439384097487
25252,3.4901899067656,0.0371590680558,0.1330921626820,0.1128441835621,12.4624572958976,15.1439384097487
25253,3.4903826962809,0.0371008078789,0.1331338519472,0.1128368318969,12.4624572958976,15.1439384097487
25256,3.4903520177406,0.0369363406390,0.1333110031481,0.1128291801237,12.4624572958976,15.1439384097487
25257,3.4903556074728,0.0369831746592,0.1331674738015,0.1127980421602,12.4624572958976,15.1439384097487
25261,3.4905435349804,0.0369831746592,0.1330965751410,0.1127753803716,12.4624572958976,15.1439384097487
25264,3.4907319907025,0.0369717485026,0.1330151763362,0.1127440790815,12.4624572958976,15.1439384097487
25265,3.4906512211603,0.0368541152829,0.1329271025118,0.1126610670236,12.4624572958976,15.1439384097487
25268,3.4907546841877,0.0368541152829,0.1329166879872,0.1126588115454,12.4624572958976,15.1439384097487
25269,3.4907132375333,0.0367667167537,0.1329097776297,0.1126183005807,12.4624572958976,15.1439384097487
25270,3.4909386121688,0.0367667167537,0.1328892071331,0.1126141430108,12.4624572958976,15.1439384097487
25544,3.4938688785288,0.0348509238042,0.1341217889641,0.1122747597591,11.2650743289937,15.1439384097487
25545,3.4939593079713,0.0348509238042,0.1340842860562,0.1122626454340,11.2650743289937,15.1439384097487
25558,3.4940723884115,0.0347309601775,0.1035422970026,0.1013049792984,11.2650743289937,15.1439384097487
25559,3.4941887275351,0.0347309601775,0.1035352416540,0.1013041057218,11.2650743289937,15.1439384097487
25560,3.4941658383607,0.0347309601775,0.1033149544264,0.1012251078316,11.2650743289937,15.1439384097487
25564,3.4940414319415,0.0347080913364,0.0828821418975,0.0939161135112,11.2650743289937,15.1439384097487
25569,3.4941865340912,0.0347549253567,0.0825175490654,0.0938080266942,11.2650743289937,15.1439384097487
25570,3.4943040760260,0.0347549253567,0.0824823625173,0.0937971232803,11.2650743289937,15.1439384097487
25571,3.4943124197424,0.0347080913364,0.0817582483045,0.0935185574015,11.2650743289937,15.1439384097487
25572,3.4943073275246,0.0347080913364,0.0817369015227,0.0935108614964,11.2650743289937,15.1439384097487
25573,3.4941854733346,0.0347080913364,0.0816949875171,0.0934941679800,11.2650743289937,15.1439384097487
25586,3.4943798620113,0.0344250653252,0.0820210033923,0.0934920559459,11.0397728424138,15.1439384097487
25588,3.4944576424487,0.0343277997533,0.0818368569066,0.0933857046868,11.0397728424138,15.1439384097487
25589,3.4944998732439,0.0342519816393,0.0817195759885,0.0933119227301,11.0397728424138,15.1439384097487
25590,3.4945465211705,0.0342519816393,0.0815367110156,0.0932472738763,11.0397728424138,15.1439384097487
25596,3.4941801706620,0.0342519816393,0.0813826296256,0.0931870609732,11.0397728424138,15.1439384097487
25597,3.4942445388374,0.0342519816393,0.0813155811151,0.0931640258820,11.0397728424138,15.1439384097487
25599,3.4943710065839,0.0342519816393,0.0813082660480,0.0931632028682,11.0397728424138,15.1439384097487
25600,3.4944031875619,0.0342988156596,0.0811789772880,0.0931375553927,11.0397728424138,15.1439384097487
30141,3.5199836059408,0.0128654171953,0.0966153967931,0.0898267813667,2.1930381803124,15.1439384097487
30142,3.5200656558837,0.0129122512155,0.0963168181601,0.0897413788648,2.1930381803124,15.1439384097487
30149,3.5204128025082,0.0129550084007,0.0961292230377,0.0896976172162,2.1930381803124,15.1439384097487
30150,3.5205030661962,0.0129081743805,0.0961212612914,0.0896759792376,2.1930381803124,15.1439384097487
30151,3.5204792286261,0.0128613403602,0.0960123658679,0.0896166789919,2.1930381803124,15.1439384097487
30152,3.5206605828610,0.0128613403602,0.0958425799366,0.0895586073096,2.1930381803124,15.1439384097487
30153,3.5207397960440,0.0129081743805,0.0956352834607,0.0895057654381,2.1930381803124,15.1439384097487
30174,3.5209123904219,0.0127955600754,0.0955902707472,0.0894438683943,2.1930381803124,15.1439384097487
30190,3.5204469824228,0.0127405723850,0.0952605722055,0.0892959672701,2.1491774167062,15.1439384097487
30193,3.5204727795417,0.0127048560042,0.0952847345974,0.0892896547029,2.1491774167062,15.1439384097487
30194,3.5205034643629,0.0126580219840,0.0952885292058,0.0892713723854,2.1491774167062,15.1439384097487
30196,3.5207190242095,0.0126671012059,0.0951189361595,0.0892177446928,2.1491774167062,15.1439384097487
30197,3.5208310401561,0.0126448659270,0.0950934582943,0.0892007010681,2.1491774167062,15.1439384097487
30199,3.5208139591603,0.0125682765200,0.0950417443994,0.0891491660934,2.1491774167062,15.1439384097487
30229,3.5208683012106,0.0124356030844,0.0951519777174,0.0891324440282,2.1491774167062,15.1439384097487
30233,3.5209577489679,0.0123887690642,0.0950689274107,0.0890839771612,2.1491774167062,15.1439384097487
30234,3.5209969601885,0.0123419350440,0.0949895653831,0.0890361166930,2.1491774167062,15.1439384097487
30236,3.5210079208712,0.0123887690642,0.0948261523410,0.0889979817082,2.1491774167062,15.1439384097487
30237,3.5210426946631,0.0124110043431,0.0946959158259,0.0889614901191,2.1491774167062,15.1439384097487
30247,3.5211342390949,0.0122805235837,0.0946155695099,0.0888781700284,2.1491774167062,15.1439384097487
30248,3.5211199725593,0.0122933711235,0.0945476639840,0.0888592222728,2.1491774167062,15.1439384097487
30249,3.5211500647962,0.0122933711235,0.0944041346374,0.0888083875950,2.1491774167062,15.1439384097487
30293,3.5226297834943,0.0123384917711,0.0741759103536,0.0816242971203,2.0640699910046,15.1439384097487
30298,3.5225558014877,0.0124207171272,0.0740322416095,0.0816071794524,2.0640699910046,15.1439384097487
30299,3.5225711220729,0.0125383503468,0.0736776328864,0.0815311645021,2.0640699910046,15.1439384097487
30300,3.5226570217846,0.0125383503468,0.0736329881671,0.0815164354346,2.0640699910046,15.1439384097487
30310,3.5230063734994,0.0123524191212,0.0738198159296,0.0815084181280,2.0640699910046,15.1439384097487
30311,3.5231237140991,0.0123524191212,0.0736728457058,0.0814575891239,2.0640699910046,15.1439384097487
30312,3.5230933843952,0.0122957345860,0.0737420333286,0.0814575764537,2.0640699910046,15.1439384097487
30369,3.5230511041800,0.0119162142959,0.0741765946030,0.0814495270938,2.0227885911845,15.1439384097487
30370,3.5229800402120,0.0119050966565,0.0740967974990,0.0814152578750,2.0227885911845,15.1439384097487
30371,3.5230921842481,0.0119050966565,0.0740629578356,0.0814047591116,2.0227885911845,15.1439384097487
30373,3.5231142155405,0.0118582626362,0.0740787568209,0.0813906416247,2.0227885911845,15.1439384097487
30375,3.5230863812627,0.0119050966565,0.0739241055523,0.0813550868985,2.0227885911845,15.1439384097487
30381,3.5231433507317,0.0118582626362,0.0739252984637,0.0813362473295,2.0227885911845,15.1439384097487
30382,3.5232334619731,0.0118532602494,0.0739238526945,0.0813348621713,2.0227885911845,15.1439384097487
30383,3.5231993342890,0.0117467446692,0.0740203395942,0.0813231893396,2.0227885911845,15.1439384097487
30390,3.5232812165104,0.0118643778889,0.0734864316515,0.0811840807964,2.0227885911845,15.1439384097487
30391,3.5233397518337,0.0119112119091,0.0734088849216,0.0811772855296,2.0227885911845,15.1439384097487
30397,3.5235331221221,0.0118643778889,0.0734478369623,0.0811738614264,2.0227885911845,15.1439384097487
30504,3.5241133248658,0.0117107032435,0.0735881315059,0.0811663158882,1.9426861629736,15.1439384097487
30526,3.5242942064686,0.0117260519766,0.0734341670964,0.0811204660901,1.9038324397142,15.1439384097487
30599,3.5239910079324,0.0115753908836,0.0736054766962,0.0811127888112,1.9038324397142,15.1439384097487
30600,3.5239206730940,0.0116007609181,0.0735571365703,0.0811054021192,1.9038324397142,15.1439384097487
30761,3.5241510427331,0.0105658232789,0.0738782056939,0.0807797846758,1.7918718615994,15.1439384097487
30767,3.5244483276998,0.0105658232789,0.0736829932182,0.0807142724968,1.7918718615994,15.1439384097487
30802,3.5251999788706,0.0106410408861,0.0734632940407,0.0806786804360,1.7209137358801,15.1439384097487
30804,3.5252172736646,0.0107494240975,0.0733252829831,0.0806760854404,1.7209137358801,15.1439384097487
30879,3.5248096299800,0.0104187431898,0.0736938277434,0.0806602200493,1.6864954611625,15.1439384097487
30880,3.5247568410925,0.0104187431898,0.0735898247904,0.0806223291782,1.6864954611625,15.1439384097487
30881,3.5248366980362,0.0104655772100,0.0732481518182,0.0805215048101,1.6864954611625,15.1439384097487
30944,3.5245136297332,0.0100725758180,0.0736895776954,0.0805061563463,1.6197102409005,15.1439384097487
30945,3.5245434013055,0.0101054659604,0.0735863342026,0.0804838007114,1.6197102409005,15.1439384097487
30946,3.5244199184071,0.0101170463757,0.0735678849207,0.0804804274425,1.6197102409005,15.1439384097487
30948,3.5246766099570,0.0101416451171,0.0735181219560,0.0804768294411,1.6197102409005,15.1439384097487
30985,3.5253987855409,0.0102367180129,0.0733158832894,0.0804555656087,1.6197102409005,15.1439384097487
30986,3.5253813359425,0.0102367180129,0.0733001813113,0.0804497108488,1.6197102409005,15.1439384097487
30987,3.5254636244638,0.0101898839927,0.0732906654142,0.0804274049682,1.6197102409005,15.1439384097487
30988,3.5256287902913,0.0101898839927,0.0732361210904,0.0804102619380,1.6197102409005,15.1439384097487
30997,3.5253677973249,0.0101609164267,0.0732262096995,0.0803906144514,1.6197102409005,15.1439384097487
30998,3.5255072886076,0.0101609164267,0.0731869324448,0.0803785606527,1.6197102409005,15.1439384097487
30999,3.5253930978507,0.0101925394447,0.0731525104264,0.0803782040052,1.6197102409005,15.1439384097487
31105,3.5253113398886,0.0098706622971,0.0734699325619,0.0803524648349,1.5873160360825,15.1439384097487
31106,3.5252854949741,0.0099174963173,0.0733180404015,0.0803179236539,1.5873160360825,15.1439384097487
31107,3.5252244777969,0.0099174963173,0.0733191766774,0.0803174660778,1.5873160360825,15.1439384097487
32963,3.5388331899466,0.0065238286162,0.0701994978933,0.0779414284342,0.8149367474931,15.1439384097487
32965,3.5388066989948,0.0064769945960,0.0702094362716,0.0779245312869,0.8149367474931,15.1439384097487
32967,3.5387429811467,0.0065023646305,0.0701551721204,0.0779151225015,0.8149367474931,15.1439384097487
32968,3.5387465207992,0.0064555306102,0.0701121456342,0.0778797342622,0.8149367474931,15.1439384097487
35282,3.5502085415565,0.0032421416580,0.0676310425908,0.0757786461647,0.3488342191051,15.1439384097487
35283,3.5501365266277,0.0032889756782,0.0674102707418,0.0757188517923,0.3488342191051,15.1439384097487
35287,3.5502053889820,0.0032667403994,0.0673361974418,0.0756838420348,0.3488342191051,15.1439384097487
35290,3.5502734330057,0.0032667403994,0.0673331120204,0.0756837029169,0.3488342191051,15.1439384097487
35291,3.5501843920067,0.0032199063791,0.0673273749565,0.0756603223184,0.3488342191051,15.1439384097487
35292,3.5501815290778,0.0032177137030,0.0673292807341,0.0756600227246,0.3488342191051,15.1439384097487
35357,3.5504123176857,0.0033639894436,0.0668978102949,0.0755718813857,0.3488342191051,15.1439384097487
35401,3.5501113977929,0.0035276853903,0.0666825866403,0.0755609132042,0.3350203840285,15.1439384097487
35402,3.5501429763062,0.0035427256062,0.0666493322774,0.0755559292867,0.3350203840285,15.1439384097487
35417,3.5507417699916,0.0036257387831,0.0664310557821,0.0755220233618,0.3350203840285,15.1439384097487
40450,3.5641237524276,0.0041759792966,0.0616725540906,0.0742477299902,0.0566194821669,15.1439384097487
40460,3.5641271526023,0.0040746203618,0.0617300470748,0.0742248717676,0.0566194821669,15.1439384097487
40473,3.5643438920663,0.0041679798850,0.0614391299527,0.0741640508685,0.0543773506731,15.1439384097487
40476,3.5643464936248,0.0042148139053,0.0613818534967,0.0741637035263,0.0543773506731,15.1439384097487
40477,3.5643221434965,0.0042148139053,0.0613740648067,0.0741605772986,0.0543773506731,15.1439384097487
40483,3.5641941377578,0.0042068310214,0.0613581238991,0.0741496516087,0.0543773506731,15.1439384097487
40484,3.5643333632345,0.0041866341601,0.0612826792922,0.0741160213397,0.0543773506731,15.1439384097487
40485,3.5645569064740,0.0041398001399,0.0612805943911,0.0740983681311,0.0543773506731,15.1439384097487
40487,3.5645550379196,0.0039955297614,0.0610664878958,0.0739600449235,0.0543773506731,15.1439384097487
40488,3.5644705556828,0.0040423637816,0.0608797240470,0.0739122198539,0.0543773506731,15.1439384097487
40519,3.5636583742514,0.0042494670034,0.0606069273302,0.0738920586658,0.0543773506731,15.1439384097487
40534,3.5640786808478,0.0040267230589,0.0605346056202,0.0737767151033,0.0543773506731,15.1439384097487
40535,3.5641478754951,0.0040461320994,0.0604818632859,0.0737671758152,0.0543773506731,15.1439384097487
40540,3.5641917410924,0.0040879637328,0.0604260706032,0.0737657983953,0.0543773506731,15.1439384097487
40541,3.5641528955234,0.0040727692583,0.0604329090295,0.0737611791105,0.0543773506731,15.1439384097487
41126,3.5658230184163,0.0036282399765,0.0608997118214,0.0737610139711,0.0444302545456,15.1439384097487
41127,3.5657715158442,0.0036650526954,0.0608572025184,0.0737608801988,0.0444302545456,15.1439384097487
41134,3.5656115073789,0.0036393741437,0.0607810631911,0.0737204183792,0.0444302545456,15.1439384097487
41135,3.5655618003346,0.0036393741437,0.0607526781248,0.0737095775042,0.0444302545456,15.1439384097487
41141,3.5654154603283,0.0036374899848,0.0606727402708,0.0736781500726,0.0435416494546,15.1439384097487
41148,3.5654755456509,0.0035565152254,0.0606677248018,0.0736425055687,0.0435416494546,15.1439384097487
41151,3.5655869603301,0.0035096812052,0.0606657355073,0.0736232998936,0.0426708164655,15.1439384097487
41153,3.5655074658068,0.0034644062989,0.0606754187378,0.0736062298168,0.0426708164655,15.1439384097487
41156,3.5654654921335,0.0034736563071,0.0606215461414,0.0735903599684,0.0426708164655,15.1439384097487
41187,3.5655865284302,0.0033524255560,0.0607543782216,0.0735875566163,0.0426708164655,15.1439384097487
41200,3.5658438160046,0.0032477776070,0.0608672325490,0.0735866532142,0.0426708164655,15.1439384097487
41201,3.5659011845569,0.0032358721467,0.0602816662357,0.0733732318091,0.0426708164655,15.1439384097487
41211,3.5657861088468,0.0033356389121,0.0601547244074,0.0733690243134,0.0426708164655,15.1439384097487
43521,3.5743838065357,0.0041391996331,0.0588448758784,0.0733672612800,0.0186380321329,15.1439384097487
43522,3.5743918512568,0.0040923656129,0.0585302145089,0.0732349243287,0.0186380321329,15.1439384097487
43575,3.5747884646437,0.0041645861953,0.0582807727427,0.0731824017147,0.0182652714902,15.1439384097487
43577,3.5748396842133,0.0041627185641,0.0580171000128,0.0730881572227,0.0182652714902,15.1439384097487
43578,3.5749642356843,0.0042460402582,0.0577002400532,0.0730124646439,0.0182652714902,15.1439384097487
43579,3.5750392485042,0.0042463487755,0.0576232571427,0.0729861643953,0.0182652714902,15.1439384097487
43580,3.5752467461954,0.0042463487755,0.0575881039317,0.0729765457556,0.0182652714902,15.1439384097487
43583,3.5750032543228,0.0041995147553,0.0575838042058,0.0729514930225,0.0182652714902,15.1439384097487
43584,3.5748037104910,0.0041161930611,0.0575975384731,0.0729178652886,0.0182652714902,15.1439384097487
43720,3.5738801292056,0.0046081733976,0.0570391945713,0.0729162368546,0.0171911274044,15.1439384097487
43721,3.5738690750549,0.0046319843182,0.0570026799754,0.0729132441922,0.0171911274044,15.1439384097487
44078,3.5745906488021,0.0043540653693,0.0571646989177,0.0728622101995,0.0152286292297,15.1439384097487
44080,3.5745766383339,0.0043409093123,0.0571395913176,0.0728474066421,0.0152286292297,15.1439384097487
44085,3.5742200036080,0.0042805941901,0.0572033053828,0.0728392659698,0.0152286292297,15.1439384097487
44089,3.5741705356494,0.0042091614285,0.0572860015772,0.0728374863160,0.0152286292297,15.1439384097487
45057,3.5778499983320,0.0035419377854,0.0569654787174,0.0724891250267,0.0108019981817,15.1439384097487
45058,3.5779886155506,0.0035419377854,0.0569373555245,0.0724810424535,0.0108019981817,15.1439384097487
45063,3.5779122940648,0.0035867333881,0.0561167466860,0.0722060860399,0.0108019981817,15.1439384097487
46048,3.5822204800823,0.0037038873041,0.0548611988879,0.0718688454768,0.0076620924285,15.1439384097487
46075,3.5817893610004,0.0035518048281,0.0536731494683,0.0713732636025,0.0075088505800,15.1439384097487
46085,3.5820394171849,0.0034236875313,0.0536932528975,0.0713290742640,0.0075088505800,15.1439384097487
46090,3.5818316582882,0.0034185143581,0.0535954770572,0.0712889974723,0.0075088505800,15.1439384097487
46091,3.5818008338316,0.0034653483783,0.0534440736886,0.0712545603997,0.0075088505800,15.1439384097487
46094,3.5818195684072,0.0034396698266,0.0534223804109,0.0712360727999,0.0075088505800,15.1439384097487
46095,3.5817870063329,0.0034815014600,0.0532820823584,0.0712034334443,0.0075088505800,15.1439384097487
46096,3.5818183207207,0.0034703838206,0.0532316823609,0.0711811118390,0.0075088505800,15.1439384097487
46098,3.5817966107542,0.0035222202276,0.0530802971397,0.0711489540970,0.0075088505800,15.1439384097487
46120,3.5821384706607,0.0035201487547,0.0530543095472,0.0711436223347,0.0073586735684,15.1439384097487
46312,3.5822812594140,0.0036026661003,0.0529268837782,0.0711354981594,0.0069259246932,15.1439384097487
46313,3.5823300835717,0.0036495001205,0.0528577073320,0.0711315548673,0.0069259246932,15.1439384097487
46314,3.5822972050341,0.0036026661003,0.0528453527892,0.0711066055785,0.0069259246932,15.1439384097487
46315,3.5822890568801,0.0036026661003,0.0527834452795,0.0710843804578,0.0069259246932,15.1439384097487
46316,3.5823434412637,0.0035558320801,0.0526987661987,0.0710348357414,0.0069259246932,15.1439384097487
46324,3.5821427571011,0.0034736067240,0.0527134525600,0.0710020017647,0.0069259246932,15.1439384097487
46340,3.5822106468225,0.0035906063814,0.0525404811297,0.0709913295992,0.0069259246932,15.1439384097487
46341,3.5823017443458,0.0035437723612,0.0525249479088,0.0709669993212,0.0069259246932,15.1439384097487
46342,3.5822975595324,0.0035047834938,0.0525536433667,0.0709604789696,0.0069259246932,15.1439384097487
46394,3.5815653575097,0.0033675704474,0.0527332937997,0.0709554736376,0.0067874061993,15.1439384097487
46456,3.5822645752745,0.0038080559495,0.0521596424548,0.0709492715427,0.0066516580753,15.1439384097487
46631,3.5810989810075,0.0035346931393,0.0525079142161,0.0709400057437,0.0062604873672,15.1439384097487
46813,3.5824068107344,0.0036338759256,0.0523328886901,0.0709385092387,0.0057744742136,15.1439384097487
46821,3.5828402648590,0.0037171976197,0.0522121605969,0.0709372347069,0.0057744742136,15.1439384097487
46853,3.5816392888412,0.0036053876632,0.0523930432203,0.0709369233608,0.0057744742136,15.1439384097487
46994,3.5811406395746,0.0033703966857,0.0526397170350,0.0709172548792,0.0054348889340,15.1439384097487
47189,3.5799631919718,0.0031451846033,0.0526964113948,0.0708243225962,0.0051152739856,15.1439384097487
47197,3.5800481720131,0.0029443839481,0.0528787461888,0.0708045872037,0.0051152739856,15.1439384097487
47234,3.5801017424090,0.0030300691048,0.0524464290596,0.0706876684565,0.0051152739856,15.1439384097487
47237,3.5803005880293,0.0030086051190,0.0523723881495,0.0706548400755,0.0051152739856,15.1439384097487
47238,3.5803395420616,0.0030086051190,0.0522551070102,0.0706135051513,0.0051152739856,15.1439384097487
47239,3.5805579672448,0.0030554391393,0.0521875413564,0.0706125369853,0.0051152739856,15.1439384097487
47280,3.5802483204468,0.0029149701340,0.0523322377206,0.0705996317745,0.0049127091358,15.1439384097487
47281,3.5801465377424,0.0029149701340,0.0523263678410,0.0705960951705,0.0049127091358,15.1439384097487
47290,3.5796142869826,0.0029243744008,0.0522483757172,0.0705647399280,0.0049127091358,15.1439384097487
47291,3.5795990346580,0.0028775403806,0.0521979518021,0.0705264438446,0.0049127091358,15.1439384097487
49280,3.5872901230781,0.0032228703484,0.0514762169878,0.0705255083546,0.0024717675442,15.1439384097487
49281,3.5871435892003,0.0032228703484,0.0511070462515,0.0703915882185,0.0024717675442,15.1439384097487
49308,3.5868302729899,0.0033575987292,0.0509547761999,0.0703905133885,0.0024223321933,15.1439384097487
49311,3.5867164259916,0.0033666779511,0.0509275254550,0.0703830611473,0.0024223321933,15.1439384097487
50366,3.5888138755535,0.0035661949541,0.0505284558729,0.0703557223544,0.0016838486907,15.1439384097487
50575,3.5898750128610,0.0029686576445,0.0509820011380,0.0702766304096,0.0015531284185,15.1439384097487
50576,3.5898468351610,0.0029233827383,0.0510363379663,0.0702762341759,0.0015531284185,15.1439384097487
50577,3.5900205447714,0.0029233827383,0.0510191161562,0.0702725415088,0.0015531284185,15.1439384097487
50581,3.5898897583015,0.0028976876588,0.0507212554428,0.0701532998859,0.0015531284185,15.1439384097487
50585,3.5898840826721,0.0029612917952,0.0505678715609,0.0701256985339,0.0015531284185,15.1439384097487
50586,3.5898775084394,0.0029612917952,0.0504623927508,0.0700879345053,0.0015531284185,15.1439384097487
51098,3.5924548971705,0.0030098391880,0.0502583167577,0.0700723261255,0.0012949173432,15.1439384097487
51588,3.5928213368302,0.0029956363761,0.0500178332509,0.0699855373360,0.0011016677929,15.1439384097487
51589,3.5928895388376,0.0029956363761,0.0499866983857,0.0699753827952,0.0011016677929,15.1439384097487
51591,3.5930525929316,0.0029956363761,0.0499124870893,0.0699511859652,0.0011016677929,15.1439384097487
51948,3.5948181659114,0.0033033658042,0.0494709026807,0.0699503440279,0.0009759040206,15.1439384097487
52051,3.5959500682805,0.0030978547518,0.0496125915467,0.0699288873717,0.0009372582214,15.1439384097487
52052,3.5959220083713,0.0031268223177,0.0493955401380,0.0698633866368,0.0009372582214,15.1439384097487
52064,3.5960187086092,0.0031634807780,0.0492993107299,0.0698460980616,0.0009185130570,15.1439384097487
52074,3.5954462668167,0.0031265138005,0.0492556573729,0.0698065645736,0.0009185130570,15.1439384097487
52075,3.5954384706895,0.0030998766416,0.0492117391939,0.0697793532697,0.0009185130570,15.1439384097487
52177,3.5960716052516,0.0026684152690,0.0497040245955,0.0697792162794,0.0009001427958,15.1439384097487
52179,3.5959888309671,0.0026788993462,0.0496873323301,0.0697765766814,0.0009001427958,15.1439384097487
52180,3.5961517383058,0.0027257333664,0.0495765344654,0.0697593828663,0.0009001427958,15.1439384097487
52181,3.5962541242911,0.0027725673867,0.0493932141505,0.0697154318031,0.0009001427958,15.1439384097487
52196,3.5963764298950,0.0027935520688,0.0493455408879,0.0697091296892,0.0008821399399,15.1439384097487
52197,3.5962883032481,0.0028026312907,0.0492950002757,0.0696937235795,0.0008821399399,15.1439384097487
52200,3.5964073752669,0.0028494653110,0.0490449861787,0.0696261894146,0.0008821399399,15.1439384097487
54396,3.5976255141496,0.0026821883604,0.0491468986708,0.0696081331952,0.0004177363679,15.1439384097487
58173,3.5985009211249,0.0036418257540,0.0479259615910,0.0695957443568,0.0001193765378,15.1439384097487
58174,3.5985920442781,0.0036540397315,0.0478763912515,0.0695845646125,0.0001193765378,15.1439384097487
58175,3.5985559842974,0.0036540397315,0.0478668912645,0.0695806615137,0.0001193765378,15.1439384097487
58176,3.5986193974695,0.0037008737517,0.0477317724955,0.0695533738255,0.0001193765378,15.1439384097487
58187,3.5988535130429,0.0037671498679,0.0476028021765,0.0695390297668,0.0001193765378,15.1439384097487
58204,3.5983142280124,0.0036048753042,0.0477496883913,0.0695143120406,0.0001193765378,15.1439384097487
58205,3.5983971551438,0.0035207657892,0.0478025180789,0.0694983062645,0.0001193765378,15.1439384097487
58215,3.5979487399829,0.0035024365590,0.0478190820281,0.0694900215318,0.0001193765378,15.1439384097487
58384,3.5984948775729,0.0033980089795,0.0479107623203,0.0694857376267,0.0001123562424,15.1439384097487
58385,3.5984053282361,0.0033511749593,0.0478953869253,0.0694589075741,0.0001123562424,15.1439384097487
58391,3.5982270691907,0.0033719888551,0.0478764095651,0.0694585278330,0.0001123562424,15.1439384097487
58392,3.5982996073834,0.0033795089631,0.0478471173462,0.0694523156402,0.0001123562424,15.1439384097487
58393,3.5982998254085,0.0033342340568,0.0478111543060,0.0694200712510,0.0001123562424,15.1439384097487
58395,3.5983114960841,0.0032596665396,0.0478391911854,0.0693982920542,0.0001123562424,15.1439384097487
58399,3.5982895260986,0.0032449513686,0.0478152292955,0.0693831168607,0.0001123562424,15.1439384097487
58404,3.5984506771076,0.0033405200957,0.0476915827998,0.0693821956998,0.0001123562424,15.1439384097487
58405,3.5982140308137,0.0032936860755,0.0477444124875,0.0693776431933,0.0001123562424,15.1439384097487
58410,3.5981450287634,0.0033759114316,0.0476021954921,0.0693611144731,0.0001123562424,15.1439384097487
58419,3.5981507286751,0.0033505413971,0.0475765980940,0.0693411803267,0.0001123562424,15.1439384097487
58422,3.5982566474036,0.0033505413971,0.0475400620422,0.0693296304797,0.0001123562424,15.1439384097487
58429,3.5982022982528,0.0033505413971,0.0475013088531,0.0693150210181,0.0001123562424,15.1439384097487
58473,3.5980462417948,0.0032233496520,0.0475926422894,0.0692909211662,0.0001123562424,15.1439384097487
58482,3.5979274324903,0.0032233496520,0.0475031699423,0.0692572856128,0.0001101091175,15.1439384097487
58519,3.5978622420882,0.0032712965380,0.0473721680473,0.0692301254474,0.0001079069352,15.1439384097487
58521,3.5979445140021,0.0032982256864,0.0473350293144,0.0692295668199,0.0001079069352,15.1439384097487
58524,3.5979065357195,0.0032932232996,0.0473274804525,0.0692241895276,0.0001079069352,15.1439384097487
58525,3.5980640168396,0.0032463892794,0.0473771509068,0.0692240855998,0.0001079069352,15.1439384097487
58526,3.5982873336272,0.0032932232996,0.0473095852530,0.0692231866498,0.0001079069352,15.1439384097487
58527,3.5983025994842,0.0032463892794,0.0472935044271,0.0691975877855,0.0001079069352,15.1439384097487
58529,3.5983326165041,0.0031995552592,0.0473438482706,0.0691959207455,0.0001079069352,15.1439384097487
58537,3.5984431148777,0.0031010225628,0.0473868593550,0.0691706170932,0.0001079069352,15.1439384097487
59344,3.5969380791428,0.0033024402524,0.0471561651278,0.0691532520099,0.0000846763767,15.1439384097487
59345,3.5969415149615,0.0033024402524,0.0471483162670,0.0691504974620,0.0000829828491,15.1439384097487
59346,3.5968748534244,0.0032800341872,0.0471618794169,0.0691447955884,0.0000829828491,15.1439384097487
59347,3.5968283480704,0.0033268682075,0.0470945945323,0.0691401789478,0.0000829828491,15.1439384097487
59502,3.5972342667574,0.0031703838514,0.0471867285755,0.0691117629614,0.0000796967283,15.1439384097487
59504,3.5971402606376,0.0031913850613,0.0471394721840,0.0691025560170,0.0000796967283,15.1439384097487
59505,3.5970466313248,0.0032093892465,0.0471176605384,0.0691011573744,0.0000796967283,15.1439384097487
59508,3.5969679672311,0.0032562232667,0.0470470477063,0.0690948971371,0.0000796967283,15.1439384097487
59515,3.5967824506859,0.0032422628612,0.0469576655481,0.0690543668601,0.0000796967283,15.1439384097487
61491,3.5989258184768,0.0031923106131,0.0468935467661,0.0690403876995,0.0000461896357,15.1439384097487
61494,3.5989441636283,0.0031454765928,0.0469392758471,0.0690369073738,0.0000461896357,15.1439384097487
61509,3.5993900474898,0.0031370144054,0.0468850530997,0.0690202246819,0.0000461896357,15.1439384097487
61511,3.5994463173008,0.0031050498147,0.0468929756278,0.0690101512600,0.0000461896357,15.1439384097487
61512,3.5994304768135,0.0030953370306,0.0468835130232,0.0690023849948,0.0000461896357,15.1439384097487
62355,3.5993504908952,0.0031326455808,0.0468260279200,0.0689967121841,0.0000369854894,15.1439384097487
62825,3.6018202319175,0.0030159379129,0.0467486492801,0.0689540060536,0.0000327633140,15.1439384097487
62866,3.6016630703809,0.0029355801881,0.0467976797797,0.0689348540962,0.0000321080477,15.1439384097487
62934,3.6011447509370,0.0028157542923,0.0468704237799,0.0689021459555,0.0000314658867,15.1439384097487
62941,3.6010149559694,0.0027689202720,0.0468895901093,0.0688870827601,0.0000314658867,15.1439384097487
62942,3.6010278759313,0.0027220862518,0.0469274953686,0.0688807314463,0.0000314658867,15.1439384097487
62943,3.6008702814970,0.0027220862518,0.0469313283395,0.0688798704138,0.0000314658867,15.1439384097487
62962,3.6006799104428,0.0027220862518,0.0468266133247,0.0688397784566,0.0000314658867,15.1439384097487
64141,3.6007229827735,0.0030762695628,0.0463313673809,0.0688153072234,0.0000232397317,15.1439384097487
65628,3.6027211717671,0.0029639307195,0.0463593777540,0.0688054399500,0.0000168208649,15.1439384097487
65634,3.6028591814393,0.0029904136198,0.0463001727747,0.0687975979565,0.0000168208649,15.1439384097487
65635,3.6029134514342,0.0029904136198,0.0462734275002,0.0687888139896,0.0000168208649,15.1439384097487
66165,3.6038941675532,0.0029302692840,0.0462948149687,0.0687845532946,0.0000149006350,15.1439384097487
66236,3.6039752452533,0.0029313821498,0.0462502668910,0.0687702674534,0.0000149006350,15.1439384097487
66242,3.6040078610796,0.0029053785531,0.0462742287808,0.0687681423844,0.0000149006350,15.1439384097487
66247,3.6039908825890,0.0029237077832,0.0462508946660,0.0687674239118,0.0000149006350,15.1439384097487
66252,3.6040242346362,0.0029522125733,0.0461680328265,0.0687505186655,0.0000149006350,15.1439384097487
66255,3.6039350538495,0.0029822764774,0.0461020298480,0.0687385688014,0.0000149006350,15.1439384097487
66257,3.6039185487270,0.0028998803350,0.0461616285878,0.0687243078867,0.0000149006350,15.1439384097487
66267,3.6039186115907,0.0028907845854,0.0461704336651,0.0687235552683,0.0000149006350,15.1439384097487
66276,3.6037531575366,0.0028077714085,0.0462385047607,0.0687099481343,0.0000149006350,15.1439384097487
66279,3.6038101697336,0.0028517957180,0.0460061096832,0.0686466241723,0.0000146026223,15.1439384097487
66283,3.6037406523839,0.0028361384677,0.0459894879719,0.0686329939308,0.0000146026223,15.1439384097487
66375,3.6038670329216,0.0028840688260,0.0459087093146,0.0686264742687,0.0000143105698,15.1439384097487
66392,3.6038501604977,0.0028872035816,0.0458562377281,0.0686088391394,0.0000143105698,15.1439384097487
66396,3.6036806406293,0.0029487527727,0.0457763967377,0.0686043040300,0.0000143105698,15.1439384097487
66428,3.6037565414182,0.0029561186221,0.0457544608078,0.0686007005529,0.0000143105698,15.1439384097487
66433,3.6038226248160,0.0029597326813,0.0457095451332,0.0685871431987,0.0000143105698,15.1439384097487
66465,3.6038896816391,0.0029122650988,0.0457392923813,0.0685783728158,0.0000143105698,15.1439384097487
66470,3.6040210799804,0.0029122650988,0.0457005770409,0.0685664051863,0.0000143105698,15.1439384097487
66576,3.6039289576551,0.0028378683679,0.0457931655570,0.0685662846755,0.0000137438713,15.1439384097487
66740,3.6046375642187,0.0025405569062,0.0460671957152,0.0685467601267,0.0000134689938,15.1439384097487
66765,3.6047772260609,0.0025588861364,0.0460205559898,0.0685399346719,0.0000134689938,15.1439384097487
67293,3.6046170991443,0.0027081258463,0.0458048412832,0.0685245877958,0.0000121749036,15.1439384097487
67970,3.6031734317874,0.0027339751844,0.0457611809917,0.0684996453259,0.0000105693447,15.1439384097487
67972,3.6031997655522,0.0027339751844,0.0457369400057,0.0684913604519,0.0000105693447,15.1439384097487
68007,3.6032063113187,0.0027339751844,0.0457089356007,0.0684814515009,0.0000103579578,15.1439384097487
68016,3.6032208247174,0.0027339751844,0.0456494934707,0.0684604275324,0.0000103579578,15.1439384097487
68122,3.6033183895875,0.0028224700517,0.0455277415032,0.0684562515949,0.0000101507987,15.1439384097487
68146,3.6032528970482,0.0028224700517,0.0454905177596,0.0684420306857,0.0000101507987,15.1439384097487
68167,3.6032474631079,0.0028224700517,0.0454905177596,0.0684419537958,0.0000101507987,15.1439384097487
68522,3.6035096168116,0.0027969292309,0.0454875570090,0.0684336597762,0.0000093627735,15.1439384097487
68604,3.6033285369109,0.0027548056079,0.0455275915387,0.0684273425727,0.0000093627735,15.1439384097487
68624,3.6032487008410,0.0027745396934,0.0454984038663,0.0684242461942,0.0000091755180,15.1439384097487
68625,3.6031196664042,0.0027745396934,0.0454734774647,0.0684135180793,0.0000091755180,15.1439384097487
68647,3.6031253439998,0.0028204481619,0.0454136092819,0.0684118919810,0.0000091755180,15.1439384097487
68826,3.6034326845725,0.0027311820014,0.0454960924805,0.0684074421888,0.0000089920077,15.1439384097487
68835,3.6035713951518,0.0027144118852,0.0454999500378,0.0684035954406,0.0000088121675,15.1439384097487
68845,3.6035766235811,0.0027612459055,0.0454161386058,0.0683938084912,0.0000088121675,15.1439384097487
68912,3.6034608296143,0.0027968080277,0.0453696595744,0.0683908112697,0.0000086359242,15.1439384097487
68922,3.6034439657158,0.0027968080277,0.0453550166504,0.0683853430310,0.0000086359242,15.1439384097487
68967,3.6036694557259,0.0027499740074,0.0453917694382,0.0683815879722,0.0000086359242,15.1439384097487
69057,3.6036590345451,0.0027054869220,0.0454145797444,0.0683705211574,0.0000084632057,15.1439384097487
69189,3.6030035664443,0.0027339917121,0.0454027024063,0.0683692207598,0.0000082939416,15.1439384097487
69211,3.6031076017092,0.0027339917121,0.0453653501987,0.0683573527777,0.0000081280627,15.1439384097487
69252,3.6031040482163,0.0027808257323,0.0452844886099,0.0683484950801,0.0000081280627,15.1439384097487
69578,3.6030141008086,0.0027543428320,0.0453082186976,0.0683443475472,0.0000076500676,15.1439384097487
69632,3.6029836422870,0.0027543428320,0.0452367270823,0.0683183838414,0.0000076500676,15.1439384097487
69747,3.6032845715032,0.0027720550277,0.0451576425383,0.0683019884307,0.0000073471249,15.1439384097487
69787,3.6032499970917,0.0028188890479,0.0450828656158,0.0682948648842,0.0000073471249,15.1439384097487
69799,3.6031330743776,0.0027363386469,0.0451198877149,0.0682710538706,0.0000073471249,15.1439384097487
69800,3.6031694277317,0.0027466849932,0.0450968699606,0.0682677817900,0.0000073471249,15.1439384097487
69823,3.6031334668241,0.0027206979242,0.0450762658528,0.0682487770204,0.0000073471249,15.1439384097487
69947,3.6032879571022,0.0027316447773,0.0450552811627,0.0682481600238,0.0000072001824,15.1439384097487
70137,3.6032065653632,0.0027751897833,0.0449799377054,0.0682387621039,0.0000069150552,15.1439384097487
70236,3.6031487806036,0.0027751897833,0.0449799377054,0.0682379444535,0.0000067767541,15.1439384097487
70322,3.6033736761182,0.0027283557631,0.0450262526552,0.0682375960405,0.0000066412190,15.1439384097487
70323,3.6032837000713,0.0026815217428,0.0450851438207,0.0682372837216,0.0000066412190,15.1439384097487
70385,3.6033651323849,0.0026998509729,0.0450492150307,0.0682334596570,0.0000065083946,15.1439384097487
70426,3.6033718226327,0.0027466849932,0.0449645936947,0.0682234041408,0.0000065083946,15.1439384097487
70780,3.6034076118483,0.0027765946386,0.0449270184627,0.0682233092496,0.0000061256490,15.1439384097487
70781,3.6033941783846,0.0027765946386,0.0449065232648,0.0682157994534,0.0000061256490,15.1439384097487
70911,3.6034267535529,0.0026880997713,0.0449865926970,0.0682069302439,0.0000060031360,15.1439384097487
70922,3.6033461198471,0.0027349337915,0.0449089619952,0.0681981357547,0.0000060031360,15.1439384097487
71008,3.6033423710617,0.0027817678118,0.0448474107019,0.0681961718279,0.0000058830733,15.1439384097487
71424,3.6032254226603,0.0027181802031,0.0449274624825,0.0681958551052,0.0000054263595,15.1439384097487
71499,3.6032945013350,0.0027650142233,0.0448675260991,0.0681954984355,0.0000054263595,15.1439384097487
71505,3.6033220461635,0.0027650142233,0.0448540574987,0.0681910779786,0.0000054263595,15.1439384097487
71535,3.6032606042735,0.0027647057061,0.0448356027708,0.0681834853840,0.0000054263595,15.1439384097487
71688,3.6033382920399,0.0027349337915,0.0448169396830,0.0681651598803,0.0000052114756,15.1439384097487
71839,3.6034031569045,0.0027410490441,0.0447980682352,0.0681619587335,0.0000051072461,15.1439384097487
71997,3.6032628113278,0.0027886708852,0.0447405343642,0.0681598344024,0.0000049049992,15.1439384097487
72287,3.6031726919162,0.0028290811356,0.0446843110260,0.0681557981338,0.0000046165460,15.1439384097487
72390,3.6030811068692,0.0027292978425,0.0447625097602,0.0681396660625,0.0000046165460,15.1439384097487
72392,3.6032127354014,0.0026642888508,0.0448206761543,0.0681344413131,0.0000046165460,15.1439384097487
72416,3.6031135892115,0.0026940607653,0.0447844521954,0.0681328606649,0.0000046165460,15.1439384097487
72452,3.6032641914705,0.0027440130134,0.0446727519669,0.0681165068444,0.0000045242151,15.1439384097487
72470,3.6033009522003,0.0026971789932,0.0446964300377,0.0681054117371,0.0000045242151,15.1439384097487
72475,3.6032412633314,0.0026971789932,0.0446743727578,0.0680966895437,0.0000044337308,15.1439384097487
72806,3.6033829660850,0.0027357050847,0.0446126594838,0.0680931653552,0.0000042581550,15.1439384097487
72836,3.6033926319386,0.0027794208770,0.0445277951765,0.0680817287848,0.0000042581550,15.1439384097487
72853,3.6033520064483,0.0027418203373,0.0445081154191,0.0680580109350,0.0000041729919,15.1439384097487
73073,3.6034019087035,0.0027375892436,0.0444320284088,0.0680297297905,0.0000040895321,15.1439384097487
73091,3.6034222224884,0.0027105058365,0.0444531170847,0.0680259417247,0.0000040895321,15.1439384097487
73468,3.6035134672177,0.0027504367833,0.0443930699435,0.0680229006868,0.0000036966131,15.1439384097487
73485,3.6035309590923,0.0027972708035,0.0443306876454,0.0680209405265,0.0000036966131,15.1439384097487
73564,3.6034441970261,0.0028083884430,0.0442915487397,0.0680104993710,0.0000036966131,15.1439384097487
73633,3.6036928303979,0.0027615544227,0.0443375125584,0.0680103614432,0.0000036226808,15.1439384097487
73675,3.6037658326876,0.0028083884430,0.0442583076788,0.0680031786866,0.0000036226808,15.1439384097487
73816,3.6038139571368,0.0027147204025,0.0443533946860,0.0679976758439,0.0000034792227,15.1439384097487
73882,3.6037990430900,0.0027446300479,0.0442523103839,0.0679741816941,0.0000034792227,15.1439384097487
74039,3.6037048568967,0.0027605958156,0.0442331382780,0.0679728442570,0.0000034096382,15.1439384097487
74150,3.6037398582751,0.0027225325000,0.0442467408990,0.0679618847535,0.0000032746166,15.1439384097487
74311,3.6036991140801,0.0027491696589,0.0442095867425,0.0679594548095,0.0000032091242,15.1439384097487
74318,3.6037648079710,0.0027609208605,0.0441702489367,0.0679513713866,0.0000032091242,15.1439384097487
74325,3.6037840512326,0.0027609208605,0.0441500022465,0.0679444127167,0.0000032091242,15.1439384097487
74596,3.6037903654011,0.0026838521499,0.0441882992984,0.0679251501329,0.0000030820429,15.1439384097487
74883,3.6037599726771,0.0026838521499,0.0441706049800,0.0679184006784,0.0000029007941,15.1439384097487
74965,3.6037183119366,0.0026963911724,0.0441500064086,0.0679158284159,0.0000028427782,15.1439384097487
75049,3.6037820659896,0.0027432251926,0.0440898854288,0.0679153304759,0.0000027859227,15.1439384097487
75152,3.6038487053325,0.0027493404452,0.0440708663039,0.0679121016961,0.0000027302042,15.1439384097487
75178,3.6037585011249,0.0027103350502,0.0441152835683,0.0679099720234,0.0000027302042,15.1439384097487
75222,3.6037256660040,0.0027571690704,0.0440516388191,0.0679068488640,0.0000027302042,15.1439384097487
75258,3.6037749371481,0.0027043905839,0.0440923793329,0.0678994768796,0.0000027302042,15.1439384097487
75289,3.6037193916652,0.0027432251926,0.0440322029742,0.0678938427618,0.0000027302042,15.1439384097487
75454,3.6036605084515,0.0027432251926,0.0440125587694,0.0678859937808,0.0000026220881,15.1439384097487
75549,3.6035641136914,0.0027565355082,0.0439727862441,0.0678761297491,0.0000025696464,15.1439384097487
75808,3.6034604446837,0.0027245709175,0.0439329142689,0.0678467237381,0.0000024678884,15.1439384097487
76112,3.6034307125628,0.0026777368973,0.0439708873592,0.0678397931256,0.0000023227568,15.1439384097487
76433,3.6034794831635,0.0027067209910,0.0439273299447,0.0678373487613,0.0000021861601,15.1439384097487
76469,3.6035457653061,0.0027535550112,0.0438493854291,0.0678305210451,0.0000021861601,15.1439384097487
77176,3.6036417590627,0.0027245709175,0.0438692749131,0.0678265609831,0.0000019365933,15.1439384097487
77607,3.6036633242246,0.0027535550112,0.0438121582281,0.0678188890670,0.0000017505269,15.1439384097487
77660,3.6036551257736,0.0027071837668,0.0438488164353,0.0678119918859,0.0000017505269,15.1439384097487
77762,3.6037763498768,0.0026789874940,0.0438710328878,0.0678095575292,0.0000017155164,15.1439384097487
77825,3.6037606750472,0.0026789874940,0.0438568114527,0.0678042566475,0.0000017155164,15.1439384097487
77841,3.6038041007339,0.0027109520847,0.0437826868635,0.0677920971607,0.0000017155164,15.1439384097487
77842,3.6037512476331,0.0027109520847,0.0437813421994,0.0677908690557,0.0000017155164,15.1439384097487
77843,3.6038102190138,0.0027577861049,0.0437227648477,0.0677908547371,0.0000017155164,15.1439384097487
77874,3.6037799117187,0.0027109520847,0.0437606911325,0.0677838992696,0.0000016812061,15.1439384097487
78696,3.6038159070215,0.0027234911071,0.0437405282009,0.0677825814205,0.0000014594979,15.1439384097487
78714,3.6037899098144,0.0027524752008,0.0436827493513,0.0677740000128,0.0000014303080,15.1439384097487
78727,3.6037392654270,0.0027205106102,0.0437206571764,0.0677731227968,0.0000014303080,15.1439384097487
78745,3.6037837950696,0.0027673446304,0.0436426344048,0.0677659593356,0.0000014303080,15.1439384097487
78751,3.6037400873961,0.0027067209910,0.0436922819050,0.0677570905653,0.0000014303080,15.1439384097487
78832,3.6037882327961,0.0027535550112,0.0436024200083,0.0677457500079,0.0000014303080,15.1439384097487
79101,3.6038559107610,0.0027245709175,0.0436223094924,0.0677413892793,0.0000013461944,15.1439384097487
79275,3.6037748950340,0.0027421288545,0.0435820141055,0.0677333765327,0.0000012928851,15.1439384097487
79610,3.6037070174795,0.0027421288545,0.0435583461751,0.0677239632376,0.0000012168531,15.1439384097487
79702,3.6037311292246,0.0027711129482,0.0435145246886,0.0677210756407,0.0000012168531,15.1439384097487
80460,3.6037160885905,0.0028179469684,0.0434563352171,0.0677201525856,0.0000010563813,15.1439384097487
80513,3.6036925295263,0.0028647809887,0.0433977351238,0.0677189623446,0.0000010352536,15.1439384097487
80554,3.6036974537304,0.0028179469684,0.0434419364110,0.0677147464728,0.0000010352536,15.1439384097487
80719,3.6037192482047,0.0028179469684,0.0434216394181,0.0677078059371,0.0000010145486,15.1439384097487
80876,3.6036973241080,0.0027003137488,0.0435263801659,0.0676944888856,0.0000009743724,15.1439384097487
80903,3.6038096319994,0.0026788497631,0.0435072538446,0.0676800483546,0.0000009743724,15.1439384097487
80913,3.6037308552730,0.0027206813965,0.0434496451557,0.0676762869804,0.0000009743724,15.1439384097487
80917,3.6038000886181,0.0026788497631,0.0434429729845,0.0676569558664,0.0000009743724,15.1439384097487
81048,3.6037113051423,0.0026788497631,0.0434067558184,0.0676427648840,0.0000009548850,15.1439384097487
81248,3.6037257045480,0.0027256837833,0.0433479041824,0.0676420219161,0.0000009170716,15.1439384097487
81341,3.6037344836652,0.0027256837833,0.0433275261991,0.0676348682889,0.0000008987301,15.1439384097487
81471,3.6036545104317,0.0026368638710,0.0433975327351,0.0676206733306,0.0000008807555,15.1439384097487
81518,3.6036232944970,0.0026368638710,0.0433472380382,0.0676022692355,0.0000008631404,15.1439384097487
81633,3.6036125108742,0.0026836978913,0.0432479948679,0.0675867443815,0.0000008458776,15.1439384097487
81740,3.6037089101407,0.0026254211866,0.0432900558204,0.0675781544628,0.0000008458776,15.1439384097487
81746,3.6036734843499,0.0026254211866,0.0432767842101,0.0675729133295,0.0000008458776,15.1439384097487
81841,3.6036950055961,0.0026573857773,0.0432087627135,0.0675626235723,0.0000008123808,15.1439384097487
81928,3.6036534541254,0.0026688284617,0.0431880328491,0.0675595361064,0.0000008123808,15.1439384097487
81941,3.6035522717726,0.0026836978913,0.0431473509699,0.0675499477529,0.0000007961332,15.1439384097487
82159,3.6035172321509,0.0026658479647,0.0431681618247,0.0675492344243,0.0000007646064,15.1439384097487
82770,3.6035305621319,0.0027126819850,0.0431037935554,0.0675465060979,0.0000007052486,15.1439384097487
82962,3.6035926485132,0.0026368638710,0.0431599906983,0.0675349615469,0.0000006637743,15.1439384097487
82963,3.6035722226567,0.0026064914497,0.0431793785758,0.0675285800124,0.0000006637743,15.1439384097487
83037,3.6035870047377,0.0026533254700,0.0431145032633,0.0675256911463,0.0000006637743,15.1439384097487
83039,3.6035539906710,0.0026711753965,0.0430741425502,0.0675184594276,0.0000006637743,15.1439384097487
83185,3.6035117985511,0.0027031399872,0.0430346896743,0.0675174712094,0.0000006374888,15.1439384097487
83203,3.6035673519738,0.0027031399872,0.0429786545122,0.0674982447287,0.0000006374888,15.1439384097487
83271,3.6035172041178,0.0027180094167,0.0429377296617,0.0674892917345,0.0000006374888,15.1439384097487
83274,3.6034833749380,0.0027001594902,0.0429587834877,0.0674886823090,0.0000006374888,15.1439384097487
83290,3.6034809779292,0.0026725802518,0.0429789123794,0.0674840176078,0.0000006374888,15.1439384097487
83306,3.6034602551766,0.0026450175412,0.0430086935428,0.0674825479217,0.0000006247391,15.1439384097487
83359,3.6034357297151,0.0026450175412,0.0430025904502,0.0674800212121,0.0000006247391,15.1439384097487
83449,3.6034653251113,0.0026450175412,0.0429740218295,0.0674702369062,0.0000006122443,15.1439384097487
83584,3.6034692194677,0.0026724259932,0.0429086183729,0.0674586801131,0.0000005999994,15.1439384097487
84007,3.6034879918660,0.0027192600134,0.0428428698539,0.0674555358503,0.0000005534203,15.1439384097487
84680,3.6034245255235,0.0026091303741,0.0429486006493,0.0674452003873,0.0000004902432,15.1439384097487
84745,3.6034016486746,0.0026501741866,0.0428841276229,0.0674394408060,0.0000004902432,15.1439384097487
84822,3.6034445541322,0.0026895046266,0.0428035069254,0.0674281107119,0.0000004804383,15.1439384097487
84828,3.6034717259718,0.0026426706064,0.0427990883811,0.0674068454172,0.0000004804383,15.1439384097487
84984,3.6034897754467,0.0026736765899,0.0426961555749,0.0673836273782,0.0000004708296,15.1439384097487
85017,3.6034466632128,0.0026302858426,0.0427450093419,0.0673818690823,0.0000004614130,15.1439384097487
85022,3.6034560288369,0.0026302858426,0.0427103376286,0.0673696188505,0.0000004614130,15.1439384097487
85091,3.6034223110387,0.0026481357691,0.0426889598410,0.0673691567903,0.0000004614130,15.1439384097487
85249,3.6034226977262,0.0026771198628,0.0426296359406,0.0673603969091,0.0000004431410,15.1439384097487
85271,3.6034186203011,0.0026034944250,0.0426864590622,0.0673490794267,0.0000004431410,15.1439384097487
85333,3.6033737887358,0.0026188596859,0.0426053746720,0.0673260714641,0.0000004431410,15.1439384097487
85407,3.6033138756318,0.0026188596859,0.0426041817606,0.0673247976579,0.0000004342782,15.1439384097487
85459,3.6033105071079,0.0025782786492,0.0426086308675,0.0673089470874,0.0000004255926,15.1439384097487
85462,3.6032818012037,0.0026099181949,0.0425227956584,0.0672914452742,0.0000004255926,15.1439384097487
85519,3.6033704359064,0.0026138407713,0.0424673274290,0.0672745704716,0.0000004170808,15.1439384097487
85644,3.6033665418804,0.0026542510217,0.0424071514638,0.0672703426340,0.0000004170808,15.1439384097487
85846,3.6033300274010,0.0026542510217,0.0423857206053,0.0672621720785,0.0000004005644,15.1439384097487
86056,3.6032883873140,0.0026721009483,0.0423640188562,0.0672614822179,0.0000003770080,15.1439384097487
86070,3.6032798141797,0.0027010850419,0.0423186129375,0.0672575662635,0.0000003770080,15.1439384097487
86149,3.6033052610726,0.0027479190622,0.0422582162507,0.0672564278130,0.0000003770080,15.1439384097487
86155,3.6032916346355,0.0026902759198,0.0422784077167,0.0672387420338,0.0000003770080,15.1439384097487
86352,3.6033435458146,0.0027206648688,0.0422378512332,0.0672380159504,0.0000003620785,15.1439384097487
86358,3.6033311459074,0.0026807173943,0.0422729660157,0.0672332611401,0.0000003620785,15.1439384097487
86376,3.6033009344193,0.0026337125877,0.0423173094416,0.0672285256703,0.0000003548369,15.1439384097487
86381,3.6033096898075,0.0026805466079,0.0421760060031,0.0671982557677,0.0000003548369,15.1439384097487
86410,3.6032951596883,0.0026337125877,0.0422216018222,0.0671942626656,0.0000003548369,15.1439384097487
86627,3.6033255097572,0.0026033236387,0.0422429545835,0.0671892942679,0.0000003407854,15.1439384097487
86633,3.6033407779284,0.0026033236387,0.0422267888339,0.0671837368295,0.0000003407854,15.1439384097487
86726,3.6033246958760,0.0026352882294,0.0421808246171,0.0671807925882,0.0000003339697,15.1439384097487
86828,3.6034277150859,0.0026415577406,0.0421390898627,0.0671700319670,0.0000003339697,15.1439384097487
86907,3.6033900703209,0.0026594076672,0.0421171451423,0.0671693118645,0.0000003272903,15.1439384097487
87028,3.6034055069423,0.0027062416874,0.0420497135128,0.0671655192898,0.0000003207445,15.1439384097487
87122,3.6033793216477,0.0025887792541,0.0420679675247,0.0671213270168,0.0000003143296,15.1439384097487
87154,3.6033766081870,0.0025887792541,0.0420525044924,0.0671157661099,0.0000003143296,15.1439384097487
87404,3.6033431829270,0.0026288644595,0.0419692271283,0.0671027306027,0.0000002958445,15.1439384097487
87421,3.6033166603839,0.0025820304393,0.0420250619910,0.0671022246100,0.0000002958445,15.1439384097487
87478,3.6033504794145,0.0025820304393,0.0419863466506,0.0670888762397,0.0000002958445,15.1439384097487
87549,3.6033296957210,0.0025820304393,0.0419638880683,0.0670805612296,0.0000002958445,15.1439384097487
87559,3.6035029881535,0.0026139950300,0.0419053291763,0.0670757985262,0.0000002899276,15.1439384097487
87560,3.6035445451155,0.0026064749220,0.0419096333019,0.0670747008387,0.0000002899276,15.1439384097487
87605,3.6034440314610,0.0025745103313,0.0418674126050,0.0670445006466,0.0000002899276,15.1439384097487
87608,3.6034248483901,0.0025745103313,0.0418017672642,0.0670207844429,0.0000002841290,15.1439384097487
87618,3.6034800415408,0.0026213443516,0.0417415170670,0.0670201192177,0.0000002841290,15.1439384097487
87722,3.6034593164848,0.0026503284453,0.0416797652298,0.0670101934864,0.0000002784465,15.1439384097487
88180,3.6035107811766,0.0026503284453,0.0416376821553,0.0669958920388,0.0000002620716,15.1439384097487
88526,3.6034899313592,0.0026971624655,0.0415752989747,0.0669933890309,0.0000002466597,15.1439384097487
88582,3.6033953232593,0.0027343002293,0.0415329788278,0.0669928521790,0.0000002368919,15.1439384097487
88598,3.6034267347586,0.0027343002293,0.0415074623932,0.0669841836372,0.0000002368919,15.1439384097487
88637,3.6034701954154,0.0027811342496,0.0414225367383,0.0669745397345,0.0000002368919,15.1439384097487
88682,3.6034728798802,0.0027343002293,0.0414681325573,0.0669707902177,0.0000002368919,15.1439384097487
88763,3.6033842951996,0.0026760235247,0.0415066619654,0.0669583215227,0.0000002321541,15.1439384097487
88790,3.6032800382250,0.0026760235247,0.0414874988249,0.0669500023147,0.0000002321541,15.1439384097487
88814,3.6033106893394,0.0026760235247,0.0414852724146,0.0669496408794,0.0000002275110,15.1439384097487
88816,3.6032158193640,0.0026760235247,0.0414874988249,0.0669490936222,0.0000002275110,15.1439384097487
88905,3.6031471040423,0.0027079881154,0.0414253688585,0.0669396311415,0.0000002275110,15.1439384097487
89320,3.6031021006968,0.0026695997548,0.0414267278640,0.0669230275518,0.0000002098489,15.1439384097487
89381,3.6032072978121,0.0026846399707,0.0413823659786,0.0669151183602,0.0000002098489,15.1439384097487
89524,3.6031894667204,0.0027314739910,0.0413143674163,0.0669106525736,0.0000002015389,15.1439384097487
89558,3.6032301806835,0.0027228575449,0.0413171264911,0.0669085212948,0.0000002015389,15.1439384097487
89666,3.6031648403808,0.0026760235247,0.0413595532399,0.0669026774212,0.0000001975081,15.1439384097487
89734,3.6032482961059,0.0026371889160,0.0414018805386,0.0669023318028,0.0000001975081,15.1439384097487
89769,3.6032703213230,0.0026550388425,0.0413793688855,0.0669022535505,0.0000001935580,15.1439384097487
89790,3.6032115556331,0.0026504827039,0.0412934793540,0.0668687945564,0.0000001935580,15.1439384097487
89791,3.6032221485235,0.0026794667976,0.0412276441128,0.0668578536134,0.0000001896868,15.1439384097487
89798,3.6032310499765,0.0026326327773,0.0412520190245,0.0668466131710,0.0000001896868,15.1439384097487
89868,3.6033616886292,0.0026000511522,0.0412667106100,0.0668397451404,0.0000001896868,15.1439384097487
89935,3.6034447616094,0.0026000511522,0.0412541159348,0.0668364225192,0.0000001858931,15.1439384097487
89953,3.6034200841031,0.0026000511522,0.0412482244045,0.0668339692162,0.0000001858931,15.1439384097487
90055,3.6034183654816,0.0026000511522,0.0412116293324,0.0668208752292,0.0000001858931,15.1439384097487
90178,3.6034176731505,0.0026468851724,0.0411474803796,0.0668180268154,0.0000001785317,15.1439384097487
90187,3.6033727755083,0.0026468851724,0.0411456041909,0.0668167214494,0.0000001785317,15.1439384097487
90319,3.6033466555902,0.0026937191926,0.0410812653377,0.0668134454154,0.0000001749611,15.1439384097487
90338,3.6033779018859,0.0026320157428,0.0411365372623,0.0668071831858,0.0000001749611,15.1439384097487
90542,3.6032777212643,0.0025983543073,0.0411695098415,0.0668031152284,0.0000001680326,15.1439384097487
90737,3.6032821645608,0.0025983543073,0.0411542243414,0.0667977189935,0.0000001613785,15.1439384097487
91074,3.6032674593445,0.0026451883275,0.0410860637984,0.0667932395876,0.0000001518882,15.1439384097487
91195,3.6032096654316,0.0026840229362,0.0410258874397,0.0667875736546,0.0000001488504,15.1439384097487
91346,3.6031965165409,0.0027355508260,0.0409609480644,0.0667862783460,0.0000001429559,15.1439384097487
91387,3.6031678965936,0.0026887168058,0.0409844400899,0.0667741916618,0.0000001429559,15.1439384097487
91431,3.6031377716369,0.0026418827856,0.0410238513013,0.0667677691054,0.0000001429559,15.1439384097487
91441,3.6032255553785,0.0026887168058,0.0409131231655,0.0667495371996,0.0000001429559,15.1439384097487
91459,3.6032902409982,0.0026356132743,0.0409447111736,0.0667389752720,0.0000001429559,15.1439384097487
91511,3.6032130915930,0.0026436126859,0.0409188568284,0.0667320782376,0.0000001400968,15.1439384097487
91631,3.6032321534606,0.0026796541116,0.0408499251701,0.0667231758376,0.0000001372949,15.1439384097487
91657,3.6033391644890,0.0027264881318,0.0407492224220,0.0667087964923,0.0000001372949,15.1439384097487
91775,3.6033967351292,0.0027653227406,0.0406890460634,0.0667047629601,0.0000001345490,15.1439384097487
91783,3.6033553451892,0.0027811342496,0.0406669169791,0.0667030504118,0.0000001345490,15.1439384097487
91839,3.6034336492705,0.0028279682698,0.0405646131467,0.0666876930493,0.0000001318580,15.1439384097487
91944,3.6034554508414,0.0027811342496,0.0406197354698,0.0666876163611,0.0000001292208,15.1439384097487
91979,3.6033531486316,0.0027932104962,0.0405766607979,0.0666759605145,0.0000001266364,15.1439384097487
92029,3.6034264105750,0.0027932104962,0.0405497686242,0.0666673928184,0.0000001266364,15.1439384097487
92032,3.6034425004410,0.0027463764759,0.0405972545044,0.0666645080088,0.0000001266364,15.1439384097487
92061,3.6034426727378,0.0027413575614,0.0405497686242,0.0666454002405,0.0000001266364,15.1439384097487
92097,3.6034883384636,0.0027316447773,0.0405509826484,0.0666423173658,0.0000001266364,15.1439384097487
92104,3.6034880156602,0.0026848107571,0.0406058747723,0.0666418454052,0.0000001266364,15.1439384097487
92264,3.6035896347818,0.0025842396432,0.0406373143379,0.0666114098193,0.0000001216216,15.1439384097487
92294,3.6036889851127,0.0026288809872,0.0405030427958,0.0665839935022,0.0000001216216,15.1439384097487
92392,3.6036629042424,0.0026757150075,0.0403589256551,0.0665522257752,0.0000001191892,15.1439384097487
92483,3.6036529163496,0.0027225490277,0.0402883496750,0.0665469504630,0.0000001168054,15.1439384097487
92699,3.6035826071265,0.0026750814452,0.0403420361156,0.0665447860713,0.0000001121799,15.1439384097487
92764,3.6035286182288,0.0026429625959,0.0403729475371,0.0665412967043,0.0000001121799,15.1439384097487
92768,3.6035177516210,0.0025961285757,0.0403898247123,0.0665270987821,0.0000001121799,15.1439384097487
92770,3.6035821765589,0.0026310736634,0.0402878302674,0.0665065602694,0.0000001121799,15.1439384097487
92772,3.6036219512641,0.0026390730749,0.0402428039744,0.0664944705791,0.0000001121799,15.1439384097487
92805,3.6036210168446,0.0025922390547,0.0402770223983,0.0664866064999,0.0000001121799,15.1439384097487
92842,3.6035837684140,0.0026400151544,0.0401179324193,0.0664497370587,0.0000001099363,15.1439384097487
92857,3.6035077222946,0.0026320157428,0.0400969773718,0.0664377487464,0.0000001077376,15.1439384097487
92922,3.6035064703233,0.0026439046754,0.0400801811870,0.0664368276505,0.0000001077376,15.1439384097487
93245,3.6034276363480,0.0026788497631,0.0400367825535,0.0664351891092,0.0000001014018,15.1439384097487
93458,3.6034233354995,0.0026851192743,0.0399874066121,0.0664201809211,0.0000000993737,15.1439384097487
93565,3.6033955402947,0.0027040655389,0.0399650903957,0.0664199373712,0.0000000954385,15.1439384097487
93611,3.6033023877588,0.0026572315187,0.0400085700197,0.0664140759833,0.0000000954385,15.1439384097487
93699,3.6032765736205,0.0026909094820,0.0399421780572,0.0664044327126,0.0000000935298,15.1439384097487
93701,3.6033196990612,0.0026572315187,0.0399427299168,0.0663908066146,0.0000000935298,15.1439384097487
93776,3.6032988841526,0.0027040655389,0.0398532491568,0.0663786263937,0.0000000935298,15.1439384097487
