0,3.12456,0.555358,0.320124,0.396553,100000.000000
1,3.1245041679177,0.5552407902202,0.3201421708006,0.3965083529608,100000.0000000000000,15.1439384097487
2,3.1246195543781,0.5551231570006,0.3199850196299,0.3964034460164,100000.0000000000000,15.1439384097487
3,3.1246468594575,0.5550055237810,0.3199120091249,0.3963273429641,100000.0000000000000,15.1439384097487
4,3.1245554222022,0.5549586897607,0.3198643589543,0.3962889594920,100000.0000000000000,15.1439384097487
5,3.1244626393392,0.5548410565411,0.3197599496639,0.3961999433515,100000.0000000000000,15.1439384097487
6,3.1244710679559,0.5547942225209,0.3197219785256,0.3961664297720,100000.0000000000000,15.1439384097487
7,3.1244263824201,0.5546765893013,0.3197333348642,0.3961194390729,100000.0000000000000,15.1439384097487
8,3.1243758280251,0.5546297552810,0.3196916519534,0.3960837652548,100000.0000000000000,15.1439384097487
9,3.1243640778302,0.5545121220614,0.3191197004445,0.3958289163573,100000.0000000000000,15.1439384097487
10,3.1244771442816,0.5543944888418,0.3187742776182,0.3956567367079,100000.0000000000000,15.1439384097487
11,3.1245481978590,0.5542768556222,0.3188114651491,0.3956206091354,100000.0000000000000,15.1439384097487
12,3.1245315316672,0.5541592224025,0.3188212812782,0.3955734648333,100000.0000000000000,15.1439384097487
13,3.1246435438206,0.5540415891829,0.3186342357935,0.3954578336019,100000.0000000000000,15.1439384097487
14,3.1246043398691,0.5539239559633,0.3185795655386,0.3953873395406,100000.0000000000000,15.1439384097487
15,3.1245812237596,0.5538063227437,0.3183843804356,0.3952668892469,100000.0000000000000,15.1439384097487
16,3.1245026642937,0.5537594887235,0.3183367118053,0.3952286814019,100000.0000000000000,15.1439384097487
17,3.1244178676973,0.5536418555038,0.3183079851411,0.3951668077759,100000.0000000000000,15.1439384097487
18,3.1243122486245,0.5535242222842,0.3182549005258,0.3950959402449,100000.0000000000000,15.1439384097487
19,3.1242728196244,0.5534065890646,0.3181222887619,0.3949976067460,100000.0000000000000,15.1439384097487
20,3.1242747618227,0.5532889558450,0.3180515046898,0.3949219399652,100000.0000000000000,15.1439384097487
21,3.1243357326967,0.5531713226253,0.3177712208085,0.3947722870758,100000.0000000000000,15.1439384097487
22,3.1243927487958,0.5530536894057,0.3177187463725,0.3947039387428,100000.0000000000000,15.1439384097487
23,3.1243466049402,0.5530068553855,0.3176684843330,0.3946652633590,100000.0000000000000,15.1439384097487
24,3.1244386192480,0.5528892221659,0.3175319333600,0.3945673829137,100000.0000000000000,15.1439384097487
25,3.1243499573229,0.5527715889462,0.3174615886636,0.3944905910105,100000.0000000000000,15.1439384097487
104,3.1238245604368,0.5450361469827,0.3265595451740,0.3944172374491,98000.0000000000000,15.1439384097487
105,3.1237855490592,0.5449185137631,0.3264204237691,0.3943165849877,98000.0000000000000,15.1439384097487
106,3.1238863267892,0.5448716797429,0.3263625543822,0.3942772716247,98000.0000000000000,15.1439384097487
107,3.1238598630516,0.5447540465233,0.3262150852323,0.3941738153741,98000.0000000000000,15.1439384097487
108,3.1237593517755,0.5446364133036,0.3258793039698,0.3940020570298,98000.0000000000000,15.1439384097487
109,3.1237783275859,0.5445187800840,0.3256695939236,0.3938770148542,98000.0000000000000,15.1439384097487
110,3.1237872240873,0.5444011468644,0.3242148320674,0.3933071686964,98000.0000000000000,15.1439384097487
111,3.1238575057079,0.5442835136448,0.3241138243024,0.3932216747378,98000.0000000000000,15.1439384097487
112,3.1238864305604,0.5441658804251,0.3236946611533,0.3930219686609,98000.0000000000000,15.1439384097487
113,3.1238655077267,0.5440482472055,0.3236933179260,0.3929707786432,98000.0000000000000,15.1439384097487
114,3.1236672267915,0.5439595815519,0.3236984700308,0.3929318134528,98000.0000000000000,15.1439384097487
115,3.1237440781017,0.5438419483323,0.3236632933457,0.3928699235549,98000.0000000000000,15.1439384097487
116,3.1238055503350,0.5437243151126,0.3235604808130,0.3927836603842,98000.0000000000000,15.1439384097487
117,3.1238696463960,0.5436066818930,0.3233208360965,0.3926485657035,98000.0000000000000,15.1439384097487
118,3.1239697869633,0.5434890486734,0.3232107018759,0.3925602347986,98000.0000000000000,15.1439384097487
119,3.1239860515767,0.5434422146532,0.3231730021061,0.3925269290153,98000.0000000000000,15.1439384097487
120,3.1240604994280,0.5433245814335,0.3232054315206,0.3924891501442,98000.0000000000000,15.1439384097487
121,3.1241534036433,0.5432069482139,0.3228313684397,0.3923064565382,98000.0000000000000,15.1439384097487
122,3.1240587964933,0.5430893149943,0.3227859261212,0.3922384742169,98000.0000000000000,15.1439384097487
123,3.1240759005460,0.5429716817747,0.3226443486309,0.3921377386117,98000.0000000000000,15.1439384097487
246,3.1249095104160,0.5311175014828,0.3365822610383,0.3920469970131,94119.1999999999971,15.1439384097487
1241,3.1347219897370,0.4469593013741,0.4044161992240,0.3803444493867,65425.5812319992256,15.1439384097487
1242,3.1346650989692,0.4468416681545,0.4042968523112,0.3802506062517,65425.5812319992256,15.1439384097487
1244,3.1346262576943,0.4466772009147,0.4041413545344,0.3801240357700,65425.5812319992256,15.1439384097487
1245,3.1346593389548,0.4465595676951,0.4040026468295,0.3800245511647,65425.5812319992256,15.1439384097487
1246,3.1347433542504,0.4464419344754,0.4039151152229,0.3799440644504,65425.5812319992256,15.1439384097487
1250,3.1347666961655,0.4459714015969,0.4043631382001,0.3799027459952,65425.5812319992256,15.1439384097487
1251,3.1347517251157,0.4458537683773,0.4043445476122,0.3798454804232,65425.5812319992256,15.1439384097487
1252,3.1346448012439,0.4458537683773,0.4026597468749,0.3792422529085,65425.5812319992256,15.1439384097487
1253,3.1345897665648,0.4457361351577,0.4026165860896,0.3791756453683,65425.5812319992256,15.1439384097487
1254,3.1345870705970,0.4456893011375,0.4023100341653,0.3790460526675,65425.5812319992256,15.1439384097487
1255,3.1345219065369,0.4456424671172,0.4022538908129,0.3790050076801,65425.5812319992256,15.1439384097487
1271,3.1351406393036,0.4446883995619,0.4029508430671,0.3788537881316,65425.5812319992256,15.1439384097487
1273,3.1352268981408,0.4444531331227,0.4031486131918,0.3788248124018,65425.5812319992256,15.1439384097487
1274,3.1352104021140,0.4443354999031,0.4030838402149,0.3787510315411,65425.5812319992256,15.1439384097487
1275,3.1351916395752,0.4442886658828,0.4030677406805,0.3787249444958,65425.5812319992256,15.1439384097487
1276,3.1351326489239,0.4442886658828,0.4026233149268,0.3785653862985,64117.0696073592408,15.1439384097487
1277,3.1351742791462,0.4441710326632,0.4025625146334,0.3784938467359,64117.0696073592408,15.1439384097487
1278,3.1352623850245,0.4441710326632,0.4019671889425,0.3782824771100,64117.0696073592408,15.1439384097487
1279,3.1353833947062,0.4441241986430,0.4014579591424,0.3780822498802,64117.0696073592408,15.1439384097487
1280,3.1353307783680,0.4440773646227,0.4014541498196,0.3780600731672,64117.0696073592408,15.1439384097487
1281,3.1352782542334,0.4439597314031,0.4014301405961,0.3780003409945,64117.0696073592408,15.1439384097487
1282,3.1353701149979,0.4438420981835,0.4013614369616,0.3779266895689,64117.0696073592408,15.1439384097487
1283,3.1354226178828,0.4437244649639,0.4012929605623,0.3778525623873,64117.0696073592408,15.1439384097487
1288,3.1356322594610,0.4433715653050,0.4015201220187,0.3777854151822,64117.0696073592408,15.1439384097487
1289,3.1355237091332,0.4433715653050,0.4009425239919,0.3775775941928,64117.0696073592408,15.1439384097487
1290,3.1355338036385,0.4433715653050,0.4006909878770,0.3774879027026,64117.0696073592408,15.1439384097487
1295,3.1355920354753,0.4430894648455,0.4009901034483,0.3774746534720,64117.0696073592408,15.1439384097487
1296,3.1356070242152,0.4430426308253,0.4009650747599,0.3774458550214,64117.0696073592408,15.1439384097487
1297,3.1356311515297,0.4429249976057,0.4008700202337,0.3773618341393,64117.0696073592408,15.1439384097487
1298,3.1356470142300,0.4428073643861,0.4007345020077,0.3772632449920,64117.0696073592408,15.1439384097487
1299,3.1357307259826,0.4428073643861,0.4000334406380,0.3770140504471,64117.0696073592408,15.1439384097487
1300,3.1359312247411,0.4427605303658,0.3994794109536,0.3767989480237,64117.0696073592408,15.1439384097487
1301,3.1359024886085,0.4427605303658,0.3986708693341,0.3765097765453,64117.0696073592408,15.1439384097487
1302,3.1360378520269,0.4427147926837,0.3359159914274,0.3540796336695,64117.0696073592408,15.1439384097487
1304,3.1361175165200,0.4425971594641,0.3358627819738,0.3540113433035,64117.0696073592408,15.1439384097487
1305,3.1359549609814,0.4425971594641,0.3350923267505,0.3537338805738,64117.0696073592408,15.1439384097487
1311,3.1357935612375,0.4421037577445,0.3356542551964,0.3537208276291,64117.0696073592408,15.1439384097487
1313,3.1360346627976,0.4419861245249,0.3355769403985,0.3536462125352,64117.0696073592408,15.1439384097487
1314,3.1362037570384,0.4418684913053,0.3353526302891,0.3535180802170,64117.0696073592408,15.1439384097487
1316,3.1362231553583,0.4417508580856,0.3352665492460,0.3534371972353,64117.0696073592408,15.1439384097487
1317,3.1363821802348,0.4417508580856,0.3347270816846,0.3532467804405,64117.0696073592408,15.1439384097487
1318,3.1364472453193,0.4416332248660,0.3346583234743,0.3531727303664,64117.0696073592408,15.1439384097487
1321,3.1366138011890,0.4412803252072,0.3350280940993,0.3531559053474,64117.0696073592408,15.1439384097487
1322,3.1365943233288,0.4412334911869,0.3349649937962,0.3531130221914,64117.0696073592408,15.1439384097487
1323,3.1365236483479,0.4411158579673,0.3350084439502,0.3530771258203,64117.0696073592408,15.1439384097487
1324,3.1365192678657,0.4409982247477,0.3348369780206,0.3529654117678,64117.0696073592408,15.1439384097487
1325,3.1364823328719,0.4410450587679,0.3338751968570,0.3526414675904,64117.0696073592408,15.1439384097487
1326,3.1366005485629,0.4409274255483,0.3338527027918,0.3525846925028,64117.0696073592408,15.1439384097487
1327,3.1366395402539,0.4408097923287,0.3336922201902,0.3524775147808,64117.0696073592408,15.1439384097487
1328,3.1366415576396,0.4406921591090,0.3336235896199,0.3524026181717,64117.0696073592408,15.1439384097487
1329,3.1366395353958,0.4405745258894,0.3333783719248,0.3522645975719,64117.0696073592408,15.1439384097487
1333,3.1367061356140,0.4402216262306,0.3337455862914,0.3522454452376,64117.0696073592408,15.1439384097487
1334,3.1366766403122,0.4401039930109,0.3337386713309,0.3521921440154,64117.0696073592408,15.1439384097487
1335,3.1366272665064,0.4400571589907,0.3336813429765,0.3521508992441,64117.0696073592408,15.1439384097487
1336,3.1366367530699,0.4399395257711,0.3336470694724,0.3520883787041,64117.0696073592408,15.1439384097487
1337,3.1367539318716,0.4398218925515,0.3335385518716,0.3520008662534,64117.0696073592408,15.1439384097487
1338,3.1368278044746,0.4398218925515,0.3330128352412,0.3518141556063,64117.0696073592408,15.1439384097487
1340,3.1368043604243,0.4396574253116,0.3331207531522,0.3517818800257,64117.0696073592408,15.1439384097487
1341,3.1367548106180,0.4396105912914,0.3331181574008,0.3517601801222,64117.0696073592408,15.1439384097487
4017,3.1879678259163,0.3085626615501,0.4732155745668,0.3463562342433,24312.2581497661631,15.1439384097487
4019,3.1878972815447,0.3085626615501,0.4728690648152,0.3462314825625,24312.2581497661631,15.1439384097487
4021,3.1879007967803,0.3085372915156,0.4728878270483,0.3462273602285,24312.2581497661631,15.1439384097487
4023,3.1877306698429,0.3085372915156,0.4726666424110,0.3461459584304,24312.2581497661631,15.1439384097487
4024,3.1876219002405,0.3084904574954,0.4726001184942,0.3461005890831,24312.2581497661631,15.1439384097487
4025,3.1876367671994,0.3084904574954,0.4720260598032,0.3458957784885,24312.2581497661631,15.1439384097487
4026,3.1875932503677,0.3084904574954,0.4719716195421,0.3458757197779,24312.2581497661631,15.1439384097487
4029,3.1875656905114,0.3084904574954,0.4718032591174,0.3458152010846,24312.2581497661631,15.1439384097487
4030,3.1874276327913,0.3084436234751,0.4717469864242,0.3457730784637,24312.2581497661631,15.1439384097487
4031,3.1873665374940,0.3083259902555,0.4718668988297,0.3457646255915,24312.2581497661631,15.1439384097487
4036,3.1873206407981,0.3081615230157,0.4717306903178,0.3456448442993,24312.2581497661631,15.1439384097487
4037,3.1873042960100,0.3081615230157,0.4715124886695,0.3455666838615,24312.2581497661631,15.1439384097487
4038,3.1871877105831,0.3081615230157,0.4713861375225,0.3455199087759,24312.2581497661631,15.1439384097487
4039,3.1871513073765,0.3081615230157,0.4708379958942,0.3453236288057,24312.2581497661631,15.1439384097487
4045,3.1875177382323,0.3079262565764,0.4705973689494,0.3451420471093,24312.2581497661631,15.1439384097487
4046,3.1875501172661,0.3079262565764,0.4705745665731,0.3451343615646,24312.2581497661631,15.1439384097487
4048,3.1874868680348,0.3078086233568,0.4705001210957,0.3450564646847,24312.2581497661631,15.1439384097487
4051,3.1875950973256,0.3076909901372,0.4706083628618,0.3450462396586,24312.2581497661631,15.1439384097487
4052,3.1876508184431,0.3076909901372,0.4704643134886,0.3449955819039,24312.2581497661631,15.1439384097487
4055,3.1876114347994,0.3075733569176,0.4703601301992,0.3449074020734,24312.2581497661631,15.1439384097487
4056,3.1876061800225,0.3075733569176,0.4701026770780,0.3448153801754,24312.2581497661631,15.1439384097487
4057,3.1876369577366,0.3075265228973,0.4697864385289,0.3446828016161,24312.2581497661631,15.1439384097487
4059,3.1876491829947,0.3074328548569,0.4697912766140,0.3446445590443,24312.2581497661631,15.1439384097487
4062,3.1875267845895,0.3072533474011,0.4699290028700,0.3446150832968,24312.2581497661631,15.1439384097487
4068,3.1877802293248,0.3067828145226,0.4702153320189,0.3445192729853,24312.2581497661631,15.1439384097487
4069,3.1878542068383,0.3066651813030,0.4703484317402,0.3445174411399,24312.2581497661631,15.1439384097487
4070,3.1880334887011,0.3066651813030,0.4701279314172,0.3444412278509,24312.2581497661631,15.1439384097487
4077,3.1884356810479,0.3064767488840,0.4701811579378,0.3443851715663,24312.2581497661631,15.1439384097487
4078,3.1883831283749,0.3064299148638,0.4700477871308,0.3443167237955,24312.2581497661631,15.1439384097487
4081,3.1884636035580,0.3063122816442,0.4700912774670,0.3442829805399,23349.4927270354201,15.1439384097487
4121,3.1897208020431,0.3054930636728,0.4704438969595,0.3440756119310,23349.4927270354201,15.1439384097487
4122,3.1898829259135,0.3054930636728,0.4701801660079,0.3439837163473,23349.4927270354201,15.1439384097487
4123,3.1899547177775,0.3054930636728,0.4694243626535,0.3437148024280,23349.4927270354201,15.1439384097487
4125,3.1898860106841,0.3053754304532,0.4694067526026,0.3436571266863,23349.4927270354201,15.1439384097487
4126,3.1897878010973,0.3054222644734,0.4687666783185,0.3434472107916,23349.4927270354201,15.1439384097487
4130,3.1896450325881,0.3052577972336,0.4689089418751,0.3434255130799,23349.4927270354201,15.1439384097487
4162,3.1901604602666,0.3038004609160,0.4703689471513,0.3433296640952,23349.4927270354201,15.1439384097487
4163,3.1902449027135,0.3037536268957,0.4702922161630,0.3432833833029,23349.4927270354201,15.1439384097487
4165,3.1901616896581,0.3037067928755,0.4702226968160,0.3432373057826,23349.4927270354201,15.1439384097487
4166,3.1901266773020,0.3037686671116,0.4699136119694,0.3431529404446,22882.5028724947115,15.1439384097487
4169,3.1902555285812,0.3036779795681,0.4699972295914,0.3431457610279,22882.5028724947115,15.1439384097487
4170,3.1903630266043,0.3036311455479,0.4700375781836,0.3431416206063,22882.5028724947115,15.1439384097487
4171,3.1903077476669,0.3036779795681,0.4699044784622,0.3431133745212,22882.5028724947115,15.1439384097487
4210,3.1905442923922,0.3021041063690,0.4716944336063,0.3430814742222,22882.5028724947115,15.1439384097487
4211,3.1903882725012,0.3021041063690,0.4708743757519,0.3427863887461,22882.5028724947115,15.1439384097487
4212,3.1905178371720,0.3020572723488,0.4706708309809,0.3426954557934,22882.5028724947115,15.1439384097487
4215,3.1907527851178,0.3018220059095,0.4693908472176,0.3421408147588,22882.5028724947115,15.1439384097487
4221,3.1908697055365,0.3017169117124,0.4694614801444,0.3421226548501,22882.5028724947115,15.1439384097487
4222,3.1908299586927,0.3017169117124,0.4694467439593,0.3421168295116,22882.5028724947115,15.1439384097487
4223,3.1907164861913,0.3017169117124,0.4692356102156,0.3420398189749,22882.5028724947115,15.1439384097487
4224,3.1907167474416,0.3017169117124,0.4690455778011,0.3419719539521,22882.5028724947115,15.1439384097487
4225,3.1907676224965,0.3016700776921,0.4690715708224,0.3419618853296,22882.5028724947115,15.1439384097487
4226,3.1908700796673,0.3015524444725,0.4691832580640,0.3419528091553,22882.5028724947115,15.1439384097487
4293,3.1923058009436,0.2986347913403,0.4694421911810,0.3408151778575,21976.3557587439209,15.1439384097487
4301,3.1922591836213,0.2984733045974,0.4693705711118,0.3407197310253,21976.3557587439209,15.1439384097487
4302,3.1923177858527,0.2984733045974,0.4693412788929,0.3407100987362,21976.3557587439209,15.1439384097487
4303,3.1922889101322,0.2984264705772,0.4693244568352,0.3406836105460,21976.3557587439209,15.1439384097487
4304,3.1922726845986,0.2984264705772,0.4692695995240,0.3406637890589,21976.3557587439209,15.1439384097487
4306,3.1922150147531,0.2984264705772,0.4692004508297,0.3406382770722,21976.3557587439209,15.1439384097487
4307,3.1922484164597,0.2984264705772,0.4690761774881,0.3405943663678,21976.3557587439209,15.1439384097487
4310,3.1921922564829,0.2984264705772,0.4689995473013,0.3405662037840,21976.3557587439209,15.1439384097487
4327,3.1922965903722,0.2980790526088,0.4686194187773,0.3402830264994,21976.3557587439209,15.1439384097487
4329,3.1924014055316,0.2980790526088,0.4684829602714,0.3402357744462,21976.3557587439209,15.1439384097487
4387,3.1931564088673,0.2958942822013,0.4709598489141,0.3401947306049,21536.8286435690425,15.1439384097487
4389,3.1932627476536,0.2957298149615,0.4710904800383,0.3401724033046,21536.8286435690425,15.1439384097487
4390,3.1933972709987,0.2956829809413,0.4704961155714,0.3399419620541,21536.8286435690425,15.1439384097487
4400,3.1936971388529,0.2954008804818,0.4707282530673,0.3399082112158,21536.8286435690425,15.1439384097487
4401,3.1937993820029,0.2954008804818,0.4704900635192,0.3398245902537,21536.8286435690425,15.1439384097487
4408,3.1935531150360,0.2952718045778,0.4704827291135,0.3397631679175,21536.8286435690425,15.1439384097487
4409,3.1934629056803,0.2952718045778,0.4704568413157,0.3397526458191,21536.8286435690425,15.1439384097487
4410,3.1935537995517,0.2951541713581,0.4705823598722,0.3397483457801,21536.8286435690425,15.1439384097487
4411,3.1935773445440,0.2951073373379,0.4705373436118,0.3397125299814,21536.8286435690425,15.1439384097487
4415,3.1933645169003,0.2950330948657,0.4705374767220,0.3396777478215,21536.8286435690425,15.1439384097487
4416,3.1934472479788,0.2950330948657,0.4705337342000,0.3396775818457,21536.8286435690425,15.1439384097487
4417,3.1934088942489,0.2950330948657,0.4703319465608,0.3396049721290,21536.8286435690425,15.1439384097487
4660,3.1976250063153,0.2868424852845,0.4654570085043,0.3344133192774,19467.5873080399906,15.1439384097487
4661,3.1977153784534,0.2868893193047,0.4652276458308,0.3343527545195,19467.5873080399906,15.1439384097487
4665,3.1979693751906,0.2866072188453,0.4653778000522,0.3342890748670,19467.5873080399906,15.1439384097487
4667,3.1980542450726,0.2866072188453,0.4651579596354,0.3342117613356,19467.5873080399906,15.1439384097487
4668,3.1980535892942,0.2865603848250,0.4650044795350,0.3341368660119,19467.5873080399906,15.1439384097487
4669,3.1980554540163,0.2864427516054,0.4648059304812,0.3340155677842,19467.5873080399906,15.1439384097487
4670,3.1981551794631,0.2864427516054,0.4645798752029,0.3339362448646,19467.5873080399906,15.1439384097487
4671,3.1982041040370,0.2863959175852,0.4643856900648,0.3338475135861,19467.5873080399906,15.1439384097487
4672,3.1981870810477,0.2863863590597,0.4643297343274,0.3338231920091,19467.5873080399906,15.1439384097487
4676,3.1980951954247,0.2862687258401,0.4644016216480,0.3337971516398,19078.2355618791917,15.1439384097487
4682,3.1979285698979,0.2859866253806,0.4646800372554,0.3337733278483,19078.2355618791917,15.1439384097487
4688,3.1982995272376,0.2858929573401,0.3815879443107,0.3040626859437,19078.2355618791917,15.1439384097487
4690,3.1985168271430,0.2857753241205,0.3816788388721,0.3040478088292,19078.2355618791917,15.1439384097487
4691,3.1984678769819,0.2856576909009,0.3816741587951,0.3039950304946,19078.2355618791917,15.1439384097487
4692,3.1984241820561,0.2855400576813,0.3816250165317,0.3039264471690,19078.2355618791917,15.1439384097487
4693,3.1984166002255,0.2855400576813,0.3814328751207,0.3038577179541,19078.2355618791917,15.1439384097487
4694,3.1985807119313,0.2854224244616,0.3814278716564,0.3038078389352,19078.2355618791917,15.1439384097487
4699,3.1986401148733,0.2853506831828,0.3814201404451,0.3037751720736,19078.2355618791917,15.1439384097487
4700,3.1987734569399,0.2853506831828,0.3813074414883,0.3037368092275,19078.2355618791917,15.1439384097487
4701,3.1988027719002,0.2853038491626,0.3813081923960,0.3037174204906,19078.2355618791917,15.1439384097487
4702,3.1988561655965,0.2852089305254,0.3813401398508,0.3036889063972,19078.2355618791917,15.1439384097487
4733,3.1985130036901,0.2842042771597,0.3822087651699,0.3035637082793,19078.2355618791917,15.1439384097487
4776,3.1987858170122,0.2832406676066,0.3829619093686,0.3034235731177,18322.7374336287758,15.1439384097487
4777,3.1988039666727,0.2832406676066,0.3828350308418,0.3033785161746,18322.7374336287758,15.1439384097487
4778,3.1988772483481,0.2832406676066,0.3825984553842,0.3032950618706,18322.7374336287758,15.1439384097487
4779,3.1991053186621,0.2832406676066,0.3821427059494,0.3031355213950,18322.7374336287758,15.1439384097487
4780,3.1991264303818,0.2832389377064,0.3820883587600,0.3031156690281,18322.7374336287758,15.1439384097487
4784,3.1990609228215,0.2830054011674,0.3822417227095,0.3030694278514,18322.7374336287758,15.1439384097487
4785,3.1991197768383,0.2828877679478,0.3823548685185,0.3030602556124,18322.7374336287758,15.1439384097487
4787,3.1990665742445,0.2828877679478,0.3822056602111,0.3030062141180,18322.7374336287758,15.1439384097487
4788,3.1991286745273,0.2828877679478,0.3821733318193,0.3029955469786,18322.7374336287758,15.1439384097487
4789,3.1991823390729,0.2828877679478,0.3819904668464,0.3029309974095,18322.7374336287758,15.1439384097487
4790,3.1993096192259,0.2828877679478,0.3818050604797,0.3028665818556,18322.7374336287758,15.1439384097487
4791,3.1993328826125,0.2828877679478,0.3815283399624,0.3027680822748,18322.7374336287758,15.1439384097487
4792,3.1992685071516,0.2828409339275,0.3814095848987,0.3027046871206,18322.7374336287758,15.1439384097487
4793,3.1992878615057,0.2828409339275,0.3813865021997,0.3026967171623,18322.7374336287758,15.1439384097487
4794,3.1992702583327,0.2827940999073,0.3813137292599,0.3026504060200,18322.7374336287758,15.1439384097487
4835,3.1996645324325,0.2815085966789,0.3813821387878,0.3021294869913,18322.7374336287758,15.1439384097487
4836,3.1995804163580,0.2815085966789,0.3811063221573,0.3020297908150,18322.7374336287758,15.1439384097487
4841,3.1996821065072,0.2813909634593,0.3808537888583,0.3018906250229,18322.7374336287758,15.1439384097487
4842,3.1996939244494,0.2813441294390,0.3807925097674,0.3018488351335,18322.7374336287758,15.1439384097487
4844,3.1996202546110,0.2812264962194,0.3807385293091,0.3017780997381,18322.7374336287758,15.1439384097487
4845,3.1995616337823,0.2811796621992,0.3807909387449,0.3017759161900,18322.7374336287758,15.1439384097487
4846,3.1995858068651,0.2810620289796,0.3808796688488,0.3017575333233,17956.2826849562007,15.1439384097487
4847,3.1993926473305,0.2810620289796,0.3808195438907,0.3017333269295,17956.2826849562007,15.1439384097487
4848,3.1993780943314,0.2809443957599,0.3809526806552,0.3017302556130,17956.2826849562007,15.1439384097487
4851,3.1993424120080,0.2807634834489,0.3806717151224,0.3015518720298,17956.2826849562007,15.1439384097487
4852,3.1993827189343,0.2807634834489,0.3805688311492,0.3015156980940,17956.2826849562007,15.1439384097487
4854,3.1993049963678,0.2807166494286,0.3806053052504,0.3015075530666,17956.2826849562007,15.1439384097487
4855,3.1992219540514,0.2805990162090,0.3804352238516,0.3013952204297,17956.2826849562007,15.1439384097487
4863,3.1993754056939,0.2805990162090,0.3800906387932,0.3012743256679,17956.2826849562007,15.1439384097487
4866,3.1992762755233,0.2804813829894,0.3801811611571,0.3012548381613,17956.2826849562007,15.1439384097487
4867,3.1993182742077,0.2804345489692,0.3800926951252,0.3012037657055,17956.2826849562007,15.1439384097487
4869,3.1993583305567,0.2803169157495,0.3801811611571,0.3011855132746,17956.2826849562007,15.1439384097487
4870,3.1994892679570,0.2803169157495,0.3799300706331,0.3010976908429,17956.2826849562007,15.1439384097487
4879,3.1996154530957,0.2800587804692,0.3801947492208,0.3010833750153,17956.2826849562007,15.1439384097487
4881,3.1995855283492,0.2801056144895,0.3799204888475,0.3010050731718,17956.2826849562007,15.1439384097487
4882,3.1996772627706,0.2801056144895,0.3797310287040,0.3009387068708,17956.2826849562007,15.1439384097487
4883,3.1997232274043,0.2800587804692,0.3793920848065,0.3007982341524,17956.2826849562007,15.1439384097487
4884,3.1997208086028,0.2799411472496,0.3794649839023,0.3007738210808,17956.2826849562007,15.1439384097487
4933,3.2013961388525,0.2781861909530,0.3810234348930,0.3006019924041,17245.2138906319342,15.1439384097487
4934,3.2014428536051,0.2780685577334,0.3810544277889,0.3005633080692,17245.2138906319342,15.1439384097487
4936,3.2016662106659,0.2780685577334,0.3809853839815,0.3005418100540,17245.2138906319342,15.1439384097487
4937,3.2016396200153,0.2780217237132,0.3805986469121,0.3003832416932,17245.2138906319342,15.1439384097487
4938,3.2016476224616,0.2780348797702,0.3801918156744,0.3002436963668,17245.2138906319342,15.1439384097487
4946,3.2020214291634,0.2778962618684,0.3798138687417,0.3000545969870,17245.2138906319342,15.1439384097487
4949,3.2020932139073,0.2778494278482,0.3798408150226,0.3000451646851,17245.2138906319342,15.1439384097487
4950,3.2020549603280,0.2779653311675,0.3794767612021,0.2999642770290,17245.2138906319342,15.1439384097487
4955,3.2018904948465,0.2777426037507,0.3797129900935,0.2999508627075,17245.2138906319342,15.1439384097487
4956,3.2020514150777,0.2776249705311,0.3798162270303,0.2999395958156,17245.2138906319342,15.1439384097487
4958,3.2021305253585,0.2775073373115,0.3797324117129,0.2998603669419,17245.2138906319342,15.1439384097487
4959,3.2022026117730,0.2775073373115,0.3796339233638,0.2998262125494,17245.2138906319342,15.1439384097487
4960,3.2022823036148,0.2775073373115,0.3795586865344,0.2998004698874,17245.2138906319342,15.1439384097487
4967,3.2026640874025,0.2773428700716,0.3073599752507,0.2739501321126,17245.2138906319342,15.1439384097487
4969,3.2025950090713,0.2773428700716,0.3073065357852,0.2739300691355,17245.2138906319342,15.1439384097487
4976,3.2027197224273,0.2771076036324,0.3074095759379,0.2738678054017,17245.2138906319342,15.1439384097487
4977,3.2028518303135,0.2770607696121,0.3072469497611,0.2737915222190,17245.2138906319342,15.1439384097487
4981,3.2031876528310,0.2769431363925,0.3073430681707,0.2737801878516,17245.2138906319342,15.1439384097487
4982,3.2032767110233,0.2768963023723,0.3072820466588,0.2737395828990,17245.2138906319342,15.1439384097487
4988,3.2031522426085,0.2766945596377,0.3071849259647,0.2736166745451,17245.2138906319342,15.1439384097487
4989,3.2030906888697,0.2766945596377,0.3069217246266,0.2735218030859,17245.2138906319342,15.1439384097487
4990,3.2030658290666,0.2768117135537,0.3064497439383,0.2734030956110,17245.2138906319342,15.1439384097487
4991,3.2031095988409,0.2768117135537,0.3064350077532,0.2733984520271,17245.2138906319342,15.1439384097487
4992,3.2031065575462,0.2767523405110,0.3064912933201,0.2733930653915,17245.2138906319342,15.1439384097487
4994,3.2033689929817,0.2767055064908,0.3064968670280,0.2733786977223,17245.2138906319342,15.1439384097487
4995,3.2033528921190,0.2767055064908,0.3063398031800,0.2733223756648,17245.2138906319342,15.1439384097487
4996,3.2033212032173,0.2765878732712,0.3064624648336,0.2733153207654,17245.2138906319342,15.1439384097487
5002,3.2035111470749,0.2763526068319,0.3066260824646,0.2732756148525,17245.2138906319342,15.1439384097487
5003,3.2036004537766,0.2762349736123,0.3065445897213,0.2731973597482,17245.2138906319342,15.1439384097487
5005,3.2038080142456,0.2763136014369,0.3064340282963,0.2731945081308,17245.2138906319342,15.1439384097487
5006,3.2037965271876,0.2761959682173,0.3065028401557,0.2731685070168,17245.2138906319342,15.1439384097487
5007,3.2037327484846,0.2761959682173,0.2438649326760,0.2507969233097,17245.2138906319342,15.1439384097487
5008,3.2036845070358,0.2761041843357,0.2438068141073,0.2507361481155,17245.2138906319342,15.1439384097487
5009,3.2036865939784,0.2761041843357,0.2436539362052,0.2506815783948,17245.2138906319342,15.1439384097487
5010,3.2037278381659,0.2761041843357,0.2434347532835,0.2506038823824,17245.2138906319342,15.1439384097487
5020,3.2036109115031,0.2758706477968,0.1919244245980,0.2321055948308,16900.3096128192956,15.1439384097487
5021,3.2035703114905,0.2758238137765,0.1916510753943,0.2319873239047,16900.3096128192956,15.1439384097487
5022,3.2036853822299,0.2757769797563,0.1915857564919,0.2319455522456,16900.3096128192956,15.1439384097487
5023,3.2037873384515,0.2757769797563,0.1914912047325,0.2319132264338,16900.3096128192956,15.1439384097487
5024,3.2036440147984,0.2757301457361,0.1915308330617,0.2319052796655,16900.3096128192956,15.1439384097487
5027,3.2035506644027,0.2755453108485,0.1916044935577,0.2318510511318,16900.3096128192956,15.1439384097487
5028,3.2036722985173,0.2754276776289,0.1916604017484,0.2318223252204,16900.3096128192956,15.1439384097487
5030,3.2037576845053,0.2753568784295,0.1916829005524,0.2318012261995,16900.3096128192956,15.1439384097487
5031,3.2038351660909,0.2753568784295,0.1915563657437,0.2317571315557,16900.3096128192956,15.1439384097487
5054,3.2044532323716,0.2746573486230,0.1919100700275,0.2315924016221,16900.3096128192956,15.1439384097487
5055,3.2045003819491,0.2746556187227,0.1918001978723,0.2315530873442,16900.3096128192956,15.1439384097487
5056,3.2044853053375,0.2746556187227,0.1916472876972,0.2314982632344,16900.3096128192956,15.1439384097487
5057,3.2045249148429,0.2746556187227,0.1915232178259,0.2314545130379,16900.3096128192956,15.1439384097487
5059,3.2045867574311,0.2746556187227,0.1915076681953,0.2314498346669,16900.3096128192956,15.1439384097487
5061,3.2047128194293,0.2746556187227,0.1912395094920,0.2313558474703,16900.3096128192956,15.1439384097487
5075,3.2050606358394,0.2742026437813,0.1509469707134,0.2167764445105,16900.3096128192956,15.1439384097487
5076,3.2050807956192,0.2742026437813,0.1509003026273,0.2167600625964,16900.3096128192956,15.1439384097487
5077,3.2050935996099,0.2741443836044,0.1509661451153,0.2167587902991,16900.3096128192956,15.1439384097487
5079,3.2051872264093,0.2740267503847,0.1510782345680,0.2167497328224,16900.3096128192956,15.1439384097487
5081,3.2050896991275,0.2739559511853,0.1511383882538,0.2167394937631,16900.3096128192956,15.1439384097487
5082,3.2051793061608,0.2739559511853,0.1508961764121,0.2166542574674,16900.3096128192956,15.1439384097487
5096,3.2054518197949,0.2736978159050,0.1510325302087,0.2165961818957,16900.3096128192956,15.1439384097487
5098,3.2055032878870,0.2736829464755,0.1509688150260,0.2165677821307,16900.3096128192956,15.1439384097487
5099,3.2054504940989,0.2736829464755,0.1507589990220,0.2164921008150,16900.3096128192956,15.1439384097487
5100,3.2054771052633,0.2737297804957,0.1506209879644,0.2164632594208,16900.3096128192956,15.1439384097487
5102,3.2056812270068,0.2737297804957,0.1505569790072,0.2164432873879,16231.0573521516490,15.1439384097487
5103,3.2057274968993,0.2736829464755,0.1503716285980,0.2163576738061,16231.0573521516490,15.1439384097487
5107,3.2056198394597,0.2734716452154,0.1506161170427,0.2163529100793,16231.0573521516490,15.1439384097487
5109,3.2056235399029,0.2733386632626,0.1507444883398,0.2163418170667,16231.0573521516490,15.1439384097487
5111,3.2055643220006,0.2732210300430,0.1506775968711,0.2162666750901,16231.0573521516490,15.1439384097487
5113,3.2054919287032,0.2731741960228,0.1506537869213,0.2162370754534,16231.0573521516490,15.1439384097487
5114,3.2054826182120,0.2731741960228,0.1504893987624,0.2161782336538,16231.0573521516490,15.1439384097487
5115,3.2053885661934,0.2732918292424,0.1499183391408,0.2160233671961,16231.0573521516490,15.1439384097487
5117,3.2055458298295,0.2732918292424,0.1498285916116,0.2159935397771,16231.0573521516490,15.1439384097487
5118,3.2055722710852,0.2733386632626,0.1496051142347,0.2159341722931,16231.0573521516490,15.1439384097487
5119,3.2056414835639,0.2733386632626,0.1495130212654,0.2159022612989,16231.0573521516490,15.1439384097487
5121,3.2057778141351,0.2733386632626,0.1493343875457,0.2158403926103,16231.0573521516490,15.1439384097487
5123,3.2056772255365,0.2733455498084,0.1492134421520,0.2157987258817,16231.0573521516490,15.1439384097487
5124,3.2056465504474,0.2733455498084,0.1491528114649,0.2157766380144,16231.0573521516490,15.1439384097487
5125,3.2057013106595,0.2733455498084,0.1490288808663,0.2157331519396,16231.0573521516490,15.1439384097487
5126,3.2058725572286,0.2732987157881,0.1489805784967,0.2156982524979,16231.0573521516490,15.1439384097487
5127,3.2058847000459,0.2732987157881,0.1486938488030,0.2155960208559,16231.0573521516490,15.1439384097487
5128,3.2057759066474,0.2732153940940,0.1487368752891,0.2155741387413,16231.0573521516490,15.1439384097487
5130,3.2058935702712,0.2730977608744,0.1487615178860,0.2155341903641,16231.0573521516490,15.1439384097487
5136,3.2059058277459,0.2729350070071,0.1486409892546,0.2154215662094,16231.0573521516490,15.1439384097487
5137,3.2059323838052,0.2729350070071,0.1484346975199,0.2153482663563,16231.0573521516490,15.1439384097487
5138,3.2059146024041,0.2728881729869,0.1482754023365,0.2152710518908,16231.0573521516490,15.1439384097487
5139,3.2058965518264,0.2728881729869,0.1480979795415,0.2152074311924,16231.0573521516490,15.1439384097487
5140,3.2059082613283,0.2728413389666,0.1479471910056,0.2151336721096,16231.0573521516490,15.1439384097487
5156,3.2058703705531,0.2723708060881,0.1484592702600,0.2151143644577,16231.0573521516490,15.1439384097487
5165,3.2059858170721,0.2719950375882,0.1185016394498,0.2042558005146,16231.0573521516490,15.1439384097487
5166,3.2059233369295,0.2719950375882,0.1179473743984,0.2040569646207,16231.0573521516490,15.1439384097487
5169,3.2060564111273,0.2719950375882,0.1177117658163,0.2039747016895,16231.0573521516490,15.1439384097487
5170,3.2060035975396,0.2719482035680,0.1177307061882,0.2039606470764,16231.0573521516490,15.1439384097487
5171,3.2060469215953,0.2719013695477,0.1175176462478,0.2038650955500,16231.0573521516490,15.1439384097487
5172,3.2061268916588,0.2719482035680,0.1174158985506,0.2038499603808,16231.0573521516490,15.1439384097487
5173,3.2061707247718,0.2719013695477,0.1172783719232,0.2037813922408,16231.0573521516490,15.1439384097487
5197,3.2069708819600,0.2713536137000,0.1176312701051,0.2036839969702,15906.4362051086155,15.1439384097487
5199,3.2070308060889,0.2714004477202,0.1174604282095,0.2036439016529,15906.4362051086155,15.1439384097487
5200,3.2069165816122,0.2714861163492,0.1169618314195,0.2035009302287,15906.4362051086155,15.1439384097487
5220,3.2077597470669,0.2712328457248,0.1171259000237,0.2034629123402,15906.4362051086155,15.1439384097487
5222,3.2077253328749,0.2710683784849,0.1172955942187,0.2034525444914,15906.4362051086155,15.1439384097487
5223,3.2077416621308,0.2711152125051,0.1171219857567,0.2034108442501,15906.4362051086155,15.1439384097487
5224,3.2077841019199,0.2710683784849,0.1169713528741,0.2033375755892,15906.4362051086155,15.1439384097487
5227,3.2078746388269,0.2710215444647,0.1169775730833,0.2033210064607,15906.4362051086155,15.1439384097487
5230,3.2081181553353,0.2709039112451,0.1168699646374,0.2032356063782,15906.4362051086155,15.1439384097487
5231,3.2081905444763,0.2709039112451,0.1167954317474,0.2032100117904,15906.4362051086155,15.1439384097487
5232,3.2081639010116,0.2707862780254,0.1169278952794,0.2032065289545,15906.4362051086155,15.1439384097487
5234,3.2081295174298,0.2707543134347,0.1169022961576,0.2031832007753,15906.4362051086155,15.1439384097487
5237,3.2080904555214,0.2707074794145,0.1168555916683,0.2031458961542,15906.4362051086155,15.1439384097487
5240,3.2079793014973,0.2707074794145,0.1167901254407,0.2031209425366,15906.4362051086155,15.1439384097487
5249,3.2083209638603,0.2704728300098,0.1167835657886,0.2030228702727,15906.4362051086155,15.1439384097487
5250,3.2083652971235,0.2703551967902,0.1167994100277,0.2029787420052,15906.4362051086155,15.1439384097487
5251,3.2084178779733,0.2703121310877,0.1167233770957,0.2029338746725,15906.4362051086155,15.1439384097487
5252,3.2084725367044,0.2701944978681,0.1167569339327,0.2028962184376,15906.4362051086155,15.1439384097487
9215,3.2750380811678,0.1779567103141,0.1840366646922,0.1883361113247,3789.8695559615962,15.1439384097487
9216,3.2749440984331,0.1779567103141,0.1839424511275,0.1883011337736,3789.8695559615962,15.1439384097487
9217,3.2751025903285,0.1779567103141,0.1839181715928,0.1882947051609,3789.8695559615962,15.1439384097487
9219,3.2750185272451,0.1778390770944,0.1839195722277,0.1882436016637,3789.8695559615962,15.1439384097487
9221,3.2749605023991,0.1777975705060,0.1827335339416,0.1878014069759,3789.8695559615962,15.1439384097487
9224,3.2749011294740,0.1777214438748,0.1827735689282,0.1877822393635,3789.8695559615962,15.1439384097487
9225,3.2748834917616,0.1777214438748,0.1826818826929,0.1877492447070,3789.8695559615962,15.1439384097487
9227,3.2750586486204,0.1777214438748,0.1823974755544,0.1876501491867,3789.8695559615962,15.1439384097487
9229,3.2750792566537,0.1776506446754,0.1824540804595,0.1876403143126,3789.8695559615962,15.1439384097487
9232,3.2752178734096,0.1774752140548,0.1825117632746,0.1875876921840,3789.8695559615962,15.1439384097487
9235,3.2752319001250,0.1774337074663,0.1822386728026,0.1874725698118,3789.8695559615962,15.1439384097487
9262,3.2757533183128,0.1767258697311,0.1825430439340,0.1872852927903,3789.8695559615962,15.1439384097487
9265,3.2759848762877,0.1766790357108,0.1825003974938,0.1872532667257,3789.8695559615962,15.1439384097487
9266,3.2759789535409,0.1766790357108,0.1822265640204,0.1871553852502,3714.0721648423641,15.1439384097487
9267,3.2761253086142,0.1766790357108,0.1406522456639,0.1723094853231,3714.0721648423641,15.1439384097487
9268,3.2761629532856,0.1766790357108,0.1403929132808,0.1722173992844,3714.0721648423641,15.1439384097487
9269,3.2762802963779,0.1766790357108,0.1401979348483,0.1721494245268,3714.0721648423641,15.1439384097487
9270,3.2762168837630,0.1766361077393,0.1400385383946,0.1720732022356,3714.0721648423641,15.1439384097487
9271,3.2763440666718,0.1766829417596,0.1399464468475,0.1720621837500,3714.0721648423641,15.1439384097487
9272,3.2763296281891,0.1765653085399,0.1398531065225,0.1719782293791,3714.0721648423641,15.1439384097487
9273,3.2762495302836,0.1765653085399,0.1396512909048,0.1719050189927,3714.0721648423641,15.1439384097487
9279,3.2760483816441,0.1763388128054,0.1398645131338,0.1718812539485,3714.0721648423641,15.1439384097487
9280,3.2760868234240,0.1762211795857,0.1398142523006,0.1718134333625,3714.0721648423641,15.1439384097487
9282,3.2762128521395,0.1762680136060,0.1395322856894,0.1717345860222,3714.0721648423641,15.1439384097487
9284,3.2761916304523,0.1762211795857,0.1395759215375,0.1717297982453,3714.0721648423641,15.1439384097487
9286,3.2760884802594,0.1762680136060,0.1394159800867,0.1716912884532,3714.0721648423641,15.1439384097487
9287,3.2761412788186,0.1762680136060,0.1392821463203,0.1716442377756,3714.0721648423641,15.1439384097487
9288,3.2760726332863,0.1762211795857,0.1389972810140,0.1715214571135,3714.0721648423641,15.1439384097487
9289,3.2760060407794,0.1761035463661,0.1389742066288,0.1714618597452,3714.0721648423641,15.1439384097487
9291,3.2759505308711,0.1761035463661,0.1389533606064,0.1714536292757,3714.0721648423641,15.1439384097487
12685,3.3311980810056,0.1145818518078,0.1795681093230,0.1603742052839,1105.1338448341726,15.1439384097487
12686,3.3311817352816,0.1146286858280,0.1794245799764,0.1603427852350,1105.1338448341726,15.1439384097487
12694,3.3317578119022,0.1144591996736,0.1794400944715,0.1602838406484,1105.1338448341726,15.1439384097487
12695,3.3316996731668,0.1145060336939,0.1790633445919,0.1601685361837,1105.1338448341726,15.1439384097487
12699,3.3316733475985,0.1144955496166,0.1785730554681,0.1599885672442,1105.1338448341726,15.1439384097487
12700,3.3317297553196,0.1145423836369,0.1784577145582,0.1599682439506,1105.1338448341726,15.1439384097487
12716,3.3326465599517,0.1144591996736,0.1784811578567,0.1599539390114,1105.1338448341726,15.1439384097487
12718,3.3326257810171,0.1144591996736,0.1784716574034,0.1599502519718,1105.1338448341726,15.1439384097487
12719,3.3325961022627,0.1144591996736,0.1784494286304,0.1599418931719,1105.1338448341726,15.1439384097487
12720,3.3325802194886,0.1144123656534,0.1782987337693,0.1598677771155,1105.1338448341726,15.1439384097487
12721,3.3324819484496,0.1143310823768,0.1783183608850,0.1598385605811,1105.1338448341726,15.1439384097487
12867,3.3335533192101,0.1124626908989,0.1802800972582,0.1597536013341,1040.1431336871644,15.1439384097487
12868,3.3335189587348,0.1124293214529,0.1796552274065,0.1595156461403,1040.1431336871644,15.1439384097487
12872,3.3334542986134,0.1124944847033,0.1792610506253,0.1594018808894,1040.1431336871644,15.1439384097487
12873,3.3334381958263,0.1124410726545,0.1793197149627,0.1593997137071,1040.1431336871644,15.1439384097487
12874,3.3334351620501,0.1124410726545,0.1792270533901,0.1593665773606,1040.1431336871644,15.1439384097487
12875,3.3333405978455,0.1123646375061,0.1791734265745,0.1593133289285,1040.1431336871644,15.1439384097487
19095,3.4089835652568,0.0495552139878,0.2269419071206,0.1505255191100,112.7097360368367,15.1439384097487
19096,3.4089140115808,0.0495881041302,0.2268751958242,0.1505148052425,112.7097360368367,15.1439384097487
19097,3.4089062754552,0.0496173967411,0.2267108076653,0.1504685396962,112.7097360368367,15.1439384097487
19102,3.4086336705522,0.0495687116174,0.2267467912707,0.1504566685897,112.7097360368367,15.1439384097487
19103,3.4087059668366,0.0495687116174,0.2266778108025,0.1504330556958,112.7097360368367,15.1439384097487
19106,3.4084788727723,0.0495309568191,0.2267083750108,0.1504245774908,112.7097360368367,15.1439384097487
19107,3.4084743120433,0.0495309568191,0.2266633236780,0.1504084231951,112.7097360368367,15.1439384097487
19108,3.4084764936696,0.0496485900387,0.2263712539033,0.1503545576681,112.7097360368367,15.1439384097487
19109,3.4085728135887,0.0495309568191,0.2264185385798,0.1503223937360,112.7097360368367,15.1439384097487
19133,3.4090871975946,0.0490953525006,0.2267555751553,0.1502633548757,110.4555413161000,15.1439384097487
19136,3.4093591888402,0.0490485184803,0.2267235974619,0.1502357112059,110.4555413161000,15.1439384097487
19143,3.4090852349151,0.0489198888245,0.2268589645434,0.1502250531671,110.4555413161000,15.1439384097487
19145,3.4090627267385,0.0488022556049,0.2266637129723,0.1501045877369,110.4555413161000,15.1439384097487
19171,3.4089784603272,0.0488420488207,0.2263619772896,0.1500126868644,110.4555413161000,15.1439384097487
19173,3.4089836148349,0.0488420488207,0.2262030748513,0.1499560089295,110.4555413161000,15.1439384097487
19248,3.4099525377510,0.0487165704482,0.1761243275149,0.1320306757727,106.0815018799824,15.1439384097487
19251,3.4101753370754,0.0488810376881,0.1757578364644,0.1319734246673,106.0815018799824,15.1439384097487
19252,3.4101810986675,0.0488978078042,0.1756886497937,0.1319559838608,106.0815018799824,15.1439384097487
19253,3.4100109021394,0.0488978078042,0.1756870055472,0.1319529883604,106.0815018799824,15.1439384097487
19258,3.4098838497928,0.0488256037495,0.1754173741981,0.1318239490729,106.0815018799824,15.1439384097487
19261,3.4096640374128,0.0487787697293,0.1745993761020,0.1315086248423,106.0815018799824,15.1439384097487
19262,3.4096817180208,0.0487573057435,0.1745020295812,0.1314649095562,106.0815018799824,15.1439384097487
19263,3.4097096026168,0.0488038312465,0.1741970519461,0.1313763230387,106.0815018799824,15.1439384097487
19278,3.4099252517619,0.0485376965547,0.1744687275840,0.1313623437481,106.0815018799824,15.1439384097487
19279,3.4099285299431,0.0485167284002,0.1743273363987,0.1313029069303,106.0815018799824,15.1439384097487
19280,3.4099474578971,0.0485635624205,0.1740253358505,0.1312153891439,106.0815018799824,15.1439384097487
19286,3.4099298812060,0.0485939513695,0.1739132418292,0.1311881306912,106.0815018799824,15.1439384097487
19295,3.4098826875264,0.0485700027180,0.1737897312250,0.1311330882659,106.0815018799824,15.1439384097487
19298,3.4098981769693,0.0486077575164,0.1737321516873,0.1311289239477,103.9598718423827,15.1439384097487
19300,3.4099457544913,0.0485867728342,0.1736580681279,0.1310941453172,103.9598718423827,15.1439384097487
19457,3.4131837751138,0.0477995194535,0.1741451881506,0.1309765402228,99.8430609174244,15.1439384097487
19458,3.4131445049921,0.0476818862339,0.1742587154172,0.1309661157686,99.8430609174244,15.1439384097487
19460,3.4131030593893,0.0475174189941,0.1742225933976,0.1308821426349,99.8430609174244,15.1439384097487
19465,3.4132407601723,0.0473697218704,0.1743079927700,0.1308512921003,99.8430609174244,15.1439384097487
19466,3.4132281590723,0.0473697218704,0.1741992309882,0.1308122703021,97.8461996990759,15.1439384097487
19566,3.4146102911235,0.0465887049455,0.1344975001009,0.1163179162362,93.9714901909925,15.1439384097487
19644,3.4160528148953,0.0464024652027,0.1330578144948,0.1157443373876,92.0920603871726,15.1439384097487
19646,3.4159774089609,0.0463556311824,0.1325878385488,0.1155553501236,92.0920603871726,15.1439384097487
30311,3.4790780449626,0.0099884332476,0.1655907480637,0.1126490313232,2.0640699910046,15.1439384097487
30312,3.4790766167231,0.0099884332476,0.1654241814271,0.1125895230292,2.0640699910046,15.1439384097487
30317,3.4791985180222,0.0098947652071,0.1651592021971,0.1124564690392,2.0640699910046,15.1439384097487
30322,3.4792122017452,0.0100141117993,0.1649321763547,0.1124267305445,2.0640699910046,15.1439384097487
30323,3.4792719897317,0.0100141117993,0.1645994404647,0.1123087422940,2.0640699910046,15.1439384097487
30324,3.4791447352516,0.0100141117993,0.1644706020351,0.1122609279268,2.0640699910046,15.1439384097487
30326,3.4790500622664,0.0099672777791,0.1644243645979,0.1122230032170,2.0640699910046,15.1439384097487
30351,3.4799628354709,0.0102343545504,0.1640142622618,0.1122039152501,2.0227885911845,15.1439384097487
30352,3.4801664322041,0.0102811885706,0.1639261417912,0.1121953962566,2.0227885911845,15.1439384097487
30356,3.4803163696459,0.0102788416358,0.1638596695810,0.1121727719571,2.0227885911845,15.1439384097487
30357,3.4803108977578,0.0102388941614,0.1638883495395,0.1121658170263,2.0227885911845,15.1439384097487
30386,3.4814291706199,0.0100779913976,0.1241087475810,0.0979056814856,2.0227885911845,15.1439384097487
30388,3.4815189416310,0.0101248254178,0.1240331326195,0.0979000181190,2.0227885911845,15.1439384097487
35914,3.5196783499129,0.0051618406562,0.1165098410406,0.0936260878717,0.2793224954518,15.1439384097487
35916,3.5195973987069,0.0052017881307,0.1164406065578,0.0936173361628,0.2793224954518,15.1439384097487
35929,3.5195164022792,0.0053593688248,0.1161414667760,0.0935768890156,0.2793224954518,15.1439384097487
35930,3.5194973623194,0.0053593688248,0.1161139623311,0.0935667965854,0.2793224954518,15.1439384097487
35932,3.5193017343644,0.0053216140265,0.1161284555170,0.0935530239729,0.2793224954518,15.1439384097487
35933,3.5192879105729,0.0053216140265,0.1160060284269,0.0935091044065,0.2793224954518,15.1439384097487
35937,3.5194499457070,0.0051659009636,0.1159837839124,0.0934367185535,0.2793224954518,15.1439384097487
35946,3.5192485297787,0.0051020213653,0.0852338328000,0.0824243661636,0.2793224954518,15.1439384097487
35947,3.5191902862270,0.0051020213653,0.0849855604211,0.0823348733145,0.2793224954518,15.1439384097487
35948,3.5193421480051,0.0050551873451,0.0848959473446,0.0822849457553,0.2793224954518,15.1439384097487
35952,3.5191621841866,0.0051590144178,0.0847310396197,0.0822680009802,0.2793224954518,15.1439384097487
35953,3.5190979254958,0.0051831338556,0.0846155522355,0.0822361831316,0.2793224954518,15.1439384097487
35954,3.5190788681783,0.0052194837986,0.0637711782911,0.0748070727530,0.2793224954518,15.1439384097487
35955,3.5189954053475,0.0051726497784,0.0637315463299,0.0747716657647,0.2793224954518,15.1439384097487
35956,3.5191076095396,0.0051726497784,0.0634856296963,0.0746854260774,0.2793224954518,15.1439384097487
35958,3.5190421087296,0.0051726497784,0.0634830446183,0.0746835760031,0.2793224954518,15.1439384097487
35964,3.5187160894490,0.0052902829980,0.0632573891819,0.0746487858618,0.2737360455427,15.1439384097487
35965,3.5187065233170,0.0052902829980,0.0631934785868,0.0746258252892,0.2737360455427,15.1439384097487
35966,3.5186646155965,0.0053007670753,0.0630922774165,0.0745935821986,0.2737360455427,15.1439384097487
45023,3.5506359992653,0.0049890654876,0.0600897798640,0.0738400681872,0.0110224471242,15.1439384097487
45025,3.5506867798527,0.0050056813451,0.0600602433170,0.0738373590441,0.0110224471242,15.1439384097487
45026,3.5507115598624,0.0049825039868,0.0599880137317,0.0738019802455,0.0110224471242,15.1439384097487
45028,3.5505088017534,0.0050640957807,0.0597791086355,0.0737594701806,0.0110224471242,15.1439384097487
45031,3.5504835991873,0.0049702900093,0.0592081687503,0.0735150039907,0.0110224471242,15.1439384097487
45034,3.5503927387668,0.0049464790888,0.0592061827086,0.0735028043410,0.0110224471242,15.1439384097487
45271,3.5509207518150,0.0044529396383,0.0596301133260,0.0734501625748,0.0101667542726,15.1439384097487
45274,3.5511133147071,0.0044061056181,0.0595645714075,0.0734094077759,0.0101667542726,15.1439384097487
45366,3.5517375783919,0.0045996781548,0.0591520717821,0.0733538794290,0.0097641508034,15.1439384097487
45367,3.5516102128403,0.0045996781548,0.0591006812764,0.0733337234630,0.0097641508034,15.1439384097487
45699,3.5539282291100,0.0044231346684,0.0591250679076,0.0732995712549,0.0088260189743,15.1439384097487
45704,3.5538952606399,0.0044231346684,0.0590784836267,0.0732824675100,0.0088260189743,15.1439384097487
45706,3.5539025458254,0.0044040341451,0.0587983711700,0.0731743444933,0.0088260189743,15.1439384097487
45794,3.5553338198298,0.0041209750785,0.0590751595281,0.0731721388811,0.0084765086229,15.1439384097487
48054,3.5559025481988,0.0040061185141,0.0591823251266,0.0731692355356,0.0037779833173,15.1439384097487
48057,3.5559827384546,0.0040504513409,0.0591225054435,0.0731680058327,0.0037779833173,15.1439384097487
48059,3.5558687428636,0.0040504513409,0.0585845557084,0.0729742678973,0.0037779833173,15.1439384097487
48061,3.5558940055430,0.0040758213754,0.0584397942794,0.0729337977241,0.0037779833173,15.1439384097487
48063,3.5559544317151,0.0040526440171,0.0582906786715,0.0728714640226,0.0037779833173,15.1439384097487
48066,3.5559302690569,0.0040166191190,0.0582174746434,0.0728295385848,0.0037779833173,15.1439384097487
48067,3.5560175551512,0.0039697850988,0.0582219308458,0.0728122934551,0.0037779833173,15.1439384097487
48075,3.5561007162290,0.0038577878282,0.0583284134693,0.0728035008570,0.0037779833173,15.1439384097487
48080,3.5558795140746,0.0038516725756,0.0583175231776,0.0727938606488,0.0037779833173,15.1439384097487
48081,3.5557630488160,0.0037985690441,0.0582728784583,0.0727535094743,0.0037779833173,15.1439384097487
48082,3.5557317298136,0.0037985690441,0.0582202390198,0.0727342665130,0.0037779833173,15.1439384097487
48174,3.5548549076927,0.0036118830531,0.0584318775408,0.0727174364429,0.0036283751780,15.1439384097487
48175,3.5548084606560,0.0036118830531,0.0584081566263,0.0727083074653,0.0036283751780,15.1439384097487
48177,3.5548624425750,0.0036587170733,0.0580943766245,0.0726170787424,0.0036283751780,15.1439384097487
48179,3.5548630346068,0.0036250391101,0.0578729248286,0.0725235637797,0.0036283751780,15.1439384097487
48180,3.5548059443224,0.0036250391101,0.0577962666921,0.0724953780501,0.0036283751780,15.1439384097487
48181,3.5548013306372,0.0036491585479,0.0575588378707,0.0724208536610,0.0036283751780,15.1439384097487
48182,3.5547692830691,0.0036491585479,0.0574452726278,0.0723798411748,0.0036283751780,15.1439384097487
48189,3.5549089241714,0.0036721816476,0.0571765706978,0.0722957191547,0.0036283751780,15.1439384097487
48430,3.5553720548353,0.0040225966407,0.0565731268955,0.0722369346332,0.0033466977367,15.1439384097487
48778,3.5594720892991,0.0042610474187,0.0561136758274,0.0722330533696,0.0029646466911,15.1439384097487
49886,3.5631429113465,0.0041900609053,0.0559691740781,0.0722029646967,0.0019792217644,15.1439384097487
49887,3.5632133133698,0.0041758085102,0.0559431030969,0.0721885416466,0.0019792217644,15.1439384097487
49896,3.5635400907151,0.0040260564413,0.0560431806844,0.0721647280615,0.0019792217644,15.1439384097487
49897,3.5635492306751,0.0040479997306,0.0558176827477,0.0720937266808,0.0019792217644,15.1439384097487
50029,3.5665329224050,0.0042752998138,0.0553609277975,0.0720702332724,0.0019008445825,15.1439384097487
50662,3.5688290968674,0.0033671407269,0.0560767676986,0.0719691700576,0.0015220658502,15.1439384097487
50778,3.5691637958324,0.0034228997104,0.0559951475236,0.0719686526703,0.0014617920425,15.1439384097487
50779,3.5692420889589,0.0033760656902,0.0558532624234,0.0718990155397,0.0014617920425,15.1439384097487
50788,3.5693230537431,0.0034933738649,0.0556234350655,0.0718683549187,0.0014617920425,15.1439384097487
50804,3.5696945650361,0.0036103735223,0.0554424128196,0.0718591036869,0.0014617920425,15.1439384097487
50846,3.5697039477816,0.0033740107450,0.0552855192876,0.0717019047147,0.0014325562016,15.1439384097487
50847,3.5696977455385,0.0033439468409,0.0552557351305,0.0716782952241,0.0014325562016,15.1439384097487
50848,3.5697970794117,0.0033202901790,0.0552294763669,0.0716601840925,0.0014325562016,15.1439384097487
51118,3.5711232555476,0.0035085518117,0.0549279756516,0.0716519541259,0.0013213442278,15.1439384097487
51119,3.5711386083474,0.0034617177914,0.0549137546184,0.0716270207037,0.0012949173432,15.1439384097487
51793,3.5731786653498,0.0035978014444,0.0544932225768,0.0715640189243,0.0010368809134,15.1439384097487
51794,3.5731233914225,0.0035978014444,0.0544369080112,0.0715431244571,0.0010368809134,15.1439384097487
51800,3.5728824531660,0.0036671957884,0.0542812112005,0.0715138496262,0.0010368809134,15.1439384097487
52074,3.5741037748851,0.0033328126737,0.0545624724963,0.0714882746604,0.0009372582214,15.1439384097487
52075,3.5741440872336,0.0033216950343,0.0544951148456,0.0714600240710,0.0009372582214,15.1439384097487
52077,3.5740312001035,0.0033216950343,0.0544128764892,0.0714290558841,0.0009372582214,15.1439384097487
52133,3.5739873957180,0.0036146211437,0.0540405121481,0.0714209885515,0.0009185130570,15.1439384097487
52138,3.5737787003954,0.0036368564226,0.0540199594421,0.0714202246797,0.0009185130570,15.1439384097487
52565,3.5765263451217,0.0034991475448,0.0540552890929,0.0714127033105,0.0007814369446,15.1439384097487
52568,3.5765194854483,0.0034693756303,0.0540249093768,0.0713889969561,0.0007814369446,15.1439384097487
52569,3.5766070748303,0.0034693756303,0.0539756962637,0.0713726602281,0.0007814369446,15.1439384097487
52609,3.5775663273867,0.0036152216505,0.0536595265883,0.0713358212836,0.0007814369446,15.1439384097487
52611,3.5776680440962,0.0036152216505,0.0536093743787,0.0713193490648,0.0007814369446,15.1439384097487
52615,3.5775192395486,0.0036620556707,0.0534871905141,0.0712936781188,0.0007814369446,15.1439384097487
52617,3.5778068223647,0.0037214121857,0.0533398542724,0.0712705658165,0.0007814369446,15.1439384097487
52897,3.5801308706944,0.0036429716752,0.0533405990338,0.0712700995693,0.0006922299635,15.1439384097487
52898,3.5801544868263,0.0036227748138,0.0533188167604,0.0712539985549,0.0006922299635,15.1439384097487
53288,3.5812797769507,0.0035734396002,0.0530545928528,0.0711544119906,0.0006132066390,15.1439384097487
54082,3.5827614580856,0.0039944664787,0.0524405278300,0.0711365088334,0.0004621382419,15.1439384097487
54083,3.5828996726396,0.0039944664787,0.0524333879690,0.0711359146098,0.0004621382419,15.1439384097487
54208,3.5817551985500,0.0040630234188,0.0523917536735,0.0711342325325,0.0004528954771,15.1439384097487
54210,3.5816697635350,0.0040428265575,0.0523838747203,0.0711215539232,0.0004528954771,15.1439384097487
54217,3.5821588057415,0.0039693553783,0.0524170492750,0.0711088342448,0.0004528954771,15.1439384097487
54219,3.5820783342208,0.0040161893986,0.0521947119349,0.0710483611082,0.0004528954771,15.1439384097487
54275,3.5818161325459,0.0038462404683,0.0523950694726,0.0710433719797,0.0004349608162,15.1439384097487
54276,3.5818646413766,0.0037994064481,0.0524401104703,0.0710400727241,0.0004349608162,15.1439384097487
54277,3.5818365682165,0.0037901564398,0.0524205473378,0.0710287243685,0.0004349608162,15.1439384097487
54377,3.5815256891434,0.0032249418214,0.0530241086862,0.0709976482383,0.0004262615999,15.1439384097487
54378,3.5815176162183,0.0032249418214,0.0528635658874,0.0709401972931,0.0004262615999,15.1439384097487
54426,3.5823934110609,0.0031561314564,0.0529041103790,0.0709375797506,0.0004177363679,15.1439384097487
54432,3.5825495471499,0.0031704169069,0.0527729640896,0.0708990734412,0.0004177363679,15.1439384097487
54434,3.5826330223509,0.0031533548011,0.0527474571490,0.0708838326571,0.0004093816405,15.1439384097487
54454,3.5828210726066,0.0031319954909,0.0527283110641,0.0708705016781,0.0004093816405,15.1439384097487
54609,3.5829074617099,0.0031700918619,0.0525835586835,0.0708363538154,0.0003931701276,15.1439384097487
54674,3.5830879272026,0.0029213277930,0.0528340743864,0.0708217641116,0.0003853067250,15.1439384097487
54676,3.5830594907521,0.0029213277930,0.0526421379682,0.0707528130169,0.0003853067250,15.1439384097487
54801,3.5834124725373,0.0032067172667,0.0522843468397,0.0707523349141,0.0003626476071,15.1439384097487
54802,3.5834728391998,0.0030890840471,0.0522620246656,0.0706948026563,0.0003626476071,15.1439384097487
54803,3.5836277281194,0.0030981632690,0.0521635363165,0.0706657110089,0.0003626476071,15.1439384097487
54805,3.5836605635669,0.0031235333035,0.0520817339923,0.0706478333844,0.0003626476071,15.1439384097487
54806,3.5835388719632,0.0031575197840,0.0520316741653,0.0706427985812,0.0003626476071,15.1439384097487
54808,3.5834593217403,0.0032043538042,0.0519291478959,0.0706251281490,0.0003626476071,15.1439384097487
54810,3.5834505327736,0.0032027946903,0.0519084822836,0.0706169550183,0.0003626476071,15.1439384097487
55516,3.5856751974107,0.0036487453551,0.0512247013099,0.0705953480968,0.0002903833083,15.1439384097487
55519,3.5854468877788,0.0036955793753,0.0510844078036,0.0705620844301,0.0002903833083,15.1439384097487
55758,3.5854879737060,0.0031678165472,0.0516031800351,0.0705217575209,0.0002678403178,15.1439384097487
55774,3.5852909004020,0.0032373651499,0.0514391189303,0.0704901822392,0.0002624835114,15.1439384097487
55937,3.5857294954102,0.0035699467442,0.0509856881009,0.0704769837162,0.0002470473811,15.1439384097487
55938,3.5858081832585,0.0035232669826,0.0510134306581,0.0704679995880,0.0002470473811,15.1439384097487
55962,3.5859007240951,0.0033512796348,0.0511871079376,0.0704576277711,0.0002470473811,15.1439384097487
56020,3.5853159282227,0.0033154089954,0.0510895414270,0.0703991346352,0.0002470473811,15.1439384097487
56021,3.5853196969529,0.0033436052682,0.0510228009000,0.0703874361769,0.0002470473811,15.1439384097487
56024,3.5854854080849,0.0033904392885,0.0508443025943,0.0703461033064,0.0002470473811,15.1439384097487
56034,3.5855370921517,0.0033686667855,0.0507212148754,0.0702935436601,0.0002470473811,15.1439384097487
56265,3.5869191711343,0.0034358684534,0.0503910790061,0.0702239950324,0.0002278686383,15.1439384097487
56872,3.5901537710065,0.0035356682741,0.0501282297536,0.0702186610227,0.0001861852679,15.1439384097487
56873,3.5902127311053,0.0035395908506,0.0499834596745,0.0701694728086,0.0001861852679,15.1439384097487
56874,3.5900762991425,0.0035801553596,0.0499180994312,0.0701615841510,0.0001861852679,15.1439384097487
56985,3.5919128354843,0.0038235424136,0.0495280648363,0.0701525816851,0.0001788123313,15.1439384097487
56986,3.5918567706690,0.0037536852936,0.0495629278532,0.0701343006835,0.0001788123313,15.1439384097487
57002,3.5916131888094,0.0036335508806,0.0497111106472,0.0701322902659,0.0001788123313,15.1439384097487
57003,3.5915411406723,0.0035972009376,0.0495979991405,0.0700752952759,0.0001788123313,15.1439384097487
57079,3.5915009304099,0.0034773915695,0.0496191269305,0.0700309250706,0.0001752360847,15.1439384097487
57080,3.5915337698305,0.0034571947082,0.0494856673043,0.0699750697963,0.0001752360847,15.1439384097487
57087,3.5916813607811,0.0034816226632,0.0493931495755,0.0699545852760,0.0001752360847,15.1439384097487
57093,3.5915904548943,0.0033357931707,0.0495684433286,0.0699534055217,0.0001752360847,15.1439384097487
57095,3.5913148139404,0.0033253090935,0.0495481350749,0.0699377590969,0.0001752360847,15.1439384097487
57096,3.5912003109393,0.0033367517779,0.0493609634630,0.0698741958905,0.0001752360847,15.1439384097487
57097,3.5911529096296,0.0033383108919,0.0493455849492,0.0698687010305,0.0001752360847,15.1439384097487
57134,3.5908553908764,0.0033909351197,0.0492672053548,0.0698590516882,0.0001682967357,15.1439384097487
57281,3.5901753472165,0.0035101605087,0.0491162387708,0.0698466090742,0.0001649308010,15.1439384097487
57285,3.5900781087528,0.0034794465148,0.0490544759257,0.0698100118572,0.0001649308010,15.1439384097487
57294,3.5898273416658,0.0034044327494,0.0491358840263,0.0698033890847,0.0001616321850,15.1439384097487
57297,3.5898812373276,0.0033325206842,0.0491672644301,0.0697845395353,0.0001616321850,15.1439384097487
57298,3.5897772521461,0.0033793547044,0.0490257395857,0.0697525952876,0.0001616321850,15.1439384097487
57369,3.5898644660711,0.0037778543145,0.0484918582465,0.0697339429992,0.0001583995413,15.1439384097487
57415,3.5899357292107,0.0037133080987,0.0485543210898,0.0697295968622,0.0001583995413,15.1439384097487
57421,3.5901693307889,0.0037725103551,0.0484035394231,0.0697044241092,0.0001583995413,15.1439384097487
57486,3.5906128596388,0.0036340797673,0.0485361349954,0.0696987281795,0.0001521269195,15.1439384097487
57488,3.5904957642077,0.0036542766286,0.0484414232781,0.0696719014714,0.0001521269195,15.1439384097487
57614,3.5892181718172,0.0035234377689,0.0484859468806,0.0696136511142,0.0001490843811,15.1439384097487
57615,3.5892966570836,0.0035702717892,0.0483700595429,0.0695934450636,0.0001490843811,15.1439384097487
57617,3.5892725414003,0.0035702717892,0.0482359947085,0.0695452235302,0.0001490843811,15.1439384097487
57651,3.5899208783879,0.0033542436041,0.0483445665059,0.0695005895892,0.0001431806396,15.1439384097487
57662,3.5899894122070,0.0034493164999,0.0481924430735,0.0694879750677,0.0001431806396,15.1439384097487
57663,3.5900057950970,0.0034024824796,0.0482045209200,0.0694724486781,0.0001431806396,15.1439384097487
57694,3.5898392365861,0.0032618426880,0.0483411867085,0.0694586269001,0.0001431806396,15.1439384097487
57695,3.5899584989735,0.0032193774924,0.0482270452059,0.0694013502630,0.0001431806396,15.1439384097487
57708,3.5900206386791,0.0032074885598,0.0481925823287,0.0693848261084,0.0001431806396,15.1439384097487
57710,3.5899879159787,0.0032074885598,0.0481793107185,0.0693796232236,0.0001431806396,15.1439384097487
57713,3.5899136630047,0.0031634807780,0.0480596590342,0.0693169793267,0.0001431806396,15.1439384097487
57719,3.5899896708226,0.0031622301813,0.0479923085022,0.0692934651008,0.0001431806396,15.1439384097487
57736,3.5899459356727,0.0031086638739,0.0480087115772,0.0692757475035,0.0001431806396,15.1439384097487
57738,3.5899768012755,0.0031086638739,0.0478842469140,0.0692317325843,0.0001431806396,15.1439384097487
58047,3.5925169044341,0.0033777625351,0.0474538528453,0.0692292907041,0.0001294239578,15.1439384097487
58151,3.5928523922435,0.0032026734871,0.0476469164788,0.0692279509684,0.0001242987691,15.1439384097487
58199,3.5938430941568,0.0031945363446,0.0474389049625,0.0691641921601,0.0001218127937,15.1439384097487
58207,3.5935010084294,0.0030828641190,0.0475844078014,0.0691634574444,0.0001218127937,15.1439384097487
58211,3.5936409806471,0.0030828641190,0.0474186211840,0.0691062285356,0.0001218127937,15.1439384097487
58259,3.5942993083864,0.0027738179834,0.0477450296312,0.0690996699306,0.0001193765378,15.1439384097487
58261,3.5944226734632,0.0027738179834,0.0477313143701,0.0690965172307,0.0001193765378,15.1439384097487
58262,3.5945413502494,0.0028206520036,0.0474783347490,0.0690279183575,0.0001193765378,15.1439384097487
58266,3.5943824578528,0.0028264422113,0.0474369505850,0.0690133714998,0.0001193765378,15.1439384097487
58308,3.5940245185375,0.0028229989384,0.0472666452721,0.0689460076680,0.0001193765378,15.1439384097487
58313,3.5940764297472,0.0028229989384,0.0472632935397,0.0689455451609,0.0001169890071,15.1439384097487
58314,3.5940806752860,0.0028698329586,0.0471528140321,0.0689262199909,0.0001169890071,15.1439384097487
58317,3.5941324768358,0.0028229989384,0.0471196348303,0.0688950315415,0.0001169890071,15.1439384097487
58320,3.5940037112906,0.0028698329586,0.0470679731466,0.0688948306393,0.0001169890071,15.1439384097487
58321,3.5940385555413,0.0028698329586,0.0470058396968,0.0688731331653,0.0001169890071,15.1439384097487
58322,3.5939570871412,0.0028698329586,0.0469617214932,0.0688562238916,0.0001169890071,15.1439384097487
58372,3.5937914768802,0.0026585316985,0.0471370575735,0.0688259428633,0.0001146492269,15.1439384097487
58384,3.5938432831905,0.0026962864969,0.0470435388795,0.0688094570134,0.0001146492269,15.1439384097487
59162,3.5951051417106,0.0032211073927,0.0463074224545,0.0687893367448,0.0000899671657,15.1439384097487
59167,3.5952022478163,0.0032167385681,0.0462832109656,0.0687801914760,0.0000899671657,15.1439384097487
59212,3.5952622254775,0.0030154751371,0.0465102824007,0.0687758813408,0.0000899671657,15.1439384097487
59395,3.5947368681989,0.0031329375703,0.0463743324284,0.0687702350518,0.0000846763767,15.1439384097487
59399,3.5947674631469,0.0031728850448,0.0463136937886,0.0687661316574,0.0000846763767,15.1439384097487
59402,3.5946611840330,0.0031728850448,0.0463013303388,0.0687602122973,0.0000846763767,15.1439384097487
59949,3.5981703783927,0.0027283557631,0.0466685340692,0.0687504988026,0.0000720395301,15.1439384097487
60060,3.5983373279797,0.0025664062443,0.0468219827205,0.0687382572812,0.0000691867647,15.1439384097487
60684,3.5983742458333,0.0028063665531,0.0465172217779,0.0687327766049,0.0000588615411,15.1439384097487
61139,3.5964187498655,0.0029990135381,0.0463581878032,0.0687308716134,0.0000521420477,15.1439384097487
61149,3.5962686907879,0.0030257884279,0.0462823931001,0.0687131537035,0.0000521420477,15.1439384097487
61151,3.5963668243369,0.0030322121978,0.0462159470904,0.0686935646131,0.0000521420477,15.1439384097487
61152,3.5964100251125,0.0030253256521,0.0461478606765,0.0686669079480,0.0000510992068,15.1439384097487
61217,3.5968928580600,0.0028027690216,0.0463824445695,0.0686621385506,0.0000500772226,15.1439384097487
61222,3.5968119797803,0.0028071378463,0.0463802458969,0.0686620812416,0.0000500772226,15.1439384097487
61226,3.5967709329201,0.0028535090906,0.0462528824841,0.0686358868885,0.0000500772226,15.1439384097487
61372,3.5962279840426,0.0028981339070,0.0461775392031,0.0686204208050,0.0000480941646,15.1439384097487
61384,3.5959960039830,0.0028737059519,0.0462021097303,0.0686154443674,0.0000480941646,15.1439384097487
61404,3.5954626789371,0.0029131741229,0.0461447932749,0.0686043426214,0.0000480941646,15.1439384097487
61407,3.5955265224664,0.0029131741229,0.0461094643849,0.0685926285423,0.0000480941646,15.1439384097487
61410,3.5954928705082,0.0029434088133,0.0460071202561,0.0685685586193,0.0000480941646,15.1439384097487
61413,3.5956376040973,0.0028406450232,0.0460741715139,0.0685505118433,0.0000480941646,15.1439384097487
62243,3.5959449565924,0.0026617546019,0.0462397628242,0.0685373332909,0.0000385105054,15.1439384097487
62244,3.5959365060448,0.0026179010787,0.0462634408949,0.0685268758029,0.0000385105054,15.1439384097487
62245,3.5959608721586,0.0026284016836,0.0462148290777,0.0685143594778,0.0000385105054,15.1439384097487
62248,3.5957947448135,0.0026299607976,0.0461282478335,0.0684817551057,0.0000385105054,15.1439384097487
62297,3.5957968678401,0.0026175925615,0.0461003934545,0.0684665364813,0.0000377402953,15.1439384097487
62338,3.5959395447914,0.0026660022234,0.0460184128495,0.0684600235610,0.0000377402953,15.1439384097487
62340,3.5960819102532,0.0026191682031,0.0460282591648,0.0684454828410,0.0000377402953,15.1439384097487
62344,3.5961855834538,0.0026766570869,0.0458778930680,0.0684178857255,0.0000377402953,15.1439384097487
62348,3.5960797655016,0.0026669443028,0.0458886507395,0.0684160678123,0.0000377402953,15.1439384097487
62391,3.5954935356553,0.0026537551904,0.0459047436677,0.0684078676969,0.0000362457796,15.1439384097487
62677,3.5956937824456,0.0026666523133,0.0458798180735,0.0684073265160,0.0000341142378,15.1439384097487
62679,3.5956763023957,0.0026666523133,0.0458700144561,0.0684035778825,0.0000341142378,15.1439384097487
62682,3.5957197403294,0.0027134863335,0.0457989808095,0.0683988950898,0.0000341142378,15.1439384097487
62683,3.5956250028634,0.0027603203537,0.0457374796347,0.0683956615787,0.0000341142378,15.1439384097487
62699,3.5957095116433,0.0026710211379,0.0458329117818,0.0683926691895,0.0000341142378,15.1439384097487
62703,3.5956380704454,0.0027003137488,0.0457990075758,0.0683921036324,0.0000341142378,15.1439384097487
62705,3.5957503076450,0.0026660022234,0.0458143829708,0.0683844780543,0.0000341142378,15.1439384097487
63056,3.5950725451899,0.0028225031071,0.0455791575262,0.0683579504809,0.0000314658867,15.1439384097487
63190,3.5954427126168,0.0027051949324,0.0456890505228,0.0683521608920,0.0000302198376,15.1439384097487
63196,3.5954701056818,0.0027051949324,0.0456065446878,0.0683230821324,0.0000302198376,15.1439384097487
63232,3.5955753695980,0.0026662060651,0.0456461905476,0.0683220213308,0.0000302198376,15.1439384097487
63234,3.5955992059992,0.0026662060651,0.0455850328786,0.0683005165896,0.0000302198376,15.1439384097487
63242,3.5954871554250,0.0027130400853,0.0454605311664,0.0682745379072,0.0000296154409,15.1439384097487
63249,3.5956328402633,0.0026962699692,0.0454643887238,0.0682707898444,0.0000296154409,15.1439384097487
63287,3.5956580697720,0.0026700955861,0.0454593008110,0.0682581121358,0.0000296154409,15.1439384097487
63288,3.5957411134693,0.0026675778650,0.0454245956860,0.0682458134877,0.0000296154409,15.1439384097487
63294,3.5957610178577,0.0025524623665,0.0455078107629,0.0682264795902,0.0000296154409,15.1439384097487
63296,3.5957282701368,0.0025330533260,0.0454714033217,0.0682046953943,0.0000296154409,15.1439384097487
63307,3.5957344615688,0.0025056283463,0.0454593008110,0.0681887071147,0.0000296154409,15.1439384097487
63399,3.5958037204764,0.0024501613523,0.0454959234372,0.0681789950641,0.0000290231320,15.1439384097487
63480,3.5956196287159,0.0025604452503,0.0453011234701,0.0681540832889,0.0000278738160,15.1439384097487
63500,3.5955652990784,0.0026072792706,0.0452338823121,0.0681493715518,0.0000278738160,15.1439384097487
63737,3.5953984396191,0.0022438955345,0.0456504866816,0.0681400618896,0.0000267700129,15.1439384097487
63794,3.5952102179874,0.0023207934588,0.0455195209036,0.0681235813272,0.0000257099204,15.1439384097487
63831,3.5952567540573,0.0023682610412,0.0454432083522,0.0681173285765,0.0000257099204,15.1439384097487
63833,3.5952711560369,0.0023948816724,0.0453071405750,0.0680803455708,0.0000257099204,15.1439384097487
63858,3.5952179828578,0.0023961487968,0.0453064764934,0.0680798990551,0.0000257099204,15.1439384097487
63865,3.5951514287061,0.0023493147766,0.0452438905747,0.0680365334816,0.0000257099204,15.1439384097487
63918,3.5951123182638,0.0023516617114,0.0452409420361,0.0680359328511,0.0000257099204,15.1439384097487
63941,3.5950194358446,0.0023472928868,0.0452421207601,0.0680331671906,0.0000246918075,15.1439384097487
63962,3.5950828211576,0.0023926889962,0.0451823940471,0.0680321885951,0.0000246918075,15.1439384097487
63976,3.5950099631557,0.0024395230165,0.0450464242278,0.0680026687324,0.0000246918075,15.1439384097487
63982,3.5949729343023,0.0024863570367,0.0449765452324,0.0679972597155,0.0000246918075,15.1439384097487
64481,3.5937679710316,0.0024777240630,0.0449814682642,0.0679782679457,0.0000218730496,15.1439384097487
64496,3.5936284791967,0.0024746058351,0.0449461665352,0.0679623500018,0.0000218730496,15.1439384097487
64497,3.5936423653628,0.0024863570367,0.0449101164664,0.0679547076948,0.0000218730496,15.1439384097487
64504,3.5935318446833,0.0024968411139,0.0447820216287,0.0679118888543,0.0000218730496,15.1439384097487
64509,3.5936886812737,0.0025618335780,0.0446799418174,0.0679055049192,0.0000218730496,15.1439384097487
64654,3.5935614707496,0.0025460055412,0.0446534260064,0.0678874515220,0.0000210068768,15.1439384097487
64680,3.5939588723624,0.0025049782564,0.0446602041178,0.0678779123602,0.0000210068768,15.1439384097487
64695,3.5940314367940,0.0025518122766,0.0445023391842,0.0678426305316,0.0000210068768,15.1439384097487
65211,3.5945996691585,0.0025223819347,0.0444674052116,0.0678255815590,0.0000189885528,15.1439384097487
65219,3.5945519868533,0.0025060911222,0.0444869017979,0.0678248881473,0.0000189885528,15.1439384097487
65221,3.5945888464987,0.0025314611566,0.0444116125570,0.0678093935662,0.0000189885528,15.1439384097487
65227,3.5946675801465,0.0025112642953,0.0444170052141,0.0678037777932,0.0000189885528,15.1439384097487
65228,3.5946469074504,0.0024846271364,0.0444057210268,0.0677880392838,0.0000189885528,15.1439384097487
65237,3.5945270035456,0.0025006094318,0.0443012990927,0.0677558986589,0.0000186087818,15.1439384097487
65242,3.5945871420793,0.0025474434520,0.0441716742352,0.0677305267461,0.0000186087818,15.1439384097487
65254,3.5945567169196,0.0025782951769,0.0441110332549,0.0677216609070,0.0000186087818,15.1439384097487
65262,3.5946568535515,0.0024943399205,0.0441327942191,0.0676948687824,0.0000186087818,15.1439384097487
65302,3.5947056125934,0.0025294227391,0.0440730412564,0.0676892538694,0.0000182366061,15.1439384097487
65558,3.5940949366408,0.0025555805944,0.0440420949286,0.0676807710951,0.0000175144365,15.1439384097487
65561,3.5940939505600,0.0025087465742,0.0440950169467,0.0676795861399,0.0000175144365,15.1439384097487
65664,3.5940023074655,0.0023674566927,0.0442517108103,0.0676736986840,0.0000168208649,15.1439384097487
65674,3.5941121589248,0.0023912676132,0.0442151962145,0.0676724168280,0.0000168208649,15.1439384097487
65683,3.5940908070807,0.0023912676132,0.0442099441722,0.0676702389714,0.0000168208649,15.1439384097487
65698,3.5941539115737,0.0023912676132,0.0442040526419,0.0676690277778,0.0000168208649,15.1439384097487
65709,3.5941296490215,0.0024370052953,0.0440437697516,0.0676310424387,0.0000168208649,15.1439384097487
65811,3.5939213033638,0.0023901712751,0.0440492721759,0.0676099877902,0.0000164844476,15.1439384097487
65822,3.5940341879956,0.0024370052953,0.0439514146062,0.0675967076911,0.0000164844476,15.1439384097487
65863,3.5939792716363,0.0025240953073,0.0438031021398,0.0675802861811,0.0000164844476,15.1439384097487
65874,3.5939101521977,0.0025709293276,0.0437290033967,0.0675729160318,0.0000161547586,15.1439384097487
65876,3.5938007178709,0.0026107225434,0.0436588290324,0.0675633595058,0.0000161547586,15.1439384097487
65880,3.5937896994926,0.0025992798590,0.0436037517033,0.0675386291143,0.0000161547586,15.1439384097487
65895,3.5938521850626,0.0026161877061,0.0434929975661,0.0675072044520,0.0000161547586,15.1439384097487
65948,3.5940101202313,0.0025308110667,0.0435872066188,0.0675064953261,0.0000161547586,15.1439384097487
65959,3.5941080937610,0.0025308110667,0.0434851938496,0.0674714485131,0.0000161547586,15.1439384097487
65960,3.5938689350239,0.0025308110667,0.0434945601209,0.0674714095299,0.0000161547586,15.1439384097487
65982,3.5939390331578,0.0025308110667,0.0434250503182,0.0674475764842,0.0000158316634,15.1439384097487
66029,3.5939545447727,0.0024672069303,0.0434630970090,0.0674341251608,0.0000158316634,15.1439384097487
66039,3.5939259224199,0.0024875745780,0.0433148835914,0.0673895157849,0.0000158316634,15.1439384097487
66053,3.5940228798929,0.0024875745780,0.0432686793994,0.0673743862294,0.0000158316634,15.1439384097487
66064,3.5940668013776,0.0024396442197,0.0433110763663,0.0673696079073,0.0000158316634,15.1439384097487
66116,3.5944525302355,0.0024294686597,0.0432641912268,0.0673539602978,0.0000155150302,15.1439384097487
66118,3.5943657559774,0.0024197558756,0.0432547286222,0.0673451903245,0.0000155150302,15.1439384097487
66122,3.5942178403929,0.0024197558756,0.0432265526884,0.0673330344954,0.0000155150302,15.1439384097487
66140,3.5941537816305,0.0024665898958,0.0430963858340,0.0673057116289,0.0000152047296,15.1439384097487
66265,3.5942911597088,0.0024819386290,0.0430426839151,0.0672950542912,0.0000152047296,15.1439384097487
66274,3.5944786017119,0.0023798084011,0.0431469491873,0.0672911740826,0.0000152047296,15.1439384097487
66290,3.5944451847372,0.0024266424213,0.0429565876404,0.0672427866908,0.0000152047296,15.1439384097487
66305,3.5944030788095,0.0024095803156,0.0428255394136,0.0671880756256,0.0000146026223,15.1439384097487
66373,3.5944182943026,0.0024302564805,0.0427771423033,0.0671798674551,0.0000146026223,15.1439384097487
66391,3.5944450530142,0.0024064455600,0.0427825253939,0.0671719639412,0.0000146026223,15.1439384097487
66450,3.5945251647561,0.0024532795802,0.0426780146460,0.0671558439728,0.0000146026223,15.1439384097487
66503,3.5945735087605,0.0025001136005,0.0426180228837,0.0671551741308,0.0000143105698,15.1439384097487
66540,3.5946388428030,0.0024133321057,0.0426826922215,0.0671420027260,0.0000143105698,15.1439384097487
66609,3.5946336058484,0.0023721505622,0.0426571605768,0.0671151609460,0.0000140243584,15.1439384097487
66634,3.5946223907619,0.0022614038883,0.0427472308512,0.0670997073482,0.0000140243584,15.1439384097487
66671,3.5946640320558,0.0023082379086,0.0426695263108,0.0670926166711,0.0000137438713,15.1439384097487
66686,3.5947667893089,0.0022545173426,0.0426916916299,0.0670789637650,0.0000137438713,15.1439384097487
66691,3.5948314939654,0.0023013513628,0.0425341856599,0.0670436989224,0.0000137438713,15.1439384097487
66701,3.5950211427254,0.0022535752632,0.0425132664353,0.0670184358167,0.0000137438713,15.1439384097487
66703,3.5950280758706,0.0022878867886,0.0423708438438,0.0669823736485,0.0000137438713,15.1439384097487
66710,3.5950918328236,0.0022410527684,0.0423571172926,0.0669583017424,0.0000137438713,15.1439384097487
66802,3.5950472449342,0.0022410527684,0.0423571172926,0.0669576708268,0.0000134689938,15.1439384097487
66824,3.5950745845244,0.0022379180128,0.0422462392935,0.0669171149281,0.0000131996140,15.1439384097487
66858,3.5951939102598,0.0022686154790,0.0421718780194,0.0669054018383,0.0000131996140,15.1439384097487
66948,3.5955061591912,0.0023473975622,0.0420646485713,0.0669052876583,0.0000131996140,15.1439384097487
66994,3.5950865432850,0.0024110016987,0.0419517889128,0.0668863020160,0.0000129356217,15.1439384097487
67005,3.5952353675840,0.0023942315825,0.0419556464702,0.0668825983763,0.0000129356217,15.1439384097487
67029,3.5955316244043,0.0023033897804,0.0419913280339,0.0668606016052,0.0000126769092,15.1439384097487
67032,3.5953647682689,0.0022202058171,0.0420367751500,0.0668388214450,0.0000126769092,15.1439384097487
67037,3.5953590749921,0.0022202058171,0.0420351543591,0.0668381620316,0.0000126769092,15.1439384097487
67069,3.5952822957460,0.0022120686747,0.0420405655627,0.0668355208363,0.0000126769092,15.1439384097487
67073,3.5952170646061,0.0022202058171,0.0420082052441,0.0668265279102,0.0000126769092,15.1439384097487
67076,3.5951699814977,0.0022670398374,0.0419387323608,0.0668211216663,0.0000126769092,15.1439384097487
67083,3.5951547955798,0.0022820800533,0.0418991024086,0.0668131990390,0.0000126769092,15.1439384097487
67113,3.5952234803965,0.0022939855135,0.0418501894793,0.0668018043614,0.0000126769092,15.1439384097487
67141,3.5953087002250,0.0023646304543,0.0417501790131,0.0667975685958,0.0000126769092,15.1439384097487
67169,3.5953153722746,0.0023397231957,0.0417630912783,0.0667915999887,0.0000124233711,15.1439384097487
67174,3.5952548856186,0.0023865572159,0.0416427514238,0.0667678373101,0.0000124233711,15.1439384097487
67371,3.5952088922200,0.0023727675967,0.0416495097929,0.0667636903730,0.0000119314056,15.1439384097487
67387,3.5951941920040,0.0023727675967,0.0416481651288,0.0667630021288,0.0000119314056,15.1439384097487
67407,3.5952744092361,0.0022977703591,0.0416089276355,0.0667179821335,0.0000119314056,15.1439384097487
67475,3.5950909797387,0.0022410527684,0.0416407601558,0.0667024478368,0.0000116927775,15.1439384097487
67499,3.5949787694232,0.0022410527684,0.0416394154917,0.0667003798311,0.0000114589219,15.1439384097487
67503,3.5948760579822,0.0022878867886,0.0415029305436,0.0666702535698,0.0000114589219,15.1439384097487
67536,3.5948062983970,0.0023347208089,0.0413822593923,0.0666462413595,0.0000114589219,15.1439384097487
67542,3.5947758891816,0.0023815548291,0.0413205249201,0.0666438347683,0.0000114589219,15.1439384097487
67543,3.5948744018107,0.0023940938516,0.0412097684685,0.0666110467066,0.0000114589219,15.1439384097487
67680,3.5951784867235,0.0023729549108,0.0411789012999,0.0665952659530,0.0000112297435,15.1439384097487
67696,3.5948716490448,0.0023886121612,0.0411638031088,0.0665922422594,0.0000112297435,15.1439384097487
67703,3.5948011836157,0.0023886121612,0.0411373929473,0.0665818129778,0.0000112297435,15.1439384097487
67868,3.5946380140119,0.0024001925765,0.0410850377070,0.0665657688738,0.0000107850456,15.1439384097487
67945,3.5944642223925,0.0023106013711,0.0411746277535,0.0665569099483,0.0000105693447,15.1439384097487
68006,3.5943950217863,0.0023574353913,0.0411129429358,0.0665539721953,0.0000103579578,15.1439384097487
68110,3.5943195141565,0.0023574353913,0.0411119162593,0.0665525370972,0.0000103579578,15.1439384097487
68140,3.5941514508411,0.0024006718800,0.0410577174131,0.0665493322056,0.0000103579578,15.1439384097487
68144,3.5941853120207,0.0023643219370,0.0410691855202,0.0665383285445,0.0000103579578,15.1439384097487
68157,3.5940951360476,0.0024111559573,0.0408981009184,0.0664960226400,0.0000103579578,15.1439384097487
68202,3.5940365532091,0.0024111559573,0.0408922458144,0.0664931025882,0.0000099477827,15.1439384097487
68209,3.5939577095416,0.0024579899775,0.0408143382180,0.0664842345369,0.0000099477827,15.1439384097487
68296,3.5941032313250,0.0025048239977,0.0407350916947,0.0664780630536,0.0000099477827,15.1439384097487
68325,3.5940190731328,0.0023874992954,0.0407810374518,0.0664429994045,0.0000099477827,15.1439384097487
68354,3.5941524089423,0.0024416991649,0.0407095903211,0.0664425977804,0.0000097488270,15.1439384097487
68360,3.5941784386518,0.0024416991649,0.0406748414975,0.0664305558049,0.0000097488270,15.1439384097487
68406,3.5942092205478,0.0023353543711,0.0407735630457,0.0664206727222,0.0000097488270,15.1439384097487
68415,3.5942132932844,0.0024020767354,0.0406665005093,0.0664110890300,0.0000095538505,15.1439384097487
68427,3.5942016055431,0.0024020767354,0.0406665005093,0.0664109236493,0.0000095538505,15.1439384097487
68429,3.5941780489159,0.0023038525563,0.0406767726589,0.0663721628727,0.0000095538505,15.1439384097487
68454,3.5941186057329,0.0022302436462,0.0407323235203,0.0663596146733,0.0000095538505,15.1439384097487
68484,3.5938474711883,0.0022568808051,0.0407084634416,0.0663586726062,0.0000095538505,15.1439384097487
68508,3.5938574435150,0.0022371301919,0.0406203520756,0.0663188808204,0.0000095538505,15.1439384097487
68569,3.5939098554230,0.0022839642122,0.0404780120236,0.0662888584355,0.0000093627735,15.1439384097487
68588,3.5941663358316,0.0023284512976,0.0403978287490,0.0662829166261,0.0000093627735,15.1439384097487
68597,3.5940899707883,0.0023284512976,0.0403911769098,0.0662794604090,0.0000093627735,15.1439384097487
68716,3.5941243033874,0.0023555512324,0.0403214786863,0.0662666682480,0.0000089920077,15.1439384097487
68816,3.5940400837204,0.0023646469820,0.0402880591303,0.0662574391681,0.0000089920077,15.1439384097487
68856,3.5940476714180,0.0023954987069,0.0401669776977,0.0662275253325,0.0000088121675,15.1439384097487
69058,3.5939317313130,0.0023416073546,0.0401704009160,0.0662040110719,0.0000084632057,15.1439384097487
69115,3.5941581757220,0.0022346124708,0.0402339996689,0.0661840741353,0.0000084632057,15.1439384097487
69128,3.5942090874839,0.0022346124708,0.0402231496376,0.0661809195221,0.0000084632057,15.1439384097487
69131,3.5941901207068,0.0022745599453,0.0401706074203,0.0661790064121,0.0000084632057,15.1439384097487
69134,3.5941886234412,0.0022346124708,0.0402104580939,0.0661760972631,0.0000084632057,15.1439384097487
69147,3.5943735462308,0.0023063537497,0.0401068774202,0.0661724670728,0.0000082939416,15.1439384097487
69200,3.5944381109751,0.0023167000960,0.0400316686707,0.0661509545404,0.0000081280627,15.1439384097487
69222,3.5944216301381,0.0023177964341,0.0399496118934,0.0661218852049,0.0000081280627,15.1439384097487
69237,3.5944892196326,0.0022709624138,0.0399937707228,0.0661185408793,0.0000081280627,15.1439384097487
69250,3.5944303415106,0.0022607868539,0.0398672428656,0.0660681582831,0.0000081280627,15.1439384097487
69275,3.5944311539752,0.0022358795952,0.0397517126919,0.0660162344637,0.0000081280627,15.1439384097487
69284,3.5944346210253,0.0022222607624,0.0397291724165,0.0660023967812,0.0000081280627,15.1439384097487
69288,3.5945323290238,0.0022690947826,0.0396128339397,0.0659823016098,0.0000081280627,15.1439384097487
69295,3.5943453365796,0.0022581314018,0.0396144957424,0.0659755505884,0.0000081280627,15.1439384097487
69304,3.5943189255474,0.0023049654220,0.0395165817973,0.0659602793309,0.0000081280627,15.1439384097487
69319,3.5943512523821,0.0022629795300,0.0395511098994,0.0659550742648,0.0000081280627,15.1439384097487
69333,3.5944146698100,0.0022527874423,0.0395445187431,0.0659492495951,0.0000081280627,15.1439384097487
69344,3.5944492072933,0.0022527874423,0.0395350561385,0.0659463587966,0.0000079655015,15.1439384097487
69389,3.5944210490399,0.0022527874423,0.0395350561385,0.0659459603592,0.0000078061914,15.1439384097487
69426,3.5945473298419,0.0023036817699,0.0393978729955,0.0659205650991,0.0000078061914,15.1439384097487
69503,3.5950724745223,0.0022079918396,0.0394516070543,0.0659061766263,0.0000078061914,15.1439384097487
69515,3.5950463867005,0.0022047028254,0.0394487529847,0.0659033785973,0.0000078061914,15.1439384097487
69522,3.5949991983093,0.0021671188134,0.0394430256553,0.0658845579762,0.0000078061914,15.1439384097487
69533,3.5949701444908,0.0021971827174,0.0392996873293,0.0658458391377,0.0000076500676,15.1439384097487
69560,3.5949102429093,0.0022371301919,0.0392250878321,0.0658354692029,0.0000074970663,15.1439384097487
69570,3.5948301955960,0.0022004882594,0.0391915767721,0.0658066646177,0.0000074970663,15.1439384097487
69581,3.5949527998620,0.0022371301919,0.0391074265398,0.0657940494909,0.0000074970663,15.1439384097487
69603,3.5948967185506,0.0022371301919,0.0391074265398,0.0657932559441,0.0000074970663,15.1439384097487
69693,3.5949371202922,0.0022324363224,0.0390850308028,0.0657838174901,0.0000074970663,15.1439384097487
69882,3.5947454824910,0.0022105095608,0.0391148594499,0.0657823617328,0.0000070561788,15.1439384097487
69889,3.5948104923294,0.0022207016484,0.0390565036139,0.0657668082852,0.0000070561788,15.1439384097487
69973,3.5948968716174,0.0022894624303,0.0389326898255,0.0657532802427,0.0000070561788,15.1439384097487
69986,3.5949783348786,0.0022203766035,0.0388119763610,0.0656817127793,0.0000070561788,15.1439384097487
69999,3.5949991035705,0.0022672106237,0.0386682951295,0.0656507636523,0.0000070561788,15.1439384097487
70000,3.5950434015752,0.0022672106237,0.0386446007363,0.0656429281828,0.0000070561788,15.1439384097487
70013,3.5950999831780,0.0022672106237,0.0386374214193,0.0656411647669,0.0000070561788,15.1439384097487
70031,3.5951380114820,0.0021837346709,0.0385514715230,0.0655752310650,0.0000070561788,15.1439384097487
70097,3.5952056441527,0.0021655596994,0.0385440653864,0.0655657537405,0.0000067767541,15.1439384097487
70212,3.5951247372907,0.0022076998501,0.0384569013341,0.0655515389597,0.0000066412190,15.1439384097487
70232,3.5952264841686,0.0022432454446,0.0383963373231,0.0655465824935,0.0000066412190,15.1439384097487
70260,3.5951670232419,0.0022159912512,0.0383998832574,0.0655353271619,0.0000066412190,15.1439384097487
70263,3.5951351008760,0.0022159912512,0.0382737612523,0.0654898318893,0.0000066412190,15.1439384097487
70264,3.5951381070221,0.0022607868539,0.0381619003587,0.0654691222223,0.0000066412190,15.1439384097487
70276,3.5951308547135,0.0022607868539,0.0381200273969,0.0654540649734,0.0000066412190,15.1439384097487
70315,3.5951213263699,0.0023076208741,0.0379958076792,0.0654296376861,0.0000065083946,15.1439384097487
70458,3.5952272765433,0.0023240659453,0.0379563451690,0.0654240910080,0.0000063782268,15.1439384097487
70541,3.5952766659933,0.0022728631005,0.0379507120819,0.0654008339722,0.0000063782268,15.1439384097487
70544,3.5953692354979,0.0022560929843,0.0379533213085,0.0653958884985,0.0000063782268,15.1439384097487
70556,3.5955292743628,0.0022560929843,0.0379438587040,0.0653947735361,0.0000062506622,15.1439384097487
70579,3.5954652225576,0.0022560929843,0.0379452033680,0.0653943474445,0.0000061256490,15.1439384097487
70584,3.5954626739913,0.0022075290638,0.0379849516766,0.0653876940981,0.0000061256490,15.1439384097487
70594,3.5953704644138,0.0022075290638,0.0379800969148,0.0653846554953,0.0000061256490,15.1439384097487
70697,3.5951933007353,0.0022543630840,0.0378330144836,0.0653496909244,0.0000061256490,15.1439384097487
70732,3.5950771780259,0.0022596905158,0.0378040675840,0.0653399928024,0.0000060031360,15.1439384097487
70882,3.5950475544378,0.0023011971042,0.0376762719903,0.0653117208851,0.0000058830733,15.1439384097487
70908,3.5950520553020,0.0023140446439,0.0376337676852,0.0653021105515,0.0000057654118,15.1439384097487
70921,3.5949604562131,0.0022786533081,0.0376432988392,0.0652890506987,0.0000057654118,15.1439384097487
71030,3.5949030731940,0.0022717667624,0.0376154703293,0.0652753486026,0.0000057654118,15.1439384097487
71063,3.5946827298236,0.0022797496462,0.0375260800216,0.0652437268846,0.0000056501036,15.1439384097487
71093,3.5946726399599,0.0022329156260,0.0374994477203,0.0652140008546,0.0000055371015,15.1439384097487
71130,3.5946270772479,0.0021860816057,0.0375077599038,0.0651962530593,0.0000055371015,15.1439384097487
71211,3.5946136520696,0.0022216272002,0.0374104676177,0.0651765496751,0.0000055371015,15.1439384097487
71217,3.5945324923794,0.0022684612204,0.0373483951476,0.0651733042545,0.0000055371015,15.1439384097487
71237,3.5944897350646,0.0023152952406,0.0372861807247,0.0651705515276,0.0000054263595,15.1439384097487
71284,3.5944452760268,0.0023505488456,0.0372367682681,0.0651673838171,0.0000054263595,15.1439384097487
71301,3.5944403531089,0.0023840725502,0.0371885380374,0.0651644563777,0.0000054263595,15.1439384097487
71326,3.5943832215505,0.0023920554340,0.0371362136028,0.0651483819079,0.0000054263595,15.1439384097487
71454,3.5948367568845,0.0022762898456,0.0372563042682,0.0651480751022,0.0000052114756,15.1439384097487
71458,3.5949250951491,0.0022762898456,0.0371981699478,0.0651285628255,0.0000052114756,15.1439384097487
71571,3.5950378566969,0.0022927349168,0.0371137405353,0.0651070529199,0.0000051072461,15.1439384097487
71576,3.5950865904114,0.0023315860532,0.0370472743403,0.0651006550589,0.0000051072461,15.1439384097487
71709,3.5951042819328,0.0023282970390,0.0370407561986,0.0650971679075,0.0000050051012,15.1439384097487
71810,3.5951690047217,0.0023282970390,0.0370117525255,0.0650877252759,0.0000049049992,15.1439384097487
71852,3.5951630323032,0.0022640758681,0.0370203762480,0.0650631973085,0.0000049049992,15.1439384097487
71854,3.5951110302854,0.0022720587519,0.0369301306270,0.0650336521405,0.0000049049992,15.1439384097487
71908,3.5950111945330,0.0022780197459,0.0368399015226,0.0650025695028,0.0000048068992,15.1439384097487
71913,3.5949576518812,0.0023248537661,0.0367792452134,0.0650002206333,0.0000047107612,15.1439384097487
71942,3.5949110469039,0.0023370677436,0.0367407462274,0.0649910460999,0.0000047107612,15.1439384097487
72040,3.5950501211349,0.0024008096110,0.0366466458806,0.0649867246674,0.0000047107612,15.1439384097487
72060,3.5951144211981,0.0023715170000,0.0366735522333,0.0649846899445,0.0000047107612,15.1439384097487
72075,3.5950367774892,0.0023641511507,0.0366514949535,0.0649725568987,0.0000047107612,15.1439384097487
72101,3.5950078888445,0.0023641511507,0.0366498741626,0.0649715692724,0.0000046165460,15.1439384097487
72128,3.5951075826219,0.0023765359146,0.0366059922277,0.0649626155691,0.0000045242151,15.1439384097487
72133,3.5950457459701,0.0023046403771,0.0366051313000,0.0649306207372,0.0000045242151,15.1439384097487
72139,3.5950676963564,0.0022770776664,0.0365755196005,0.0649085431365,0.0000045242151,15.1439384097487
72169,3.5950403016510,0.0023059075015,0.0364920489473,0.0648907001992,0.0000045242151,15.1439384097487
72260,3.5950758730762,0.0023267379250,0.0364578949764,0.0648879330102,0.0000044337308,15.1439384097487
72282,3.5949867165437,0.0022935227377,0.0364840599540,0.0648817810057,0.0000044337308,15.1439384097487
72407,3.5949304526621,0.0022935227377,0.0364758626008,0.0648780572494,0.0000044337308,15.1439384097487
72413,3.5947886106557,0.0022675191410,0.0365011691547,0.0648739438509,0.0000044337308,15.1439384097487
72435,3.5947880237951,0.0023036982976,0.0364404390069,0.0648677515612,0.0000042581550,15.1439384097487
72462,3.5946836247969,0.0023036982976,0.0364248788766,0.0648607171330,0.0000042581550,15.1439384097487
72467,3.5947724056224,0.0023143531612,0.0363810338610,0.0648508808117,0.0000042581550,15.1439384097487
73163,3.5944297153777,0.0023303354565,0.0363726281478,0.0648498792824,0.0000037720542,15.1439384097487
73225,3.5943799607390,0.0022939855135,0.0364180754946,0.0648498279059,0.0000037720542,15.1439384097487
73366,3.5944196819599,0.0022355710780,0.0364537445551,0.0648380941506,0.0000036226808,15.1439384097487
73397,3.5944304966482,0.0022241283936,0.0364462358671,0.0648306614958,0.0000036226808,15.1439384097487
73421,3.5944448267755,0.0022078375810,0.0364401327745,0.0648217028134,0.0000036226808,15.1439384097487
73431,3.5944734042636,0.0022441875240,0.0363772131486,0.0648152144350,0.0000036226808,15.1439384097487
73520,3.5943030258061,0.0022910215442,0.0363231517285,0.0648135676642,0.0000035502272,15.1439384097487
73550,3.5943085455612,0.0022441875240,0.0363726281478,0.0648112441951,0.0000034792227,15.1439384097487
74023,3.5942146210479,0.0022078375810,0.0364180754946,0.0648105678178,0.0000032091242,15.1439384097487
74058,3.5942524445846,0.0022441875240,0.0363726281478,0.0648104503700,0.0000032091242,15.1439384097487
74286,3.5941803866077,0.0022078375810,0.0364180754946,0.0648100834028,0.0000030820429,15.1439384097487
75095,3.5937862717241,0.0022078375810,0.0364180754946,0.0648045067036,0.0000026220881,15.1439384097487
75156,3.5938163928940,0.0022441875240,0.0363726281478,0.0648042802678,0.0000025696464,15.1439384097487
76007,3.5938127281600,0.0022441875240,0.0363726281478,0.0648042284121,0.0000021861601,15.1439384097487
76420,3.5937883841640,0.0022441875240,0.0363726281478,0.0648038839462,0.0000020164445,15.1439384097487
77067,3.5936635404440,0.0022441875240,0.0363726281478,0.0648021174159,0.0000017862520,15.1439384097487
77138,3.5935703486483,0.0022078375810,0.0364180754946,0.0648014514065,0.0000017862520,15.1439384097487
77658,3.5935217568358,0.0022441875240,0.0363726281478,0.0648001111873,0.0000016146303,15.1439384097487
78003,3.5934279675494,0.0022441875240,0.0363726281478,0.0647987840752,0.0000014892836,15.1439384097487
78028,3.5933575962181,0.0022078375810,0.0364180754946,0.0647984409739,0.0000014892836,15.1439384097487
78703,3.5932839231932,0.0022441875240,0.0363726281478,0.0647967458572,0.0000013192705,15.1439384097487
78903,3.5932551082055,0.0022441875240,0.0363726281478,0.0647963381271,0.0000012416869,15.1439384097487
79524,3.5931580453970,0.0022078375810,0.0364180754946,0.0647956173431,0.0000011223866,15.1439384097487
79541,3.5930606338602,0.0022441875240,0.0363726281478,0.0647935863281,0.0000011223866,15.1439384097487
79996,3.5929714855439,0.0022078375810,0.0364180754946,0.0647929775337,0.0000010145486,15.1439384097487
80939,3.5929622471135,0.0022441875240,0.0363726281478,0.0647921941622,0.0000008458776,15.1439384097487
81477,3.5928927079366,0.0022078375810,0.0364180754946,0.0647918628358,0.0000007646064,15.1439384097487
82060,3.5929232772101,0.0022441875240,0.0363726281478,0.0647916427407,0.0000006911436,15.1439384097487
83347,3.5928492995511,0.0022078375810,0.0364180754946,0.0647912486101,0.0000005423519,15.1439384097487
83482,3.5927677291589,0.0022441875240,0.0363726281478,0.0647894417462,0.0000005208748,15.1439384097487
84039,3.5926983500254,0.0022078375810,0.0364180754946,0.0647891126844,0.0000004708296,15.1439384097487
84387,3.5926044824988,0.0022441875240,0.0363726281478,0.0647871318169,0.0000004431410,15.1439384097487
84709,3.5925266196614,0.0022078375810,0.0364180754946,0.0647866827113,0.0000004170808,15.1439384097487
85932,3.5924761102259,0.0022441875240,0.0363726281478,0.0647853153578,0.0000003339697,15.1439384097487
85994,3.5924106303525,0.0022078375810,0.0364180754946,0.0647850414703,0.0000003339697,15.1439384097487
86486,3.5923287162293,0.0022441875240,0.0363726281478,0.0647832297426,0.0000003018821,15.1439384097487
86662,3.5922813492507,0.0022078375810,0.0364180754946,0.0647832121514,0.0000002899276,15.1439384097487
87392,3.5922017322076,0.0022441875240,0.0363726281478,0.0647814329272,0.0000002516935,15.1439384097487
87550,3.5921477725888,0.0022078375810,0.0364180754946,0.0647813220506,0.0000002466597,15.1439384097487
87649,3.5920639134674,0.0022441875240,0.0363726281478,0.0647794828013,0.0000002417265,15.1439384097487
87687,3.5919708020929,0.0022078375810,0.0364180754946,0.0647788179299,0.0000002417265,15.1439384097487
88504,3.5918744332856,0.0022441875240,0.0363726281478,0.0647768016694,0.0000002056519,15.1439384097487
89752,3.5917770825256,0.0022078375810,0.0364180754946,0.0647760768110,0.0000001646720,15.1439384097487
90401,3.5917598644130,0.0022078375810,0.0364180754946,0.0647758331759,0.0000001458734,15.1439384097487
91487,3.5916805471994,0.0022441875240,0.0363726281478,0.0647740581943,0.0000001144693,15.1439384097487
91493,3.5916124723800,0.0022078375810,0.0364180754946,0.0647737475885,0.0000001144693,15.1439384097487
91666,3.5915154445709,0.0022441875240,0.0363726281478,0.0647717220031,0.0000001121799,15.1439384097487
91719,3.5914323658561,0.0022078375810,0.0364180754946,0.0647711990932,0.0000001121799,15.1439384097487
91872,3.5914769202136,0.0022441875240,0.0363726281478,0.0647711768861,0.0000001077376,15.1439384097487
92488,3.5914233462700,0.0022078375810,0.0364180754946,0.0647710714667,0.0000000954385,15.1439384097487
