0,3.12456,0.555358,0.320124,0.360602,1e+10
1,3.12438,0.555358,0.320031,0.360567,10000000000.000000
2,3.1245020670961,0.5553584234398,0.3199163861335,0.3605317065195,10000000000.0000000000000
3,3.1243116353439,0.5553584234398,0.3196275013379,0.3604312199930,10000000000.0000000000000
4,3.1243835113322,0.5553584234398,0.3194914951625,0.3603874666641,10000000000.0000000000000
6,3.1244800382053,0.5553115894196,0.3194933339618,0.3603745929108,10000000000.0000000000000
12,3.1245931332301,0.5551471221798,0.3195188318905,0.3603307591425,10000000000.0000000000000
13,3.1245340883016,0.5551002881595,0.3195310955476,0.3603179360498,10000000000.0000000000000
15,3.1246516273444,0.5550534541393,0.3195451737421,0.3603096045939,10000000000.0000000000000
18,3.1246974979483,0.5550066201191,0.3195063843603,0.3602820731180,10000000000.0000000000000
20,3.1245858774313,0.5550534541393,0.3191353940244,0.3601715641328,10000000000.0000000000000
21,3.1246753600003,0.5550534541393,0.3190363960758,0.3601405344181,10000000000.0000000000000
22,3.1246675016818,0.5550066201191,0.3190054501916,0.3601144348138,10000000000.0000000000000
27,3.1247795850228,0.5550534541393,0.3183933854945,0.3599284916553,10000000000.0000000000000
28,3.1250220469159,0.5550534541393,0.3182783268064,0.3598954755897,10000000000.0000000000000
29,3.1250665686550,0.5549358209197,0.3181874121034,0.3598269395838,10000000000.0000000000000
33,3.1251612416339,0.5548889868994,0.3181949727513,0.3598159323073,10000000000.0000000000000
34,3.1251058944791,0.5548889868994,0.3177788688097,0.3596760127468,10000000000.0000000000000
36,3.1251423955577,0.5548889868994,0.3176846591061,0.3596454129378,10000000000.0000000000000
38,3.1252167865719,0.5547713536798,0.3176425412525,0.3595938000012,10000000000.0000000000000
39,3.1251905945915,0.5547245196596,0.3176025305408,0.3595642752453,10000000000.0000000000000
40,3.1249911863181,0.5547245196596,0.3175423536745,0.3595398271130,10000000000.0000000000000
41,3.1251277612860,0.5547245196596,0.3174385360771,0.3595082273998,10000000000.0000000000000
42,3.1250758414031,0.5546068864400,0.3173420513452,0.3594357119404,10000000000.0000000000000
43,3.1250520961130,0.5546537204602,0.3167960968200,0.3592688157810,10000000000.0000000000000
44,3.1249254371406,0.5546537204602,0.3166981646167,0.3592333838217,10000000000.0000000000000
48,3.1248741059075,0.5545829212608,0.3167526987505,0.3592268322810,10000000000.0000000000000
50,3.1249757127656,0.5545829212608,0.3167005106026,0.3592116727010,10000000000.0000000000000
51,3.1250448396545,0.5544652880412,0.3153531794713,0.3587248728031,10000000000.0000000000000
52,3.1251296005170,0.5544652880412,0.3152930261689,0.3587066873742,10000000000.0000000000000
55,3.1253276601992,0.5544652880412,0.3152158265124,0.3586853136485,10000000000.0000000000000
57,3.1254494590208,0.5544184540209,0.3152129572038,0.3586714267869,10000000000.0000000000000
58,3.1254245685891,0.5544184540209,0.3147834266826,0.3585277020830,10000000000.0000000000000
59,3.1254137090419,0.5544184540209,0.3147387172630,0.3585125599136,10000000000.0000000000000
60,3.1254486772434,0.5544652880412,0.3146348595981,0.3584943217173,10000000000.0000000000000
61,3.1253610359503,0.5544652880412,0.3145328943078,0.3584584042141,10000000000.0000000000000
62,3.1256507884300,0.5544652880412,0.3140678209395,0.3583097575019,10000000000.0000000000000
64,3.1258090891310,0.5545829212608,0.3139348448833,0.3583081275808,10000000000.0000000000000
72,3.1262365103116,0.5546297552810,0.3136506094955,0.3582384017622,10000000000.0000000000000
73,3.1261881854629,0.5546297552810,0.3135874581933,0.3582162876496,10000000000.0000000000000
74,3.1263114122958,0.5545121220614,0.3133679724968,0.3581066270242,10000000000.0000000000000
76,3.1264606126895,0.5545121220614,0.3133278362361,0.3580965323215,10000000000.0000000000000
77,3.1264871882009,0.5545121220614,0.3131101111863,0.3580245422587,10000000000.0000000000000
79,3.1266959306440,0.5544652880412,0.3130303145309,0.3579869266648,10000000000.0000000000000
80,3.1266062178312,0.5544184540209,0.3130641440088,0.3579806171481,10000000000.0000000000000
83,3.1266984085363,0.5543476548216,0.3129155845450,0.3579095268039,10000000000.0000000000000
84,3.1267286185115,0.5543476548216,0.3128746460452,0.3578965455893,10000000000.0000000000000
88,3.1266685930446,0.5543944888418,0.3127278432724,0.3578619014508,9700000000.0000000000000
89,3.1267327867465,0.5543944888418,0.3126798219175,0.3578473073005,9700000000.0000000000000
90,3.1268359318595,0.5543944888418,0.3125985780318,0.3578224963331,9700000000.0000000000000
91,3.1268028244080,0.5543476548216,0.3126171722017,0.3578123543213,9700000000.0000000000000
92,3.1267827850813,0.5543476548216,0.3125891066327,0.3578025580459,9700000000.0000000000000
93,3.1268837588695,0.5542300216019,0.3124885755779,0.3577320591558,9700000000.0000000000000
95,3.1271317530677,0.5541592224025,0.3123225474126,0.3576585753029,9700000000.0000000000000
96,3.1271838965955,0.5541592224025,0.3121464577869,0.3576010264926,9700000000.0000000000000
97,3.1271782654797,0.5541592224025,0.3120109599526,0.3575557366013,9700000000.0000000000000
98,3.1271329009210,0.5542060564228,0.3118273037340,0.3575091306822,9700000000.0000000000000
100,3.1273642437102,0.5542528904430,0.3103252713509,0.3570291566490,9700000000.0000000000000
101,3.1273211160966,0.5542528904430,0.3102675572577,0.3570089693357,9700000000.0000000000000
102,3.1275524079762,0.5542528904430,0.3101495460850,0.3569747232453,9700000000.0000000000000
103,3.1277133580204,0.5542528904430,0.3099057432202,0.3568969982963,9700000000.0000000000000
104,3.1277531504097,0.5541352572234,0.3098795362045,0.3568499274217,9700000000.0000000000000
105,3.1277796264142,0.5541352572234,0.3098567446690,0.3568429130067,9700000000.0000000000000
106,3.1277225059156,0.5541352572234,0.3098579793206,0.3568420672776,9700000000.0000000000000
107,3.1276973215023,0.5541820912436,0.3097667077901,0.3568267004399,9700000000.0000000000000
109,3.1275624359765,0.5542997244632,0.3096122022630,0.3568114407045,9700000000.0000000000000
110,3.1276457320687,0.5542997244632,0.3094343154349,0.3567539785260,9700000000.0000000000000
115,3.1277185069684,0.5541352572234,0.3095724707886,0.3567468097461,9700000000.0000000000000
116,3.1277675292944,0.5541352572234,0.3094386930434,0.3567032961951,9700000000.0000000000000
117,3.1277808818923,0.5541352572234,0.3093867526597,0.3566862766380,9700000000.0000000000000
118,3.1278499517349,0.5540176240038,0.3088150636187,0.3564580228479,9700000000.0000000000000
119,3.1278081283155,0.5540176240038,0.3086560158934,0.3564040863639,9700000000.0000000000000
123,3.1280173386767,0.5540176240038,0.3085866098178,0.3563855559360,9700000000.0000000000000
125,3.1282233525789,0.5540176240038,0.3084694322375,0.3563510313161,9700000000.0000000000000
128,3.1282041209257,0.5540176240038,0.3083930052036,0.3563251323300,9700000000.0000000000000
165,3.1294607167915,0.5532660870039,0.3085494065178,0.3561544127085,9700000000.0000000000000
166,3.1294277922036,0.5532660870039,0.3084905260882,0.3561340611953,9700000000.0000000000000
167,3.1294088830236,0.5531484537843,0.3082907713232,0.3560278489903,9700000000.0000000000000
169,3.1295437659384,0.5529839865444,0.3083599266697,0.3559990472679,9700000000.0000000000000
170,3.1294876940726,0.5530308205646,0.3081515483653,0.3559439649750,9700000000.0000000000000
173,3.1295223459860,0.5530308205646,0.3079273259222,0.3558699868841,9126730000.0000000000000
174,3.1293934447152,0.5530308205646,0.3078397971439,0.3558379733779,9126730000.0000000000000
176,3.1292577859262,0.5531484537843,0.3077306717676,0.3558378233392,9126730000.0000000000000
177,3.1292919417664,0.5531484537843,0.3076408162028,0.3558086232887,9126730000.0000000000000
178,3.1293312774589,0.5531484537843,0.3071539264320,0.3556471925166,9126730000.0000000000000
179,3.1294540472810,0.5531016197640,0.3071716793604,0.3556402011067,9126730000.0000000000000
186,3.1294921103038,0.5531724189634,0.3070253041688,0.3556158469148,9126730000.0000000000000
191,3.1297465897896,0.5530547857438,0.3071039216404,0.3556084430152,9126730000.0000000000000
192,3.1296520279541,0.5530547857438,0.3070761188847,0.3555970940287,9126730000.0000000000000
193,3.1295688475636,0.5530079517236,0.3070557982462,0.3555728782583,9126730000.0000000000000
195,3.1295996984846,0.5529611177033,0.3070347447302,0.3555509281394,9126730000.0000000000000
196,3.1296283357183,0.5529611177033,0.3069727505718,0.3555308937543,9126730000.0000000000000
197,3.1297210536440,0.5529142836831,0.3069041956985,0.3554944716047,9126730000.0000000000000
198,3.1295937505475,0.5529142836831,0.3068181839044,0.3554629989373,9126730000.0000000000000
199,3.1297226851444,0.5529142836831,0.3065895386026,0.3553896218170,9126730000.0000000000000
200,3.1297147589006,0.5528674496629,0.3065571142205,0.3553630278850,9126730000.0000000000000
201,3.1296788247514,0.5529142836831,0.3065103356307,0.3553622554150,9126730000.0000000000000
202,3.1295247716358,0.5527966504635,0.3064655450920,0.3553047232980,9126730000.0000000000000
206,3.1296627838857,0.5525613840242,0.3066828411970,0.3553017709752,9126730000.0000000000000
207,3.1296221757225,0.5525145500040,0.3067090757073,0.3552940106453,9126730000.0000000000000
209,3.1295878750601,0.5523969167844,0.3066623484990,0.3552384688439,9126730000.0000000000000
210,3.1296347332047,0.5523969167844,0.3065337937555,0.3551966486577,9126730000.0000000000000
213,3.1296534267976,0.5522792835648,0.3065309777307,0.3551569103743,9126730000.0000000000000
214,3.1296202865278,0.5522792835648,0.3064204021722,0.3551193224041,9126730000.0000000000000
215,3.1297687666066,0.5522792835648,0.3060209793523,0.3549894496602,9126730000.0000000000000
216,3.1297640623092,0.5521616503451,0.3058989767052,0.3549094674916,9126730000.0000000000000
217,3.1296831277241,0.5521148163249,0.3058936067556,0.3548902847167,9126730000.0000000000000
218,3.1297895995285,0.5521148163249,0.3056890608176,0.3548244462889,9126730000.0000000000000
221,3.1299733237947,0.5521148163249,0.3052063854331,0.3546675984502,9126730000.0000000000000
231,3.1303540028567,0.5520211482845,0.3049959059471,0.3545745950709,9126730000.0000000000000
232,3.1303028506709,0.5519035150648,0.3048874364758,0.3544981015961,9126730000.0000000000000
233,3.1302800739288,0.5517858818452,0.3047480985795,0.3544119432184,9126730000.0000000000000
234,3.1303144032781,0.5517858818452,0.3047343770713,0.3544081250059,9126730000.0000000000000
236,3.1304030968974,0.5517858818452,0.3046865441513,0.3543941329351,9126730000.0000000000000
237,3.1305512087370,0.5517390478250,0.3046904665253,0.3543830891438,9126730000.0000000000000
238,3.1304985579081,0.5517390478250,0.3045148764148,0.3543234002092,9126730000.0000000000000
240,3.1304163672308,0.5517858818452,0.3041757437741,0.3542241582361,9126730000.0000000000000
243,3.1302672502402,0.5517390478250,0.3042031294589,0.3542143932425,9126730000.0000000000000
244,3.1302395570836,0.5516922138047,0.3042216122172,0.3542043332676,9126730000.0000000000000
245,3.1302781824883,0.5516922138047,0.3041954775005,0.3541964718794,9126730000.0000000000000
248,3.1305125504038,0.5516453797845,0.3037459066293,0.3540361622561,9126730000.0000000000000
249,3.1304230077391,0.5516453797845,0.3037370040236,0.3540312237966,9126730000.0000000000000
250,3.1305625481307,0.5516453797845,0.3037239821198,0.3540299545866,9126730000.0000000000000
251,3.1308239538322,0.5516453797845,0.3036692200089,0.3540174543523,9126730000.0000000000000
255,3.1311624927059,0.5515985457643,0.3035615850516,0.3539734162746,9126730000.0000000000000
257,3.1312943875598,0.5515985457643,0.3033379120786,0.3539017617555,8852928100.0000000000000
258,3.1312007223803,0.5515517117440,0.3032946216539,0.3538696586090,8852928100.0000000000000
259,3.1312493559983,0.5515517117440,0.3031738238837,0.3538304631605,8852928100.0000000000000
264,3.1312472473371,0.5515985457643,0.3030951709481,0.3538198104416,8852928100.0000000000000
265,3.1312528445880,0.5514809125447,0.3030772391886,0.3537747453163,8852928100.0000000000000
268,3.1315043900839,0.5513164453048,0.3032143748976,0.3537711715757,8852928100.0000000000000
269,3.1315887415154,0.5511988120852,0.3031775811567,0.3537215525821,8852928100.0000000000000
270,3.1317231848586,0.5511988120852,0.3030588807544,0.3536849450147,8852928100.0000000000000
271,3.1318071604800,0.5511988120852,0.3024947803166,0.3534987599234,8852928100.0000000000000
272,3.1319454184098,0.5510811788656,0.3025013548570,0.3534647835600,8852928100.0000000000000
275,3.1320358870208,0.5510811788656,0.3024554400097,0.3534514699161,8852928100.0000000000000
276,3.1321474656098,0.5510811788656,0.3024070701587,0.3534378025895,8852928100.0000000000000
277,3.1321502923637,0.5510811788656,0.3024033324219,0.3534366188970,8852928100.0000000000000
278,3.1319988319244,0.5511280128858,0.3023185474506,0.3534206347832,8852928100.0000000000000
279,3.1319902798756,0.5510811788656,0.3023116996429,0.3534025526013,8852928100.0000000000000
280,3.1320581497230,0.5509635456459,0.3022716952822,0.3533515006249,8852928100.0000000000000
281,3.1319921541236,0.5508459124263,0.3021444946864,0.3532684367235,8852928100.0000000000000
282,3.1320567865712,0.5508459124263,0.3021157813807,0.3532602882468,8852928100.0000000000000
283,3.1320315917059,0.5507282792067,0.3021478163064,0.3532312009178,8852928100.0000000000000
285,3.1323107632638,0.5506814451865,0.3021470112076,0.3532214660586,8852928100.0000000000000
