0,3.12456,0.555358,0.320124,0.360602,1e+10
1,3.12457,0.555358,0.320048,0.360577,10000000000.000000
2,3.1245756264458,0.5552407902202,0.3199881236210,0.3605180270575,10000000000.0000000000000
3,3.1247077592163,0.5552407902202,0.3197199261520,0.3604315362765,10000000000.0000000000000
4,3.1247095295408,0.5552407902202,0.3183252089220,0.3599666694998,10000000000.0000000000000
5,3.1247442379052,0.5551231570006,0.3181976485029,0.3598857022529,10000000000.0000000000000
6,3.1248408572714,0.5550763229804,0.3181569460459,0.3598586501167,10000000000.0000000000000
7,3.1248670110214,0.5550763229804,0.3180125271667,0.3598110861607,10000000000.0000000000000
8,3.1249703700001,0.5549586897607,0.3176689435504,0.3596596222506,10000000000.0000000000000
11,3.1249998090732,0.5549118557405,0.3175984944448,0.3596211758589,10000000000.0000000000000
12,3.1250194531536,0.5547942225209,0.3174010891655,0.3595165954120,10000000000.0000000000000
13,3.1252182543934,0.5546765893013,0.3169182714383,0.3593208209118,10000000000.0000000000000
14,3.1252250197482,0.5547234233215,0.3167861011175,0.3592925243906,10000000000.0000000000000
15,3.1253615917156,0.5547234233215,0.3162319693955,0.3591108199031,10000000000.0000000000000
20,3.1254134020817,0.5546297552810,0.3162981104003,0.3591027846229,10000000000.0000000000000
21,3.1254492868009,0.5546297552810,0.3162470036834,0.3590865389094,10000000000.0000000000000
24,3.1255368203032,0.5546765893013,0.3148173051804,0.3586275107823,10000000000.0000000000000
25,3.1254943341176,0.5546297552810,0.3147859219633,0.3586005032061,10000000000.0000000000000
33,3.1258960450551,0.5545121220614,0.3144895658650,0.3584713488291,10000000000.0000000000000
35,3.1260652394893,0.5544652880412,0.3144760097226,0.3584549429147,10000000000.0000000000000
37,3.1260776978741,0.5545121220614,0.3143586021246,0.3584316926104,10000000000.0000000000000
38,3.1261746650340,0.5543944888418,0.3142945583620,0.3583732679611,10000000000.0000000000000
39,3.1260378254693,0.5543944888418,0.3138787896159,0.3582316664025,10000000000.0000000000000
40,3.1261225376914,0.5543476548216,0.3138989328823,0.3582246340858,10000000000.0000000000000
41,3.1262019799328,0.5543476548216,0.3138069289039,0.3581957146968,10000000000.0000000000000
42,3.1262670981783,0.5542300216019,0.3138053911833,0.3581574243682,10000000000.0000000000000
43,3.1263280121796,0.5542300216019,0.3137657389491,0.3581455477353,10000000000.0000000000000
44,3.1262496061460,0.5542768556222,0.3137191635880,0.3581439081593,10000000000.0000000000000
45,3.1261870709342,0.5543236896424,0.3135860295241,0.3581137650151,10000000000.0000000000000
52,3.1265673638967,0.5542768556222,0.3135483967458,0.3580939800466,10000000000.0000000000000
53,3.1265837465869,0.5542768556222,0.3135032394229,0.3580792882051,10000000000.0000000000000
55,3.1266698281650,0.5541592224025,0.3134638245022,0.3580288335672,10000000000.0000000000000
56,3.1266698414133,0.5540415891829,0.3133882883842,0.3579644440796,10000000000.0000000000000
57,3.1266555155856,0.5539239559633,0.3133386071109,0.3579083572561,10000000000.0000000000000
60,3.1268447716574,0.5538771219431,0.3132141599448,0.3578554292440,10000000000.0000000000000
63,3.1269543916766,0.5537594887235,0.3131658812726,0.3578025381271,10000000000.0000000000000
129610,3.7952299519322,0.0140985936946,0.7368954695118,0.3338681871873,0.0000000000024
129652,3.7953479569238,0.0140985936946,0.7367535844116,0.3338234895626,0.0000000000024
129669,3.7952191966964,0.0140985936946,0.7367437520295,0.3338173779596,0.0000000000024
129734,3.7952578326534,0.0140985936946,0.7367369704338,0.3338159678441,0.0000000000023
129837,3.7952212046285,0.0140985936946,0.7367078100556,0.3338054414983,0.0000000000023
129850,3.7952435886867,0.0140985936946,0.7366239565552,0.3337779830272,0.0000000000023
130136,3.7953502710413,0.0141186528251,0.7365921741239,0.3337764234462,0.0000000000021
130139,3.7951345196654,0.0141498130672,0.7365294866110,0.3337611654509,0.0000000000021
130195,3.7949939770137,0.0141966470874,0.6215839525442,0.2954585052835,0.0000000000021
130358,3.7951704193782,0.0142162269143,0.6215210511592,0.2954479484382,0.0000000000021
130364,3.7951398267205,0.0141693928940,0.6214451005107,0.2954063468401,0.0000000000021
130517,3.7952191102178,0.0141427557351,0.6214616253583,0.2954047211793,0.0000000000020
130696,3.7951858892180,0.0141693928940,0.6214346608740,0.2954038808431,0.0000000000020
130750,3.7951078428264,0.0141225588738,0.6214368105622,0.2953872681861,0.0000000000019
130964,3.7949069808551,0.0141225588738,0.6214453155833,0.2953856820189,0.0000000000018
130990,3.7948882927930,0.0140959217149,0.6214505326896,0.2953781306583,0.0000000000018
131075,3.7949816912863,0.0140562827576,0.6213741404753,0.2953415093960,0.0000000000018
131113,3.7949189589529,0.0140562827576,0.6213612062154,0.2953358171742,0.0000000000018
131211,3.7948952068298,0.0141145594623,0.6212678208403,0.2953235914759,0.0000000000018
131229,3.7948155747329,0.0141145594623,0.6212439977126,0.2953138976507,0.0000000000018
131388,3.7949380961632,0.0141145594623,0.6211980355002,0.2953012737333,0.0000000000017
131590,3.7948863225765,0.0141145594623,0.6211997102033,0.2953006923789,0.0000000000016
131690,3.7948986402440,0.0141145594623,0.6211359605826,0.2952797136296,0.0000000000016
132046,3.7947943319111,0.0140677254420,0.6211704367113,0.2952732984010,0.0000000000015
132184,3.7946194465683,0.0140877845725,0.6211549669055,0.2952709787734,0.0000000000015
132258,3.7945215441946,0.0140877845725,0.6210781146657,0.2952432064303,0.0000000000015
132347,3.7944300930525,0.0141346185927,0.6209666283301,0.2952196427267,0.0000000000014
132484,3.7942382667590,0.0141145594623,0.6209820981358,0.2952138906620,0.0000000000014
132530,3.7942168438964,0.0141145594623,0.6209743134061,0.2952108242133,0.0000000000014
132540,3.7942288814482,0.0141258478880,0.6209588436003,0.2952096953786,0.0000000000014
132664,3.7943014856614,0.0141258478880,0.6209123347887,0.2951957905332,0.0000000000014
132680,3.7943828125325,0.0141404253280,0.6208479311718,0.2951809718939,0.0000000000014
132708,3.7943781494964,0.0141404253280,0.6207740995916,0.2951562587291,0.0000000000013
132782,3.7942834428589,0.0141404253280,0.6207434892314,0.2951439706872,0.0000000000013
132791,3.7941970392061,0.0141404253280,0.6207320890688,0.2951382688016,0.0000000000013
132794,3.7942467994203,0.0141404253280,0.6206786520565,0.2951215517366,0.0000000000013
132820,3.7941531788925,0.0141404253280,0.6206666766808,0.2951154992626,0.0000000000013
132821,3.7941582161996,0.0140935913078,0.6207021891486,0.2951118362880,0.0000000000013
132877,3.7941786940999,0.0140935913078,0.6206891986222,0.2951079568517,0.0000000000013
133021,3.7942160326484,0.0140935913078,0.6206640504715,0.2951003959939,0.0000000000012
133143,3.7942104057482,0.0140935913078,0.6206614045698,0.2950993901729,0.0000000000012
133242,3.7942352931666,0.0140821486234,0.6206515370459,0.2950928345673,0.0000000000012
133318,3.7943860884884,0.0141087857823,0.6206108156890,0.2950914589915,0.0000000000012
133364,3.7943873752554,0.0141087857823,0.6205533367401,0.2950723276649,0.0000000000012
133394,3.7942978862066,0.0141087857823,0.6205247396437,0.2950608255554,0.0000000000012
133565,3.7942685768030,0.0141087857823,0.6204629761201,0.2950395925847,0.0000000000011
133577,3.7942646182897,0.0141087857823,0.6204601218017,0.2950385540144,0.0000000000011
133685,3.7943182136408,0.0141087857823,0.6204277734788,0.2950289509277,0.0000000000011
133752,3.7943647572366,0.0141087857823,0.6203910771155,0.2950177432780,0.0000000000011
133854,3.7943378005170,0.0141087857823,0.6203260888760,0.2949954871870,0.0000000000011
133912,3.7944466334782,0.0141087857823,0.6202970000638,0.2949881864393,0.0000000000011
134028,3.7943701925039,0.0141087857823,0.6202339510017,0.2949654875424,0.0000000000010
134126,3.7944246711894,0.0141087857823,0.6201797856048,0.2949486315409,0.0000000000010
134190,3.7944325475255,0.0141087857823,0.6201368876396,0.2949345055852,0.0000000000010
134406,3.7944356606330,0.0141087857823,0.6201072624828,0.2949246990556,0.0000000000010
134677,3.7945451719025,0.0141556198026,0.6200423233512,0.2949210744718,0.0000000000009
134749,3.7945442580763,0.0141556198026,0.6200319321445,0.2949175906220,0.0000000000009
134764,3.7946278890153,0.0141556198026,0.6200069696147,0.2949111105799,0.0000000000009
