0,3.12456,0.555358,0.320124,0.360602,1e+10
2,3.12435,0.555358,0.320024,0.360564,10000000000.000000
3,3.1244367842201,0.5552407902202,0.3198803007297,0.3604790300365,10000000000.0000000000000
4,3.1244302477465,0.5551231570006,0.3198996104685,0.3604461116686,10000000000.0000000000000
5,3.1243695767864,0.5550763229804,0.3198425096077,0.3604101312793,10000000000.0000000000000
8,3.1243565338597,0.5549826549399,0.3198834373752,0.3603922641003,10000000000.0000000000000
9,3.1243561203453,0.5549826549399,0.3198193655875,0.3603708977359,10000000000.0000000000000
10,3.1243468137815,0.5549826549399,0.3197468057477,0.3603465062758,10000000000.0000000000000
13,3.1246526205153,0.5548181877000,0.3192310754849,0.3601265048891,10000000000.0000000000000
14,3.1248871974493,0.5548181877000,0.3191176386445,0.3600938558834,10000000000.0000000000000
16,3.1249821989060,0.5548650217203,0.3187712695850,0.3599961019481,10000000000.0000000000000
23,3.1254267312907,0.5547005544804,0.3189037718784,0.3599952315713,10000000000.0000000000000
25,3.1254052584489,0.5547005544804,0.3188860848187,0.3599888632459,10000000000.0000000000000
26,3.1253548152800,0.5547473885007,0.3187037279009,0.3599425786418,10000000000.0000000000000
28,3.1253257426467,0.5546297552810,0.3185592568935,0.3598545706482,10000000000.0000000000000
30,3.1252710971893,0.5545121220614,0.3185365277331,0.3598065803866,10000000000.0000000000000
31,3.1252371445667,0.5544652880412,0.3185182683578,0.3597841352567,10000000000.0000000000000
35,3.1253261962495,0.5543944888418,0.3184427046699,0.3597373077448,10000000000.0000000000000
37,3.1253573578474,0.5543236896424,0.3182762979099,0.3596589249898,10000000000.0000000000000
38,3.1254066276554,0.5543236896424,0.3180636432666,0.3595891245868,10000000000.0000000000000
44,3.1253125022890,0.5541592224025,0.3181521265507,0.3595617248075,10000000000.0000000000000
45,3.1254118668880,0.5541592224025,0.3180736542039,0.3595377544734,10000000000.0000000000000
46,3.1255968448781,0.5541592224025,0.3180230475281,0.3595249571333,10000000000.0000000000000
48,3.1256336790107,0.5541592224025,0.3179525410727,0.3595022657379,10000000000.0000000000000
51,3.1257007095255,0.5540415891829,0.3179939434347,0.3594783308611,10000000000.0000000000000
59,3.1259582666678,0.5538063227437,0.3182071218152,0.3594766372669,10000000000.0000000000000
60,3.1259158449929,0.5536886895241,0.3178897432788,0.3593306996044,10000000000.0000000000000
61,3.1256917391116,0.5536886895241,0.3178482449934,0.3593119340465,10000000000.0000000000000
62,3.1257772652360,0.5536418555038,0.3178686070852,0.3593049925865,10000000000.0000000000000
69,3.1261597303108,0.5535710563044,0.3177829682391,0.3592612650128,10000000000.0000000000000
70,3.1262417659312,0.5535710563044,0.3175557607719,0.3591873348770,10000000000.0000000000000
73,3.1264949512519,0.5535002571051,0.3174735058326,0.3591418896946,10000000000.0000000000000
74,3.1265281944445,0.5535002571051,0.3174607218031,0.3591383600675,10000000000.0000000000000
75,3.1265947693479,0.5534534230848,0.3174478688105,0.3591199297773,10000000000.0000000000000
76,3.1265289748387,0.5534534230848,0.3173540326900,0.3590872028670,10000000000.0000000000000
77,3.1265670699406,0.5534534230848,0.3172801730051,0.3590634214836,10000000000.0000000000000
78,3.1266730819358,0.5534065890646,0.3172555268043,0.3590419281740,10000000000.0000000000000
81,3.1266339027448,0.5533597550444,0.3164203755488,0.3587470707087,10000000000.0000000000000
82,3.1266250406659,0.5533597550444,0.3158610731527,0.3585604415134,10000000000.0000000000000
83,3.1266513475582,0.5534065890646,0.3151711711546,0.3583466645620,10000000000.0000000000000
84,3.1267460667446,0.5534065890646,0.3151610306069,0.3583453692441,10000000000.0000000000000
89,3.1268991153979,0.5534534230848,0.3149952681731,0.3583090951945,9700000000.0000000000000
91,3.1268914735334,0.5533357898652,0.3149451715752,0.3582530170502,9700000000.0000000000000
94,3.1268962975912,0.5532421218247,0.3148914067202,0.3582039789341,9700000000.0000000000000
95,3.1269984392914,0.5531244886051,0.3144450134530,0.3580182183468,9700000000.0000000000000
96,3.1271380695081,0.5530776545849,0.3144794906668,0.3580171728130,9700000000.0000000000000
97,3.1269472055631,0.5530776545849,0.3144396140797,0.3579996795097,9700000000.0000000000000
98,3.1269978877315,0.5529600213653,0.3139362718568,0.3577938032611,9700000000.0000000000000
99,3.1270070139385,0.5529600213653,0.3136549694066,0.3577002366547,9700000000.0000000000000
100,3.1271297388884,0.5529600213653,0.3132520997102,0.3575686480556,9700000000.0000000000000
101,3.1272650130172,0.5529600213653,0.3131640102868,0.3575422624343,9700000000.0000000000000
103,3.1274980796301,0.5529600213653,0.3118313038607,0.3571031569897,9700000000.0000000000000
105,3.1275056534502,0.5529600213653,0.3113172367064,0.3569319679790,9700000000.0000000000000
107,3.1274773084121,0.5529600213653,0.3111718101086,0.3568828685436,9700000000.0000000000000
109,3.1274813955949,0.5528423881456,0.3111472074994,0.3568355465636,9700000000.0000000000000
110,3.1274625082072,0.5528423881456,0.3105049535151,0.3566210461718,9700000000.0000000000000
111,3.1274824757138,0.5528423881456,0.3103547131015,0.3565714055389,9700000000.0000000000000
112,3.1275378125587,0.5527247549260,0.3102329359559,0.3564928201035,9700000000.0000000000000
119,3.1276936761874,0.5527247549260,0.3101579650482,0.3564712605163,9700000000.0000000000000
121,3.1278628188372,0.5526779209058,0.3101785278328,0.3564662264378,9700000000.0000000000000
127,3.1281033502735,0.5526779209058,0.3097251430355,0.3563203925112,9700000000.0000000000000
129,3.1283534169088,0.5526779209058,0.3097085701648,0.3563203724394,9700000000.0000000000000
130,3.1284377160376,0.5526779209058,0.3096366959735,0.3562982698843,9700000000.0000000000000
131,3.1284582288284,0.5526779209058,0.3094574247937,0.3562389643316,9700000000.0000000000000
132,3.1284535960089,0.5526310868856,0.3094346044825,0.3562156442481,9700000000.0000000000000
133,3.1283239784376,0.5526310868856,0.3093636762330,0.3561891484849,9700000000.0000000000000
134,3.1282793558192,0.5525842528653,0.3093483019437,0.3561674301930,9700000000.0000000000000
135,3.1282928318346,0.5526310868856,0.3092379311755,0.3561465478977,9700000000.0000000000000
136,3.1283417144539,0.5526310868856,0.3091931719295,0.3561327041047,9700000000.0000000000000
137,3.1282908656061,0.5525134536659,0.3091995953700,0.3560945149440,9700000000.0000000000000
139,3.1282685282454,0.5525134536659,0.3091349949920,0.3560724898169,9700000000.0000000000000
140,3.1282600213557,0.5525134536659,0.3090022989971,0.3560280705733,9700000000.0000000000000
145,3.1283252662122,0.5524666196457,0.3089539474178,0.3559977781451,9700000000.0000000000000
147,3.1283725573581,0.5524666196457,0.3085097753492,0.3558507617147,9700000000.0000000000000
148,3.1283936282444,0.5524197856255,0.3085345221746,0.3558438631078,9700000000.0000000000000
149,3.1283847393051,0.5524197856255,0.3081177202932,0.3557047334929,9700000000.0000000000000
150,3.1283773329108,0.5524197856255,0.3080484795218,0.3556814902136,9700000000.0000000000000
151,3.1285231173793,0.5524197856255,0.3078434464335,0.3556163547137,9700000000.0000000000000
153,3.1285870335929,0.5524197856255,0.3071537591126,0.3553878658003,9700000000.0000000000000
154,3.1286741505708,0.5524197856255,0.3071399254051,0.3553851720969,9700000000.0000000000000
155,3.1287966342109,0.5524197856255,0.3070822670129,0.3553686486210,9700000000.0000000000000
156,3.1288245285911,0.5524197856255,0.3070572032660,0.3553609080222,9700000000.0000000000000
157,3.1288806739255,0.5524197856255,0.3070108791112,0.3553467024526,9700000000.0000000000000
161,3.1292302763750,0.5526550520647,0.3067409704948,0.3553428501621,9700000000.0000000000000
163,3.1293908565883,0.5524905848249,0.3064748551860,0.3552028571781,9700000000.0000000000000
165,3.1294651324478,0.5523729516052,0.3064724497850,0.3551644791910,9700000000.0000000000000
170,3.1295855124249,0.5523729516052,0.3064412984625,0.3551567451014,9700000000.0000000000000
171,3.1296064311906,0.5523729516052,0.3061328796889,0.3550543992866,9126730000.0000000000000
173,3.1295256857104,0.5523261175850,0.3060758838805,0.3550180120544,9126730000.0000000000000
174,3.1295160808412,0.5523261175850,0.3060077084287,0.3549950754909,9126730000.0000000000000
175,3.1295532258942,0.5522792835648,0.3060353680602,0.3549895016281,9126730000.0000000000000
176,3.1295662031641,0.5522792835648,0.3058654442852,0.3549331460125,9126730000.0000000000000
177,3.1296055103948,0.5522792835648,0.3058394792399,0.3549253561891,9126730000.0000000000000
178,3.1297182074839,0.5522792835648,0.3055282665392,0.3548240991986,9126730000.0000000000000
179,3.1297428188154,0.5521616503451,0.3052143506848,0.3546807912275,9126730000.0000000000000
181,3.1298067644730,0.5519971831053,0.3052587079623,0.3546421620817,9126730000.0000000000000
182,3.1298574341164,0.5518795498857,0.3049272950109,0.3544935953145,9126730000.0000000000000
190,3.1303863046810,0.5518327158654,0.3047675257451,0.3544363685262,9126730000.0000000000000
191,3.1305479915823,0.5517150826458,0.3046275559602,0.3543540597495,9126730000.0000000000000
192,3.1305088914941,0.5516682486256,0.3046537354815,0.3543463142842,9126730000.0000000000000
193,3.1306500713798,0.5516682486256,0.3046152543243,0.3543365947433,9126730000.0000000000000
194,3.1307836524668,0.5515506154060,0.3045729549018,0.3542862241168,9126730000.0000000000000
196,3.1310030985630,0.5515506154060,0.3045583752210,0.3542861944528,9126730000.0000000000000
197,3.1309400344244,0.5515506154060,0.3043909105163,0.3542289847793,9126730000.0000000000000
199,3.1310846354722,0.5516682486256,0.3042411512314,0.3542214589056,9126730000.0000000000000
121903,3.8109484015071,0.0152837296509,0.7405602086970,0.3358307911370,0.0000000000115
122086,3.8110356707292,0.0153305636712,0.7405013860094,0.3358287157981,0.0000000000111
122241,3.8110540970662,0.0152837296509,0.7405342000425,0.3358244480512,0.0000000000108
122371,3.8109725598638,0.0152837296509,0.7405218791066,0.3358185463567,0.0000000000108
122646,3.8110713019256,0.0152837296509,0.7404845857046,0.3358082886349,0.0000000000102
122661,3.8110350233085,0.0152837296509,0.7404722463091,0.3358033769742,0.0000000000102
122728,3.8108634301198,0.0152368956307,0.6256164769593,0.2974987322453,0.0000000000102
122786,3.8109353603325,0.0152837296509,0.6255574665111,0.2974962566924,0.0000000000099
122821,3.8108226041571,0.0152113548099,0.6253279309056,0.2973931379999,0.0000000000096
122927,3.8108085156624,0.0152531864433,0.6252787538753,0.2973903794323,0.0000000000093
123084,3.8108763228877,0.0151355532237,0.6252983805633,0.2973592030937,0.0000000000090
123225,3.8108998833273,0.0151355532237,0.6252824622097,0.2973544155649,0.0000000000090
123290,3.8109682789214,0.0151355532237,0.6252520915241,0.2973457974589,0.0000000000087
123632,3.8110733044421,0.0151355532237,0.6252398956497,0.2973440438849,0.0000000000082
123845,3.8109784893976,0.0151355532237,0.6252157597350,0.2973339116054,0.0000000000080
123929,3.8108390077186,0.0151355532237,0.5208391532677,0.2625386393174,0.0000000000080
123954,3.8108289325062,0.0150887192034,0.5208383190240,0.2625225281306,0.0000000000077
124201,3.8107582681271,0.0150887192034,0.5206365063211,0.2624537018354,0.0000000000075
124224,3.8106870515774,0.0151355532237,0.5205928767245,0.2624532024287,0.0000000000075
124230,3.8106969199871,0.0150937215902,0.5206262163916,0.2624505889869,0.0000000000075
124448,3.8107036237641,0.0150937215902,0.5205770393613,0.2624343442003,0.0000000000070
124538,3.8106430398350,0.0150937215902,0.5205647255773,0.2624289060924,0.0000000000070
124573,3.8105399626676,0.0150937215902,0.5205523123432,0.2624224995154,0.0000000000070
124690,3.8104330181401,0.0150594100648,0.5205873115189,0.2624203747754,0.0000000000068
124710,3.8104440137863,0.0150594100648,0.5205506169077,0.2624083852636,0.0000000000068
124723,3.8103434760344,0.0150594100648,0.5205381042236,0.2624020014318,0.0000000000068
124910,3.8102465852091,0.0150125760445,0.5205877947714,0.2624008209430,0.0000000000066
124927,3.8101887376119,0.0149859388856,0.5206151439384,0.2623997849952,0.0000000000066
125083,3.8099281813344,0.0150327729059,0.5205803301541,0.2623980566344,0.0000000000064
125109,3.8099551883778,0.0150327729059,0.5205645385770,0.2623933872276,0.0000000000064
125344,3.8101485771165,0.0150670844313,0.5204678033078,0.2623768359939,0.0000000000061
125511,3.8100493966903,0.0150468875700,0.5204893314759,0.2623750967018,0.0000000000059
125584,3.8102034726256,0.0150244815048,0.5204895553256,0.2623710939965,0.0000000000059
125774,3.8103132014228,0.0150244815048,0.5204260159343,0.2623523294407,0.0000000000057
125807,3.8103303885571,0.0150713155250,0.5203539735913,0.2623443049725,0.0000000000055
125829,3.8104098057113,0.0149685517350,0.5204317832456,0.2623377349788,0.0000000000055
125985,3.8103718345566,0.0149909578002,0.5203331252298,0.2623114818786,0.0000000000054
126111,3.8102734777005,0.0149987864254,0.5202798392006,0.2622941644771,0.0000000000054
126488,3.8102578225646,0.0149987864254,0.5202754865455,0.2622923690068,0.0000000000049
126595,3.8102913070421,0.0149987864254,0.5202636884578,0.2622891733380,0.0000000000049
126733,3.8102597844202,0.0150166528796,0.5202137797457,0.2622777987407,0.0000000000047
126799,3.8101772852229,0.0150166528796,0.5201524216285,0.2622555301446,0.0000000000046
127462,3.8102917906419,0.0150509644051,0.5200797726195,0.2622452713629,0.0000000000041
127661,3.8103774713860,0.0150509644051,0.5200686944127,0.2622434645468,0.0000000000040
128003,3.8103403700414,0.0150509644051,0.5200358121301,0.2622316871480,0.0000000000037
128047,3.8103704824934,0.0149333311855,0.5201422545424,0.2622286196843,0.0000000000036
128183,3.8104663800187,0.0148864971652,0.5199742271366,0.2621591100100,0.0000000000035
128495,3.8104909463205,0.0148864971652,0.5199246152970,0.2621431134592,0.0000000000034
128649,3.8105067412994,0.0150041303849,0.4260599654307,0.2308944555737,0.0000000000033
128666,3.8104446105014,0.0150041303849,0.4258962635982,0.2308385207348,0.0000000000033
128676,3.8104205415436,0.0150509644051,0.4258460030050,0.2308368487618,0.0000000000033
128681,3.8105012229415,0.0150509644051,0.3422911487716,0.2029870065628,0.0000000000033
128744,3.8104994380148,0.0150041303849,0.3422915081182,0.2029714757169,0.0000000000032
128766,3.8103802158769,0.0149916078901,0.3421445556719,0.2029156932039,0.0000000000032
128806,3.8101959981135,0.0150028963159,0.3420635948385,0.2028884142496,0.0000000000032
129094,3.8102146265907,0.0149685847904,0.3420513950823,0.2028733205205,0.0000000000030
129426,3.8102460573909,0.0149685847904,0.3420392730330,0.2028699716610,0.0000000000028
129460,3.8104433338486,0.0149217507702,0.2689139307344,0.1784835884749,0.0000000000028
129461,3.8102894741434,0.0149217507702,0.2689199483470,0.1784822077387,0.0000000000028
129577,3.8102794464958,0.0149217507702,0.2689033926522,0.1784764684551,0.0000000000027
129628,3.8103210669694,0.0149038843159,0.2688528890877,0.1784545945574,0.0000000000027
129896,3.8102620017363,0.0149038843159,0.2688485569306,0.1784518504198,0.0000000000026
129927,3.8102419829572,0.0149038843159,0.2688317230604,0.1784457984962,0.0000000000026
129941,3.8103291451045,0.0149038843159,0.2688206713336,0.1784440331139,0.0000000000026
130147,3.8102616926594,0.0150066481060,0.2686986813906,0.1784361397001,0.0000000000025
130221,3.8102582187457,0.0150066481060,0.2686859292511,0.1784318125225,0.0000000000024
130224,3.8103044573854,0.0150066481060,0.2686628740880,0.1784251452272,0.0000000000024
130300,3.8102367913209,0.0149598140857,0.2687133890856,0.1784248828215,0.0000000000024
130306,3.8103652041400,0.0149248855258,0.2686987322084,0.1784111808379,0.0000000000024
130353,3.8104192450117,0.0149135971000,0.2686259019036,0.1783843307550,0.0000000000024
130422,3.8103097033655,0.0149604311202,0.2685273982464,0.1783646964207,0.0000000000024
130442,3.8104748245925,0.0149215965115,0.2685304251045,0.1783563949883,0.0000000000024
130798,3.8105331167991,0.0148747624913,0.2060410740682,0.1575122830397,0.0000000000022
130839,3.8104472459237,0.0149215965115,0.2059838839967,0.1575069409181,0.0000000000022
131110,3.8105321799488,0.0149684305318,0.2059223737988,0.1575039183423,0.0000000000021
131133,3.8105534270052,0.0149215965115,0.2059580235025,0.1575006579059,0.0000000000021
131177,3.8105727248685,0.0148944965768,0.2059748056263,0.1574976434010,0.0000000000020
131281,3.8106855199299,0.0149413305970,0.2058987237834,0.1574903768597,0.0000000000020
131301,3.8106846238108,0.0149413305970,0.2057873125238,0.1574532200486,0.0000000000020
131328,3.8106517335373,0.0149146934381,0.2058135991532,0.1574523792574,0.0000000000020
131357,3.8106104600983,0.0148678594179,0.1540161614336,0.1401700468742,0.0000000000020
131452,3.8105173314932,0.0148667630798,0.1539670520642,0.1401512617840,0.0000000000019
131483,3.8104745844418,0.0148487588946,0.1538639757869,0.1401099607242,0.0000000000019
131572,3.8104415486920,0.0148487588946,0.1538529455133,0.1401055568162,0.0000000000019
131653,3.8104198222964,0.0148487588946,0.1534680780191,0.1399767894316,0.0000000000018
131782,3.8104539727300,0.0148487588946,0.1534657743982,0.1399767732435,0.0000000000018
132022,3.8105470861761,0.0148487588946,0.1534460912267,0.1399722617070,0.0000000000017
132108,3.8105199344328,0.0148199290595,0.1534586607306,0.1399662439594,0.0000000000017
132168,3.8105815715672,0.0147921955626,0.1533801806484,0.1399321961284,0.0000000000017
132274,3.8105965644532,0.0147921955626,0.1533410699604,0.1399194892409,0.0000000000016
132282,3.8105778818390,0.0147921955626,0.1533025370327,0.1399062337085,0.0000000000016
132610,3.8105088076408,0.0147921955626,0.1531648408920,0.1398588146023,0.0000000000015
132631,3.8103955801200,0.0147453615423,0.1115877727250,0.1259816882881,0.0000000000015
132677,3.8103123679724,0.0147453615423,0.1115324982203,0.1259614318701,0.0000000000015
132710,3.8102703907918,0.0147453615423,0.1114431123015,0.1259307126038,0.0000000000015
133003,3.8102975034495,0.0147293957747,0.1114453881170,0.1259267460633,0.0000000000014
133119,3.8102460333988,0.0147293957747,0.1113724890213,0.1259013134571,0.0000000000014
133173,3.8103208311023,0.0147179530903,0.1113347278310,0.1258865585383,0.0000000000014
133184,3.8101947938165,0.0146985275221,0.1113101467904,0.1258691154611,0.0000000000014
133224,3.8101992195151,0.0147218756668,0.1112705806996,0.1258638068932,0.0000000000014
133257,3.8102821230477,0.0147218756668,0.1111301969813,0.1258188371106,0.0000000000014
133275,3.8102770774734,0.0147218756668,0.1111177124826,0.1258145645529,0.0000000000014
133687,3.8103260376521,0.0146750416465,0.1111194173645,0.1258005991696,0.0000000000013
134150,3.8103908612936,0.0146819447200,0.1110565376315,0.1257833671167,0.0000000000012
134186,3.8103224941438,0.0147287787402,0.1109927946325,0.1257762259606,0.0000000000012
134404,3.8103906675340,0.0147287787402,0.1109819436424,0.1257741095289,0.0000000000011
134624,3.8104137365386,0.0146875806690,0.1110057209286,0.1257688103726,0.0000000000011
134687,3.8105105078684,0.0146875806690,0.1109941759734,0.1257670920886,0.0000000000011
135025,3.8104365530494,0.0147344146892,0.1109303960551,0.1257598156359,0.0000000000010
135209,3.8103410591766,0.0147344146892,0.1109061251984,0.1257496234341,0.0000000000010
135232,3.8103437128522,0.0146642325243,0.1109335780502,0.1257354387398,0.0000000000010
135271,3.8101225458880,0.0146642325243,0.0803078121189,0.1155219819884,0.0000000000010
135272,3.8101902229600,0.0146642325243,0.0802803592671,0.1155143206783,0.0000000000010
