0,3.12456,0.555358,0.320124,0.396553,100000.000000
1,3.1245022921649,0.5552407902202,0.3201473688607,0.3965101828690,100000.0000000000000,15.1439384097487
2,3.1245508947344,0.5551231570006,0.3201086938024,0.3964466438343,100000.0000000000000,15.1439384097487
3,3.1245156010216,0.5550055237810,0.3200524653558,0.3963756486056,100000.0000000000000,15.1439384097487
4,3.1245231697712,0.5548878905614,0.3199884179093,0.3963024673779,100000.0000000000000,15.1439384097487
5,3.1245510182072,0.5547702573417,0.3197277582237,0.3961593544496,100000.0000000000000,15.1439384097487
6,3.1245320880200,0.5546526241221,0.3196306113273,0.3960739770315,100000.0000000000000,15.1439384097487
7,3.1245027315097,0.5545349909025,0.3196022963023,0.3960130348930,100000.0000000000000,15.1439384097487
8,3.1245485787027,0.5544881568823,0.3195898354033,0.3959891615837,100000.0000000000000,15.1439384097487
9,3.1245111610039,0.5543705236626,0.3195425851275,0.3959213427902,100000.0000000000000,15.1439384097487
10,3.1244039775639,0.5543236896424,0.3194916200321,0.3958815526090,100000.0000000000000,15.1439384097487
11,3.1245100779911,0.5542060564228,0.3195004720856,0.3958358011336,100000.0000000000000,15.1439384097487
12,3.1245524437221,0.5540884232032,0.3194722235870,0.3957758976194,100000.0000000000000,15.1439384097487
13,3.1245955231807,0.5539707899835,0.3194432854293,0.3957157578976,100000.0000000000000,15.1439384097487
14,3.1245687286589,0.5538531567639,0.3192456902497,0.3955943948129,100000.0000000000000,15.1439384097487
15,3.1246456997645,0.5537355235443,0.3188917720682,0.3954186703614,100000.0000000000000,15.1439384097487
16,3.1246959090413,0.5536178903247,0.3187447104927,0.3953164445911,100000.0000000000000,15.1439384097487
17,3.1246412643739,0.5535002571051,0.3186103451606,0.3952172695171,100000.0000000000000,15.1439384097487
18,3.1246821898813,0.5533826238854,0.3185145547532,0.3951332235135,100000.0000000000000,15.1439384097487
19,3.1246684620323,0.5532649906658,0.3182551122008,0.3949899569739,100000.0000000000000,15.1439384097487
20,3.1247254674661,0.5531473574462,0.3180684465168,0.3948736830443,100000.0000000000000,15.1439384097487
21,3.1246797173610,0.5530297242266,0.3179609133581,0.3947842167469,100000.0000000000000,15.1439384097487
22,3.1246914357880,0.5529120910069,0.3178526325910,0.3946952966223,100000.0000000000000,15.1439384097487
23,3.1246509804285,0.5528652569867,0.3178116118448,0.3946600021922,100000.0000000000000,15.1439384097487
24,3.1245301131071,0.5527476237671,0.3178067074154,0.3946061261088,100000.0000000000000,15.1439384097487
25,3.1245181092940,0.5527007897469,0.3177212901697,0.3945553783735,100000.0000000000000,15.1439384097487
26,3.1245594969207,0.5525831565272,0.3177268753393,0.3945075444721,100000.0000000000000,15.1439384097487
27,3.1245863964185,0.5524655233076,0.3177650433529,0.3944711422947,100000.0000000000000,15.1439384097487
28,3.1244837578452,0.5523478900880,0.3171091516260,0.3941850286835,100000.0000000000000,15.1439384097487
29,3.1245001715365,0.5523010560678,0.3170643393266,0.3941491848205,100000.0000000000000,15.1439384097487
30,3.1244635509525,0.5521834228481,0.3169941052785,0.3940731688161,100000.0000000000000,15.1439384097487
31,3.1244040050317,0.5521365888279,0.3169499505005,0.3940364849588,100000.0000000000000,15.1439384097487
32,3.1245107763729,0.5520189556083,0.3169413590056,0.3939845131381,100000.0000000000000,15.1439384097487
33,3.1245198370288,0.5519721215881,0.3168552461409,0.3939338150282,100000.0000000000000,15.1439384097487
34,3.1244770000841,0.5519252875678,0.3168049287225,0.3938951666588,100000.0000000000000,15.1439384097487
35,3.1245740075896,0.5518076543482,0.3165125281305,0.3937416962887,100000.0000000000000,15.1439384097487
36,3.1246350745863,0.5516900211286,0.3164445817888,0.3936678795950,100000.0000000000000,15.1439384097487
37,3.1246361066879,0.5515723879090,0.3164006982623,0.3936018072742,100000.0000000000000,15.1439384097487
38,3.1246898503032,0.5514547546893,0.3160772739157,0.3934366448105,100000.0000000000000,15.1439384097487
39,3.1246668771955,0.5514079206691,0.3160447248148,0.3934046233408,100000.0000000000000,15.1439384097487
40,3.1246787052841,0.5512902874495,0.3159963458729,0.3933370982769,100000.0000000000000,15.1439384097487
41,3.1246925113930,0.5511726542299,0.3158427503380,0.3932320238472,100000.0000000000000,15.1439384097487
42,3.1247259528516,0.5510550210102,0.3144844425779,0.3926969728903,100000.0000000000000,15.1439384097487
43,3.1246133357189,0.5509373877906,0.3144280432834,0.3926248225233,100000.0000000000000,15.1439384097487
44,3.1245500841041,0.5508197545710,0.3143775552233,0.3925554818302,100000.0000000000000,15.1439384097487
45,3.1244923373128,0.5507729205508,0.3141659651147,0.3924590250980,100000.0000000000000,15.1439384097487
46,3.1244428551716,0.5507260865305,0.3141153251184,0.3924201674932,100000.0000000000000,15.1439384097487
47,3.1245366334052,0.5506084533109,0.3138147941328,0.3922637477170,100000.0000000000000,15.1439384097487
48,3.1243999928893,0.5504908200913,0.3136298546894,0.3921453502247,100000.0000000000000,15.1439384097487
49,3.1244173237842,0.5503731868717,0.3135725387085,0.3920747112255,100000.0000000000000,15.1439384097487
50,3.1243167649743,0.5502555536521,0.3135186134342,0.3920036150616,100000.0000000000000,15.1439384097487
51,3.1243553521887,0.5502087196318,0.3134811991741,0.3919707271094,100000.0000000000000,15.1439384097487
52,3.1243892453785,0.5500910864122,0.3134057989820,0.3918938638187,100000.0000000000000,15.1439384097487
53,3.1243401487802,0.5500442523920,0.3133548548675,0.3918549030556,100000.0000000000000,15.1439384097487
54,3.1242024529637,0.5499266191723,0.3131707932954,0.3917368041563,100000.0000000000000,15.1439384097487
55,3.1240970740518,0.5498089859527,0.3131617441198,0.3916816669663,100000.0000000000000,15.1439384097487
56,3.1241496015882,0.5496913527331,0.3125842103308,0.3914257339230,100000.0000000000000,15.1439384097487
57,3.1241256960946,0.5496445187129,0.3125467320766,0.3913919388481,100000.0000000000000,15.1439384097487
58,3.1242285572450,0.5495268854933,0.3123981198562,0.3912899042965,100000.0000000000000,15.1439384097487
59,3.1243616926245,0.5494092522736,0.3121994977126,0.3911704374364,100000.0000000000000,15.1439384097487
60,3.1243533240468,0.5492916190540,0.3121223651871,0.3910923574541,100000.0000000000000,15.1439384097487
61,3.1243353260552,0.5491739858344,0.3121503302748,0.3910516760780,100000.0000000000000,15.1439384097487
62,3.1243744047167,0.5490563526148,0.3120868848924,0.3909791557363,100000.0000000000000,15.1439384097487
63,3.1244164731077,0.5489387193951,0.3119990475443,0.3908979662828,100000.0000000000000,15.1439384097487
64,3.1244192210675,0.5488210861755,0.3119267051371,0.3908217543552,100000.0000000000000,15.1439384097487
65,3.1244454045403,0.5487034529559,0.3118530378509,0.3907454008676,100000.0000000000000,15.1439384097487
66,3.1243817853493,0.5485858197363,0.3118009325514,0.3906754773878,100000.0000000000000,15.1439384097487
67,3.1244485532578,0.5484681865167,0.3113841352423,0.3904771517304,100000.0000000000000,15.1439384097487
68,3.1244182274453,0.5484213524964,0.3113417412984,0.3904415102050,100000.0000000000000,15.1439384097487
69,3.1243980529058,0.5483745184762,0.3112967628622,0.3904050892864,100000.0000000000000,15.1439384097487
70,3.1243979608211,0.5482568852566,0.3111879419281,0.3903158091272,100000.0000000000000,15.1439384097487
71,3.1243517366966,0.5481392520370,0.3105004802295,0.3900192187867,100000.0000000000000,15.1439384097487
72,3.1242514247651,0.5480924180167,0.3104580493663,0.3899825737769,100000.0000000000000,15.1439384097487
73,3.1242245314873,0.5479747847971,0.3103232303871,0.3898836293664,100000.0000000000000,15.1439384097487
74,3.1242058893967,0.5478571515775,0.3103313374131,0.3898358467115,100000.0000000000000,15.1439384097487
75,3.1241845761066,0.5478103175572,0.3102867624053,0.3897995537613,100000.0000000000000,15.1439384097487
76,3.1242202177333,0.5476926843376,0.3102108825204,0.3897225438921,100000.0000000000000,15.1439384097487
77,3.1241930186990,0.5475750511180,0.3100769473758,0.3896239108103,100000.0000000000000,15.1439384097487
78,3.1241983192716,0.5474574178984,0.3100102101210,0.3895497368423,100000.0000000000000,15.1439384097487
79,3.1240990072173,0.5473397846788,0.3099430461773,0.3894739302236,100000.0000000000000,15.1439384097487
80,3.1241530212413,0.5472221514591,0.3098757188294,0.3894002348001,100000.0000000000000,15.1439384097487
81,3.1241316935516,0.5471045182395,0.3098441227854,0.3893382344763,100000.0000000000000,15.1439384097487
82,3.1242326331283,0.5469868850199,0.3098180484361,0.3892799362599,100000.0000000000000,15.1439384097487
83,3.1242726418198,0.5468692518003,0.3093833146683,0.3890748260833,100000.0000000000000,15.1439384097487
84,3.1243288845826,0.5467516185807,0.3093869766638,0.3890265155332,100000.0000000000000,15.1439384097487
85,3.1241888453166,0.5467047845604,0.3093396132540,0.3889875467605,100000.0000000000000,15.1439384097487
86,3.1241730339094,0.5465871513408,0.3093472169863,0.3889396244119,98000.0000000000000,15.1439384097487
87,3.1241091956374,0.5464695181212,0.3090721441812,0.3887900665801,98000.0000000000000,15.1439384097487
88,3.1241184898539,0.5463518849016,0.3090525033187,0.3887327692619,98000.0000000000000,15.1439384097487
1221,3.1358438451640,0.4474079074910,0.4089188255838,0.3821606641730,65425.5812319992256,15.1439384097487
1222,3.1358816767277,0.4474079074910,0.4088207367470,0.3821261677597,65425.5812319992256,15.1439384097487
1240,3.1356884166461,0.4464439728930,0.4091851381902,0.3818404616873,65425.5812319992256,15.1439384097487
1241,3.1356723995402,0.4464439728930,0.4090593857114,0.3817953234467,65425.5812319992256,15.1439384097487
1242,3.1356914145193,0.4463971388727,0.4088883840224,0.3817144487527,65425.5812319992256,15.1439384097487
1243,3.1357262354686,0.4462795056531,0.4088774188616,0.3816606111009,65425.5812319992256,15.1439384097487
1247,3.1356441699662,0.4461858376127,0.4088768179326,0.3816190918162,65425.5812319992256,15.1439384097487
1248,3.1355764025465,0.4461390035924,0.4087472483819,0.3815517863492,65425.5812319992256,15.1439384097487
1249,3.1356565649614,0.4460213703728,0.4085701399900,0.3814392534079,65425.5812319992256,15.1439384097487
1250,3.1357315867912,0.4459037371532,0.4079865072499,0.3811814604605,65425.5812319992256,15.1439384097487
1251,3.1358023551740,0.4457861039336,0.4079018151156,0.3811018004006,65425.5812319992256,15.1439384097487
1253,3.1360395742030,0.4456216366937,0.4078013223847,0.3809987808130,65425.5812319992256,15.1439384097487
1254,3.1361433724881,0.4456216366937,0.4074157014696,0.3808625277964,65425.5812319992256,15.1439384097487
1279,3.1366600156967,0.4434334395411,0.4066866434028,0.3796716616025,64117.0696073592408,15.1439384097487
1280,3.1366202691304,0.4433158063215,0.4065764454254,0.3795813285338,64117.0696073592408,15.1439384097487
1281,3.1366964320540,0.4433158063215,0.4060802615313,0.3794051977004,64117.0696073592408,15.1439384097487
1282,3.1368118218681,0.4432689723013,0.4056696861568,0.3792401246733,64117.0696073592408,15.1439384097487
1283,3.1368550393692,0.4431513390817,0.4055788614721,0.3791578845736,64117.0696073592408,15.1439384097487
1284,3.1369461607824,0.4431045050614,0.4049451393509,0.3789127728836,64117.0696073592408,15.1439384097487
1310,3.1369269347442,0.4414216316164,0.4009354581117,0.3767592403460,64117.0696073592408,15.1439384097487
1311,3.1369054519356,0.4413039983968,0.4008685134756,0.3766846133301,64117.0696073592408,15.1439384097487
1323,3.1369896284212,0.4403967648617,0.4019278037550,0.3766753080065,64117.0696073592408,15.1439384097487
1324,3.1369981849554,0.4404435988819,0.4001887330402,0.3760744041200,64117.0696073592408,15.1439384097487
1325,3.1370591386175,0.4403259656623,0.4000571625107,0.3759778628984,64117.0696073592408,15.1439384097487
1326,3.1370532849195,0.4402083324427,0.3998848718055,0.3758658334373,64117.0696073592408,15.1439384097487
1327,3.1369329359342,0.4401614984224,0.3998193302873,0.3758206510992,64117.0696073592408,15.1439384097487
1328,3.1369428478623,0.4400438652028,0.3997028524353,0.3757287778825,64117.0696073592408,15.1439384097487
1329,3.1368861471689,0.4400438652028,0.3995046673204,0.3756571951732,64117.0696073592408,15.1439384097487
1333,3.1367026208769,0.4399970311826,0.3994052198879,0.3755990096254,64117.0696073592408,15.1439384097487
1334,3.1365783770817,0.4399501971624,0.3993389295241,0.3755535047311,64117.0696073592408,15.1439384097487
1335,3.1365858573337,0.4399033631421,0.3992404457864,0.3754983660898,64117.0696073592408,15.1439384097487
1336,3.1366117851939,0.4397857299225,0.3991800696059,0.3754267558087,64117.0696073592408,15.1439384097487
1337,3.1366599921004,0.4396680967029,0.3991786671578,0.3753765228219,64117.0696073592408,15.1439384097487
1338,3.1366992721394,0.4395504634833,0.3990994335166,0.3752983666658,64117.0696073592408,15.1439384097487
1340,3.1367899120978,0.4394328302636,0.3989892031967,0.3752098670068,64117.0696073592408,15.1439384097487
2885,3.1640576670751,0.3519694573212,0.4959781017242,0.3727502935552,37160.1714374609001,15.1439384097487
2886,3.1640290943010,0.3519226233010,0.4956482032083,0.3726119966308,37160.1714374609001,15.1439384097487
2887,3.1640810629183,0.3518757892808,0.4954199142519,0.3725111284902,37160.1714374609001,15.1439384097487
2888,3.1640304048368,0.3518289552605,0.4954399486079,0.3724974950859,37160.1714374609001,15.1439384097487
2889,3.1640882705468,0.3517821212403,0.4952720685512,0.3724182849958,37160.1714374609001,15.1439384097487
2902,3.1647377376668,0.3511444656699,0.4959530258956,0.3723973930049,35688.6286485374440,15.1439384097487
2903,3.1647577067554,0.3510976316497,0.4957652242781,0.3723105318369,35688.6286485374440,15.1439384097487
2904,3.1647583129471,0.3510976316497,0.4955159018971,0.3722214967070,35688.6286485374440,15.1439384097487
2905,3.1647277067883,0.3510976316497,0.4947434342532,0.3719451823305,35688.6286485374440,15.1439384097487
2909,3.1648250553274,0.3508623652105,0.4949836884308,0.3719315363953,35688.6286485374440,15.1439384097487
2910,3.1649236566757,0.3507447319908,0.4947090894148,0.3717844462836,35688.6286485374440,15.1439384097487
2913,3.1648967551077,0.3506270987712,0.4946330790313,0.3717065048257,35688.6286485374440,15.1439384097487
2914,3.1648514067391,0.3506270987712,0.4945613299233,0.3716802384679,35688.6286485374440,15.1439384097487
2918,3.1650122917535,0.3504502467675,0.4945770837859,0.3716123476437,35688.6286485374440,15.1439384097487
2920,3.1649521564850,0.3503794475681,0.4931424397566,0.3710687813521,35688.6286485374440,15.1439384097487
2921,3.1649597267881,0.3504143761281,0.4929791116139,0.3710255263747,35688.6286485374440,15.1439384097487
2922,3.1649150359054,0.3502967429085,0.4927636279970,0.3708975213301,35688.6286485374440,15.1439384097487
2923,3.1650020285690,0.3502967429085,0.4924774488943,0.3707965454481,35688.6286485374440,15.1439384097487
2930,3.1651938521744,0.3500361064347,0.4923868991958,0.3706552192153,35688.6286485374440,15.1439384097487
2933,3.1656691630336,0.3499184732151,0.4922196596612,0.3705518021900,35688.6286485374440,15.1439384097487
2938,3.1657279519722,0.3498716391949,0.4919819359092,0.3704476609865,35688.6286485374440,15.1439384097487
2939,3.1657940899943,0.3498248051747,0.4919732108749,0.3704254090285,35688.6286485374440,15.1439384097487
2942,3.1658202163440,0.3496603379348,0.4918287868673,0.3703037127519,35688.6286485374440,15.1439384097487
2945,3.1655797514073,0.3494958706950,0.4918860037169,0.3702502588184,35688.6286485374440,15.1439384097487
2947,3.1655909861667,0.3495212407294,0.4916866519235,0.3701900935923,35688.6286485374440,15.1439384097487
2949,3.1654563646623,0.3494036075098,0.4917228379510,0.3701506980513,35688.6286485374440,15.1439384097487
2956,3.1655297699299,0.3490615169731,0.4919922026805,0.3701013281901,35688.6286485374440,15.1439384097487
2957,3.1656613576466,0.3490615169731,0.4915361574677,0.3699403168571,35688.6286485374440,15.1439384097487
2959,3.1655801499505,0.3489438837535,0.4915319722808,0.3698872588271,35688.6286485374440,15.1439384097487
2960,3.1657559116517,0.3489570398105,0.4911214187490,0.3697487578922,35688.6286485374440,15.1439384097487
2961,3.1658702703000,0.3489102057903,0.4909012767080,0.3696516821789,35688.6286485374440,15.1439384097487
2962,3.1659194091888,0.3488633717700,0.4908902648022,0.3696283729444,35688.6286485374440,15.1439384097487
2963,3.1657623214728,0.3488633717700,0.4907128203260,0.3695627771366,35688.6286485374440,15.1439384097487
2964,3.1657668254003,0.3487457385504,0.4906620131812,0.3694942812210,35688.6286485374440,15.1439384097487
2965,3.1658617133642,0.3487457385504,0.4904551502741,0.3694217442697,35688.6286485374440,15.1439384097487
2966,3.1659464229526,0.3486281053308,0.4903614382042,0.3693390600713,35688.6286485374440,15.1439384097487
2967,3.1659361401882,0.3486281053308,0.4903408677076,0.3693315679649,35688.6286485374440,15.1439384097487
2984,3.1664411191028,0.3482857062769,0.4903307776812,0.3691883673502,34974.8560755666913,15.1439384097487
2990,3.1665519576514,0.3480758098721,0.4905169275471,0.3691664622012,34974.8560755666913,15.1439384097487
2992,3.1664774413460,0.3480642294568,0.4902380539527,0.3690608470531,34974.8560755666913,15.1439384097487
2993,3.1663765097398,0.3480642294568,0.4895364195344,0.3688088351567,34974.8560755666913,15.1439384097487
2997,3.1663504020154,0.3480642294568,0.4893118336526,0.3687282564907,34974.8560755666913,15.1439384097487
2998,3.1664034662894,0.3479465962372,0.4891832395939,0.3686326666601,34974.8560755666913,15.1439384097487
3000,3.1664074672403,0.3477113297979,0.4894534386447,0.3686283944603,34974.8560755666913,15.1439384097487
3002,3.1664775362949,0.3474760633587,0.4895283712336,0.3685553190977,34974.8560755666913,15.1439384097487
3005,3.1665912294347,0.3472407969194,0.4896601204703,0.3685031526729,34974.8560755666913,15.1439384097487
3006,3.1666741025443,0.3471231636998,0.4896025385180,0.3684333461019,34974.8560755666913,15.1439384097487
3007,3.1666581858613,0.3470763296796,0.4893172476444,0.3683111595612,34974.8560755666913,15.1439384097487
3013,3.1667060937008,0.3467942292201,0.4896446561610,0.3683078688701,34974.8560755666913,15.1439384097487
3014,3.1668690735949,0.3467942292201,0.4894135092343,0.3682276225509,34974.8560755666913,15.1439384097487
3018,3.1668541999800,0.3466765960005,0.4894761265046,0.3681993611640,34974.8560755666913,15.1439384097487
3019,3.1670182379916,0.3466765960005,0.4894673049947,0.3681985317517,34974.8560755666913,15.1439384097487
3022,3.1672083049050,0.3464172101235,0.4897154080281,0.3681786640361,34974.8560755666913,15.1439384097487
3025,3.1670622659692,0.3461819436842,0.4898118206959,0.3681102022166,34974.8560755666913,15.1439384097487
3028,3.1671331310647,0.3461592291018,0.4898272306837,0.3681069736990,34974.8560755666913,15.1439384097487
3030,3.1671565713387,0.3462768623214,0.4895663400941,0.3680645444037,34974.8560755666913,15.1439384097487
3031,3.1670508521540,0.3461592291018,0.4896760658784,0.3680518220275,34974.8560755666913,15.1439384097487
3032,3.1670600573953,0.3461592291018,0.4895090274838,0.3679922957115,34974.8560755666913,15.1439384097487
3035,3.1670944664317,0.3461351096640,0.4893161662455,0.3679135666815,34974.8560755666913,15.1439384097487
3039,3.1671169616388,0.3460174764444,0.4893988362948,0.3678929957678,34974.8560755666913,15.1439384097487
3040,3.1672518654914,0.3460174764444,0.4893737643102,0.3678859503680,34974.8560755666913,15.1439384097487
3045,3.1672286644406,0.3460174764444,0.4892624670134,0.3678458730402,34974.8560755666913,15.1439384097487
3046,3.1671987730628,0.3459706424241,0.4890766020025,0.3677589979952,34974.8560755666913,15.1439384097487
3047,3.1671690098951,0.3458530092045,0.4891384054217,0.3677302352611,34974.8560755666913,15.1439384097487
3048,3.1670413124775,0.3458530092045,0.4887241256631,0.3675804712945,34974.8560755666913,15.1439384097487
3050,3.1670472384196,0.3456885419647,0.4888196557852,0.3675441870870,34974.8560755666913,15.1439384097487
3051,3.1669453228791,0.3455709087450,0.4889646966072,0.3675441310455,34974.8560755666913,15.1439384097487
3052,3.1668854405728,0.3454532755254,0.4889169331598,0.3674758111039,34974.8560755666913,15.1439384097487
3054,3.1669113944099,0.3452888082856,0.4886952406534,0.3673265164939,34974.8560755666913,15.1439384097487
3056,3.1670266899157,0.3452888082856,0.4885617883626,0.3672804863851,34974.8560755666913,15.1439384097487
3603,3.1794570141540,0.3225660335996,0.4797395462275,0.3545672418698,28005.4637476682256,15.1439384097487
3604,3.1794943488970,0.3225191995793,0.4794277399985,0.3544363390634,28005.4637476682256,15.1439384097487
3743,3.1839763780630,0.3181421551843,0.4779895237107,0.3521102346324,26358.5184355953534,15.1439384097487
3744,3.1838833825826,0.3181421551843,0.4776956807905,0.3520039748525,26358.5184355953534,15.1439384097487
3751,3.1838834809572,0.3179308539242,0.4777053444705,0.3519168698759,26358.5184355953534,15.1439384097487
3754,3.1839036267855,0.3178371858837,0.4777484300196,0.3518923991882,26358.5184355953534,15.1439384097487
3755,3.1838468648815,0.3177195526641,0.4776950675435,0.3518221237470,26358.5184355953534,15.1439384097487
3769,3.1843223809686,0.3169102182632,0.4779883202285,0.3515867277691,26358.5184355953534,15.1439384097487
3771,3.1842274961844,0.3167457510233,0.4779424401424,0.3514985134508,26358.5184355953534,15.1439384097487
3772,3.1842487243315,0.3166989170031,0.4777468048249,0.3514088723485,26358.5184355953534,15.1439384097487
3773,3.1842392677817,0.3166989170031,0.4773957316585,0.3512833552652,26358.5184355953534,15.1439384097487
3777,3.1842157175548,0.3164168165436,0.4775713128585,0.3512248294056,26358.5184355953534,15.1439384097487
3783,3.1840516749077,0.3162055152835,0.4777611796484,0.3511997600980,26358.5184355953534,15.1439384097487
3786,3.1841515634715,0.3162153823263,0.4776049669778,0.3511496120076,26358.5184355953534,15.1439384097487
3788,3.1840691218144,0.3161445831269,0.4774936362303,0.3510783419684,26358.5184355953534,15.1439384097487
3791,3.1843402892557,0.3161331569702,0.4770249495068,0.3509098939297,26358.5184355953534,15.1439384097487
3796,3.1840694343174,0.3160394889297,0.4769803407918,0.3508499862206,26358.5184355953534,15.1439384097487
3797,3.1840084732742,0.3159926549095,0.4768679478821,0.3507889115781,26358.5184355953534,15.1439384097487
3798,3.1841622029980,0.3159458208893,0.4766356140617,0.3506880387560,26358.5184355953534,15.1439384097487
3799,3.1841594010214,0.3159104130257,0.4765520655126,0.3506429855421,26358.5184355953534,15.1439384097487
3801,3.1841916602451,0.3157927798061,0.4765283972669,0.3505845748260,26358.5184355953534,15.1439384097487
3802,3.1842501893255,0.3156751465865,0.4764393290803,0.3505031787050,26358.5184355953534,15.1439384097487
3804,3.1843244243558,0.3155575133668,0.4765743334491,0.3505020307347,26358.5184355953534,15.1439384097487
4233,3.1922355380724,0.3008781304419,0.4739583123540,0.3433885151050,22882.5028724947115,15.1439384097487
4235,3.1924339370138,0.3007351271878,0.4741004366240,0.3433807939957,22882.5028724947115,15.1439384097487
4236,3.1924179823492,0.3006174939682,0.4741996742238,0.3433655960012,22882.5028724947115,15.1439384097487
4237,3.1923018913449,0.3006174939682,0.4739072529318,0.3432595171456,22882.5028724947115,15.1439384097487
4238,3.1924505662733,0.3005706599479,0.4736046960895,0.3431334931478,22882.5028724947115,15.1439384097487
4239,3.1925839474064,0.3005238259277,0.4736096995538,0.3431170957105,22882.5028724947115,15.1439384097487
4241,3.1925245423380,0.3005203826548,0.4732861240746,0.3429992167732,22882.5028724947115,15.1439384097487
4242,3.1924506184765,0.3005445020926,0.4731354240474,0.3429546862192,22882.5028724947115,15.1439384097487
4243,3.1924628548945,0.3004976680724,0.4730988183142,0.3429217141645,22882.5028724947115,15.1439384097487
4244,3.1924859251374,0.3004508340521,0.4731175328705,0.3429086526541,22882.5028724947115,15.1439384097487
4252,3.1925018826511,0.2999622804608,0.4735867584866,0.3428670789184,21976.3557587439209,15.1439384097487
4258,3.1929251830162,0.2999937657479,0.4732699912463,0.3427734311275,21976.3557587439209,15.1439384097487
4259,3.1929570983497,0.2998761325283,0.4733724748981,0.3427600697945,21976.3557587439209,15.1439384097487
4260,3.1929412057349,0.2998327417809,0.4730966742205,0.3426427486385,21976.3557587439209,15.1439384097487
4261,3.1930970809464,0.2998327417809,0.4728456310953,0.3425552960033,21976.3557587439209,15.1439384097487
4262,3.1931827210471,0.2997151085613,0.4729452761746,0.3425416810963,21976.3557587439209,15.1439384097487
4263,3.1931617948214,0.2997619425815,0.4727742144555,0.3425003632435,21976.3557587439209,15.1439384097487
4264,3.1931589732804,0.2997151085613,0.4727771764459,0.3424813094496,21976.3557587439209,15.1439384097487
4274,3.1933332983958,0.2995061542360,0.4728195889031,0.3424093715908,21976.3557587439209,15.1439384097487
4275,3.1932385864535,0.2995061542360,0.4725095938058,0.3422973188884,21976.3557587439209,15.1439384097487
4282,3.1932811014215,0.2993412076925,0.4725506054239,0.3422418761031,21976.3557587439209,15.1439384097487
4286,3.1934067150748,0.2992818346498,0.4725461880057,0.3422166302887,21976.3557587439209,15.1439384097487
4320,3.1949895534719,0.2979661132587,0.4721661169270,0.3415394070789,21976.3557587439209,15.1439384097487
4321,3.1949987839264,0.2979407432242,0.4720098688767,0.3414728619422,21976.3557587439209,15.1439384097487
4322,3.1949484103086,0.2978231100046,0.4721335147573,0.3414658941650,21976.3557587439209,15.1439384097487
4323,3.1949030152756,0.2977762759844,0.4719730904933,0.3413878857253,21976.3557587439209,15.1439384097487
4324,3.1949830259785,0.2977332102820,0.3882548447008,0.3114711876445,21976.3557587439209,15.1439384097487
4328,3.1948264177498,0.2976155770623,0.3883522720530,0.3114533528945,21976.3557587439209,15.1439384097487
4329,3.1948482148497,0.2976155770623,0.3883395707769,0.3114491251519,21976.3557587439209,15.1439384097487
4334,3.1951475840561,0.2974764798570,0.3881047209887,0.3113098731938,21976.3557587439209,15.1439384097487
4335,3.1951553562210,0.2974764798570,0.3876774667683,0.3111573923764,21976.3557587439209,15.1439384097487
4348,3.1961799118076,0.2972880474380,0.3877421102642,0.3111142199812,21536.8286435690425,15.1439384097487
4361,3.1962598764412,0.2971450441839,0.3876881860998,0.3110348057364,21536.8286435690425,15.1439384097487
4362,3.1963002366929,0.2971450441839,0.3873570016679,0.3109170966769,21536.8286435690425,15.1439384097487
4363,3.1963428591916,0.2971450441839,0.3871867554589,0.3108568975650,21536.8286435690425,15.1439384097487
4364,3.1963318206277,0.2971450441839,0.3869593277272,0.3107755171801,21536.8286435690425,15.1439384097487
4365,3.1964486748800,0.2971450441839,0.3868971548748,0.3107549660698,21536.8286435690425,15.1439384097487
4367,3.1965223794567,0.2970274109642,0.3868726194451,0.3106968320942,21536.8286435690425,15.1439384097487
4368,3.1964779505349,0.2970274109642,0.3866075640023,0.3106015407698,21536.8286435690425,15.1439384097487
4371,3.1964733157234,0.2968883137589,0.3867362562851,0.3105878236291,21536.8286435690425,15.1439384097487
4372,3.1964891367435,0.2967706805392,0.3868668781324,0.3105842839182,21536.8286435690425,15.1439384097487
4373,3.1963785006117,0.2967706805392,0.3864172486209,0.3104221364560,21536.8286435690425,15.1439384097487
4381,3.1965805229650,0.2964213784119,0.3867858350486,0.3104069321569,21536.8286435690425,15.1439384097487
4382,3.1964092360130,0.2963709468602,0.3868381480291,0.3104015781432,21536.8286435690425,15.1439384097487
4396,3.1967339568224,0.2959243791608,0.3871608083118,0.3103300225792,21536.8286435690425,15.1439384097487
4403,3.1967481952011,0.2957569314240,0.3871458791778,0.3102531289020,21536.8286435690425,15.1439384097487
4404,3.1967829509947,0.2957569314240,0.3867181506174,0.3101008604940,21536.8286435690425,15.1439384097487
4405,3.1967790825229,0.2956594950657,0.3866532768372,0.3100358781089,21536.8286435690425,15.1439384097487
4406,3.1968566159359,0.2955418618461,0.3866360598996,0.3099804120583,21536.8286435690425,15.1439384097487
4407,3.1970729137453,0.2955418618461,0.3864236700684,0.3099076191466,21536.8286435690425,15.1439384097487
4409,3.1970605913185,0.2954950278258,0.3863572101220,0.3098636373670,21536.8286435690425,15.1439384097487
4412,3.1971652328959,0.2952129273664,0.3865735547327,0.3098214837738,21536.8286435690425,15.1439384097487
4414,3.1971559833683,0.2952129273664,0.3140837939958,0.2839321526304,21536.8286435690425,15.1439384097487
4416,3.1971086362380,0.2952129273664,0.3139415751040,0.2838806902103,21536.8286435690425,15.1439384097487
4417,3.1971985779855,0.2950952941467,0.3139239036596,0.2838252374129,21536.8286435690425,15.1439384097487
4418,3.1973524293822,0.2950952941467,0.3137543889229,0.2837668734225,21536.8286435690425,15.1439384097487
4419,3.1973358674561,0.2950952941467,0.3137385899376,0.2837609965776,21536.8286435690425,15.1439384097487
4421,3.1976076921080,0.2949776609271,0.3136839582283,0.2836949173165,20683.9702292837064,15.1439384097487
4424,3.1975842821464,0.2949776609271,0.3132205086480,0.2835290683598,20683.9702292837064,15.1439384097487
4425,3.1974887259696,0.2949776609271,0.3130807707476,0.2834778098533,20683.9702292837064,15.1439384097487
4430,3.1977417928602,0.2946955604676,0.3134040969429,0.2834759641772,20683.9702292837064,15.1439384097487
4432,3.1977517028259,0.2946753636063,0.3133795298843,0.2834586746553,20683.9702292837064,15.1439384097487
4433,3.1977397787293,0.2946753636063,0.3132964702556,0.2834288417770,20683.9702292837064,15.1439384097487
4435,3.1978734758971,0.2946753636063,0.3129973850755,0.2833239174472,20683.9702292837064,15.1439384097487
4436,3.1979603692828,0.2946753636063,0.3128919062654,0.2832874759792,20683.9702292837064,15.1439384097487
4448,3.1986178595285,0.2940347275389,0.3135447920860,0.2832553946149,20683.9702292837064,15.1439384097487
4456,3.1987240491194,0.2935173606402,0.3140020162306,0.2831984628570,20683.9702292837064,15.1439384097487
4457,3.1987315459423,0.2935173606402,0.3139471228055,0.2831789641419,20683.9702292837064,15.1439384097487
4458,3.1987912016796,0.2934705266200,0.3137336625458,0.2830835007366,20683.9702292837064,15.1439384097487
4461,3.1988921591687,0.2933528934004,0.3131247216917,0.2828170361648,20683.9702292837064,15.1439384097487
4462,3.1988956233242,0.2933060593801,0.3131768254815,0.2828156219558,20683.9702292837064,15.1439384097487
4463,3.1988761286389,0.2931884261605,0.3129845800749,0.2826962727966,20683.9702292837064,15.1439384097487
4468,3.1988911776590,0.2929063257010,0.3132009015978,0.2826528432290,20683.9702292837064,15.1439384097487
4470,3.1989680470642,0.2927418584612,0.3132506421938,0.2826012094646,20683.9702292837064,15.1439384097487
4475,3.1993367268398,0.2925949326306,0.3132220237636,0.2825332371777,20683.9702292837064,15.1439384097487
4479,3.1995064429705,0.2925277309627,0.2509019024316,0.2602496517448,20683.9702292837064,15.1439384097487
4480,3.1995726442410,0.2924100977431,0.2510349398345,0.2602476876095,20683.9702292837064,15.1439384097487
4482,3.1996163267500,0.2924100977431,0.2508328257551,0.2601761221143,20683.9702292837064,15.1439384097487
4484,3.1995337508773,0.2924100977431,0.2506727830965,0.2601177955789,20683.9702292837064,15.1439384097487
4485,3.1994706752774,0.2922924645235,0.2506000624781,0.2600405171769,20683.9702292837064,15.1439384097487
4486,3.1995780153468,0.2922456305033,0.2503789494992,0.2599429953877,20683.9702292837064,15.1439384097487
4487,3.1996150198692,0.2921987964830,0.2503855286273,0.2599257969649,20683.9702292837064,15.1439384097487
4488,3.1997130662913,0.2921519624628,0.2501658805160,0.2598286668382,20683.9702292837064,15.1439384097487
4489,3.1997745604301,0.2921519624628,0.2497056958961,0.2596651853262,20683.9702292837064,15.1439384097487
4498,3.1999362784989,0.2916062450326,0.2006185964458,0.2419024877809,20683.9702292837064,15.1439384097487
4505,3.2004451587774,0.2914447582897,0.2006850991746,0.2418642307732,20683.9702292837064,15.1439384097487
4511,3.2006869471064,0.2914688777275,0.2005657366732,0.2418353594990,20270.2908246980332,15.1439384097487
4512,3.2007288526930,0.2913512445079,0.2005325384228,0.2417736817052,20270.2908246980332,15.1439384097487
4513,3.2006526685272,0.2913008129562,0.2004921898307,0.2417365799708,20270.2908246980332,15.1439384097487
4515,3.2006650971179,0.2911831797366,0.2005274519682,0.2416989352181,20270.2908246980332,15.1439384097487
4517,3.2005364286141,0.2911454249382,0.2003071429740,0.2416022521559,20270.2908246980332,15.1439384097487
4518,3.2006233851702,0.2911454249382,0.2001836585152,0.2415593809928,20270.2908246980332,15.1439384097487
4523,3.2004019531676,0.2909101584990,0.2004582245117,0.2415534785553,20270.2908246980332,15.1439384097487
4525,3.2004072096721,0.2910277917186,0.1989393555834,0.2410615139828,20270.2908246980332,15.1439384097487
4526,3.2004067813850,0.2909101584990,0.1989377217891,0.2410105101877,20270.2908246980332,15.1439384097487
4527,3.2004078849889,0.2907925252794,0.1988262396797,0.2409202965275,20270.2908246980332,15.1439384097487
4528,3.2005638738450,0.2907925252794,0.1984421653675,0.2407853343622,20270.2908246980332,15.1439384097487
4529,3.2006170905252,0.2907456912591,0.1982984385513,0.2407146846459,20270.2908246980332,15.1439384097487
4530,3.2006930077218,0.2907456912591,0.1980239124980,0.2406177138501,20270.2908246980332,15.1439384097487
4531,3.2006606257505,0.2907456912591,0.1978906228763,0.2405696522111,20270.2908246980332,15.1439384097487
4534,3.2008479469224,0.2906280580395,0.1979553980475,0.2405450225458,20270.2908246980332,15.1439384097487
4535,3.2009374639830,0.2905104248199,0.1980857724776,0.2405424372657,20270.2908246980332,15.1439384097487
4536,3.2007807414213,0.2905104248199,0.1980356202680,0.2405223081486,20270.2908246980332,15.1439384097487
4537,3.2007476109721,0.2905104248199,0.1978724584621,0.2404635672814,20270.2908246980332,15.1439384097487
4539,3.2008823575871,0.2904635907996,0.1978430361621,0.2404348942497,20270.2908246980332,15.1439384097487
4542,3.2007958637744,0.2904875559788,0.1968064168560,0.2400737199784,20270.2908246980332,15.1439384097487
4545,3.2007755283131,0.2903265320118,0.1969108719086,0.2400417273373,20270.2908246980332,15.1439384097487
4546,3.2008189265158,0.2903356277614,0.1965667451943,0.2399233371994,20270.2908246980332,15.1439384097487
4547,3.2008059333401,0.2902179945418,0.1965253369164,0.2398579504392,20270.2908246980332,15.1439384097487
4549,3.2005568536599,0.2902179945418,0.1961864803351,0.2397334057708,20270.2908246980332,15.1439384097487
4550,3.2007369108589,0.2902648285620,0.1956576478234,0.2395671565369,20270.2908246980332,15.1439384097487
4576,3.2009846289334,0.2891544474370,0.1969158709069,0.2395441494930,20270.2908246980332,15.1439384097487
4577,3.2010547906929,0.2891544474370,0.1969093876322,0.2395428268219,20270.2908246980332,15.1439384097487
4592,3.2011939902271,0.2886049616890,0.1975168879501,0.2395262669933,19467.5873080399906,15.1439384097487
4606,3.2014391760062,0.2879618079005,0.1979949902877,0.2394248498526,19467.5873080399906,15.1439384097487
4607,3.2014716831612,0.2879060489170,0.1978668394548,0.2393556449648,19467.5873080399906,15.1439384097487
4609,3.2015939560551,0.2879060489170,0.1976251232728,0.2392710479102,19467.5873080399906,15.1439384097487
4610,3.2014946554367,0.2879060489170,0.1975945804705,0.2392587346694,19467.5873080399906,15.1439384097487
4611,3.2015713746957,0.2879060489170,0.1975173104901,0.2392322238202,19467.5873080399906,15.1439384097487
4613,3.2015584840313,0.2878592148968,0.1974016124389,0.2391706489627,19467.5873080399906,15.1439384097487
4617,3.2014885108982,0.2879030684200,0.1970420993238,0.2390600556735,19467.5873080399906,15.1439384097487
4618,3.2014859275415,0.2878562343998,0.1968969494216,0.2389881081455,19467.5873080399906,15.1439384097487
4619,3.2014232227829,0.2878562343998,0.1968980856976,0.2389876266902,19467.5873080399906,15.1439384097487
4620,3.2015281820871,0.2878562343998,0.1967687985888,0.2389429378899,19467.5873080399906,15.1439384097487
4630,3.2016648316465,0.2870851175731,0.1570863948547,0.2244421057841,19467.5873080399906,15.1439384097487
4637,3.2018020699034,0.2866766131893,0.1570210727525,0.2242456450667,19467.5873080399906,15.1439384097487
4638,3.2019104030023,0.2866297791691,0.1568906172154,0.2241805149866,19467.5873080399906,15.1439384097487
4639,3.2019907069225,0.2866297791691,0.1566837415098,0.2241077671011,19467.5873080399906,15.1439384097487
4641,3.2018996697497,0.2865303209210,0.1567634961484,0.2240923377672,19467.5873080399906,15.1439384097487
4642,3.2019126665176,0.2864745619375,0.1566928833164,0.2240434060948,19467.5873080399906,15.1439384097487
4644,3.2017839160821,0.2864277279172,0.1566576447221,0.2240089273496,19467.5873080399906,15.1439384097487
4645,3.2017802796119,0.2864277279172,0.1566568104784,0.2240085779496,19467.5873080399906,15.1439384097487
4646,3.2017905387154,0.2863808938970,0.1566296972327,0.2239789680902,19467.5873080399906,15.1439384097487
4647,3.2018613172483,0.2863808938970,0.1564453625189,0.2239141357754,19467.5873080399906,15.1439384097487
4648,3.2018448645119,0.2863249641272,0.1562528285300,0.2238211709300,19467.5873080399906,15.1439384097487
7816,3.2571956760512,0.2023563093034,0.2330715039189,0.2160530560636,6408.3510465156469,15.1439384097487
7817,3.2572682824996,0.2023094752831,0.2329444507360,0.2159886355803,6408.3510465156469,15.1439384097487
7818,3.2574252985042,0.2021918420635,0.2329511737636,0.2159428441905,6408.3510465156469,15.1439384097487
7828,3.2574721624865,0.2018107461318,0.2334006469138,0.2159407066099,6154.5803450736275,15.1439384097487
7893,3.2589291470259,0.2006648194123,0.2329691597712,0.2153161088415,6154.5803450736275,15.1439384097487
7894,3.2588784045084,0.2006648194123,0.2327295045396,0.2152297996841,6154.5803450736275,15.1439384097487
7895,3.2589667994899,0.2006648194123,0.2326055310339,0.2151867742151,6154.5803450736275,15.1439384097487
7901,3.2592306426262,0.2006648194123,0.2324324987649,0.2151287103389,6154.5803450736275,15.1439384097487
7902,3.2593253051780,0.2007116534325,0.2321635997201,0.2150540861575,6154.5803450736275,15.1439384097487
7903,3.2592404984257,0.2007116534325,0.2320575040037,0.2150149948203,6154.5803450736275,15.1439384097487
7904,3.2591574611047,0.2006648194123,0.2319852365215,0.2149679383098,6154.5803450736275,15.1439384097487
8408,3.2702605967077,0.1908222762588,0.2325548786773,0.2111102577820,5131.3675895553406,15.1439384097487
8410,3.2703090696613,0.1908222762588,0.2323233222986,0.2110282449643,5131.3675895553406,15.1439384097487
8411,3.2703144002230,0.1907638618232,0.2321843425557,0.2109536500109,5131.3675895553406,15.1439384097487
8413,3.2702585844886,0.1906880602370,0.2321652953568,0.2109135712569,5131.3675895553406,15.1439384097487
8414,3.2703301257526,0.1905704270174,0.2322796897463,0.2109050244631,5131.3675895553406,15.1439384097487
8417,3.2702770386469,0.1905704270174,0.2319098629700,0.2107721922925,5028.7402377642338,15.1439384097487
8422,3.2704815276882,0.1905704270174,0.1810484890857,0.1926103094115,5028.7402377642338,15.1439384097487
8423,3.2704008259248,0.1905704270174,0.1809301687897,0.1925669102384,5028.7402377642338,15.1439384097487
8424,3.2703595913109,0.1905704270174,0.1808915674281,0.1925525405708,5028.7402377642338,15.1439384097487
8425,3.2702336315930,0.1905704270174,0.1804800566152,0.1924037901018,5028.7402377642338,15.1439384097487
8426,3.2703418790100,0.1906172610376,0.1800916100416,0.1922866625993,5028.7402377642338,15.1439384097487
8428,3.2703922315029,0.1905046302048,0.1801973766446,0.1922768785135,5028.7402377642338,15.1439384097487
12270,3.3310450630785,0.1267428359761,0.2322051174703,0.1843828219295,1273.0115663123752,15.1439384097487
12271,3.3311373903334,0.1267428359761,0.2319679706830,0.1842994330728,1273.0115663123752,15.1439384097487
12273,3.3311319550272,0.1266924044243,0.2319234374721,0.1842618379232,1273.0115663123752,15.1439384097487
12279,3.3313502010132,0.1264557496575,0.2321817838849,0.1842557691938,1273.0115663123752,15.1439384097487
12285,3.3315796579709,0.1263620816170,0.2322617853270,0.1842474444921,1273.0115663123752,15.1439384097487
12288,3.3314430346260,0.1263966851320,0.2321703212304,0.1842276756099,1273.0115663123752,15.1439384097487
12289,3.3314569441196,0.1264859678202,0.2311162996217,0.1838897001487,1273.0115663123752,15.1439384097487
12292,3.3316554099707,0.1263683346005,0.2311946521823,0.1838700772476,1273.0115663123752,15.1439384097487
12293,3.3315543959916,0.1263683346005,0.2309504827199,0.1837814445271,1273.0115663123752,15.1439384097487
12296,3.3315388239600,0.1262975354011,0.2310204287703,0.1837758624022,1273.0115663123752,15.1439384097487
12297,3.3315358762610,0.1262975354011,0.2309296180768,0.1837433883019,1273.0115663123752,15.1439384097487
12306,3.3316282692529,0.1261640741448,0.2309637697788,0.1836996950117,1273.0115663123752,15.1439384097487
12308,3.3316301904316,0.1261172401246,0.2309480383410,0.1836740321027,1273.0115663123752,15.1439384097487
12310,3.3314897546743,0.1262010411223,0.2305284131765,0.1835580935292,1273.0115663123752,15.1439384097487
12311,3.3315791629260,0.1262010411223,0.2302550864852,0.1834617419746,1273.0115663123752,15.1439384097487
12312,3.3316302134514,0.1262010411223,0.2299383167651,0.1833493322932,1273.0115663123752,15.1439384097487
12337,3.3315468561784,0.1257549527266,0.1811418359435,0.1657296574732,1247.5513349861276,15.1439384097487
12340,3.3317759468814,0.1257081187063,0.1811737917727,0.1657242401644,1247.5513349861276,15.1439384097487
12341,3.3316806849052,0.1256612846861,0.1811937639645,0.1657099534165,1247.5513349861276,15.1439384097487
12342,3.3316967856439,0.1256144506659,0.1811106073285,0.1656604107194,1247.5513349861276,15.1439384097487
12344,3.3316893900176,0.1256612846861,0.1810064837478,0.1656431908016,1247.5513349861276,15.1439384097487
12345,3.3317615595125,0.1256612846861,0.1809907992547,0.1656386103905,1247.5513349861276,15.1439384097487
12347,3.3317506529156,0.1256612846861,0.1809836629571,0.1656359073851,1247.5513349861276,15.1439384097487
12348,3.3319750331088,0.1256612846861,0.1805083233890,0.1654693182184,1247.5513349861276,15.1439384097487
12350,3.3320941629915,0.1256144506659,0.1803846274452,0.1654067550525,1247.5513349861276,15.1439384097487
12351,3.3321653255478,0.1255676166456,0.1804014522094,0.1653936991193,1247.5513349861276,15.1439384097487
12355,3.3320688235645,0.1255491331569,0.1793873772153,0.1650222424868,1247.5513349861276,15.1439384097487
12356,3.3318618718283,0.1254314999373,0.1792075637690,0.1649046808086,1247.5513349861276,15.1439384097487
12358,3.3318931642870,0.1254542145197,0.1777810639683,0.1644053942013,1247.5513349861276,15.1439384097487
12460,3.3346195040871,0.1248311363893,0.1780843038005,0.1642852381825,1198.1483021206768,15.1439384097487
12461,3.3345676624393,0.1247819554343,0.1779256445731,0.1642067630648,1198.1483021206768,15.1439384097487
12462,3.3347849887965,0.1247819554343,0.1778903889378,0.1641972469198,1198.1483021206768,15.1439384097487
12464,3.3349219373140,0.1247819554343,0.1774018650510,0.1640247119155,1198.1483021206768,15.1439384097487
12465,3.3349427181975,0.1247819554343,0.1773604822555,0.1640102263938,1198.1483021206768,15.1439384097487
12466,3.3351104870605,0.1247351214141,0.1773642045496,0.1639938579798,1198.1483021206768,15.1439384097487
12470,3.3348643065068,0.1246190473084,0.1774637851711,0.1639761930038,1198.1483021206768,15.1439384097487
12473,3.3350024480609,0.1246190473084,0.1772449867909,0.1639000054189,1198.1483021206768,15.1439384097487
12474,3.3349974039535,0.1246192015671,0.1772246216063,0.1638927268757,1198.1483021206768,15.1439384097487
12487,3.3351797954080,0.1242396812770,0.1776159898034,0.1638724305058,1198.1483021206768,15.1439384097487
12489,3.3351635258031,0.1242606659592,0.1772765855127,0.1637599779091,1198.1483021206768,15.1439384097487
12494,3.3352881444578,0.1242138319389,0.1773119814963,0.1637543109545,1198.1483021206768,15.1439384097487
12498,3.3353082875972,0.1242606659592,0.1772154576263,0.1637401948908,1174.1853360782632,15.1439384097487
12505,3.3351010070469,0.1242182172913,0.1771130541599,0.1636824969321,1174.1853360782632,15.1439384097487
12519,3.3348086988884,0.1239105925387,0.1772681100704,0.1636018987224,1174.1853360782632,15.1439384097487
12520,3.3348049942573,0.1238158116324,0.1771988327263,0.1635364840052,1174.1853360782632,15.1439384097487
12527,3.3346115363336,0.1236106090972,0.1773494766840,0.1634996040583,1174.1853360782632,15.1439384097487
12533,3.3347042279482,0.1233993078371,0.1773159706967,0.1633983915315,1174.1853360782632,15.1439384097487
12540,3.3345837657393,0.1233603189698,0.1771934517860,0.1633362207309,1174.1853360782632,15.1439384097487
12543,3.3347421607450,0.1233603189698,0.1771209456247,0.1633125669520,1174.1853360782632,15.1439384097487
12544,3.3347027287180,0.1233603189698,0.1767135945673,0.1631665264710,1174.1853360782632,15.1439384097487
12555,3.3354264763367,0.1231230141130,0.1359601926907,0.1485202789853,1174.1853360782632,15.1439384097487
12568,3.3353485883335,0.1229795315553,0.1361233823583,0.1485159663747,1174.1853360782632,15.1439384097487
12569,3.3354811872079,0.1230144601153,0.1355931000334,0.1483434254782,1174.1853360782632,15.1439384097487
12571,3.3354114545880,0.1228499928755,0.1357727284422,0.1483361058095,1174.1853360782632,15.1439384097487
12572,3.3354394657257,0.1228499928755,0.1357660738773,0.1483341255349,1174.1853360782632,15.1439384097487
12574,3.3353105632552,0.1228499928755,0.1357382979644,0.1483223816046,1174.1853360782632,15.1439384097487
12575,3.3352873998847,0.1228449904886,0.1356724129112,0.1482963795883,1174.1853360782632,15.1439384097487
12577,3.3353284190312,0.1228172735194,0.1357013255125,0.1482954072344,1174.1853360782632,15.1439384097487
12654,3.3366043411067,0.1223011572173,0.1361918300139,0.1482674489245,1127.6875967695639,15.1439384097487
12655,3.3366758824723,0.1223011572173,0.1361594380480,0.1482568926708,1127.6875967695639,15.1439384097487
12656,3.3366544365748,0.1223011572173,0.1361273354717,0.1482451240070,1127.6875967695639,15.1439384097487
12658,3.3366502062892,0.1223011572173,0.1347212964721,0.1477429073632,1127.6875967695639,15.1439384097487
12659,3.3366772033804,0.1223011572173,0.1346778715577,0.1477277804722,1127.6875967695639,15.1439384097487
12660,3.3368119379480,0.1223011572173,0.1345075068652,0.1476688424243,1127.6875967695639,15.1439384097487
12661,3.3368087249733,0.1223011572173,0.1345024880359,0.1476670045218,1127.6875967695639,15.1439384097487
12662,3.3367991341285,0.1223011572173,0.1344512990543,0.1476485870329,1127.6875967695639,15.1439384097487
12664,3.3370119239224,0.1223479912376,0.1343511999601,0.1476359200407,1127.6875967695639,15.1439384097487
21072,3.4333390885150,0.0422588030879,0.2265443322271,0.1476011238569,56.7084799350275,15.1439384097487
23465,3.4559039802420,0.0285119576217,0.2262300798686,0.1419166773786,23.3128482473636,15.1439384097487
23466,3.4558753068183,0.0285537892551,0.2260897818161,0.1418840930471,23.3128482473636,15.1439384097487
23486,3.4559453634725,0.0289613350317,0.1770330809875,0.1245394965239,23.3128482473636,15.1439384097487
23501,3.4556021662372,0.0289497546164,0.1769957711797,0.1245163523395,23.3128482473636,15.1439384097487
23503,3.4557637799160,0.0289196907123,0.1768439089104,0.1244515181072,23.3128482473636,15.1439384097487
23504,3.4557077678632,0.0290268233270,0.1762474895105,0.1242836325895,23.3128482473636,15.1439384097487
23505,3.4556188741228,0.0291444565466,0.1759019323291,0.1242093757070,23.3128482473636,15.1439384097487
23507,3.4555273276376,0.0291909820496,0.1757814650791,0.1241849958137,23.3128482473636,15.1439384097487
23509,3.4556005663363,0.0291909820496,0.1755453042812,0.1241016889943,23.3128482473636,15.1439384097487
23510,3.4556519400536,0.0291909820496,0.1739682361141,0.1235391772979,23.3128482473636,15.1439384097487
23513,3.4557153298706,0.0292210459537,0.1738762948799,0.1235201226348,23.3128482473636,15.1439384097487
23515,3.4559134231745,0.0291034127341,0.1739370705038,0.1234942169848,23.3128482473636,15.1439384097487
23516,3.4559435206791,0.0291671546014,0.1736948159458,0.1234354413206,23.3128482473636,15.1439384097487
23517,3.4560844376796,0.0291674631186,0.1736206028960,0.1234110628477,23.3128482473636,15.1439384097487
23518,3.4558928868243,0.0291674631186,0.1734500182046,0.1233474293119,23.3128482473636,15.1439384097487
23519,3.4559369213101,0.0291206290984,0.1733027574046,0.1232753875311,23.3128482473636,15.1439384097487
23527,3.4561508246458,0.0289270400339,0.1729277789015,0.1230615266131,23.3128482473636,15.1439384097487
23528,3.4560802085162,0.0288802060137,0.1729380523342,0.1230441247597,23.3128482473636,15.1439384097487
23529,3.4562049489235,0.0288587420280,0.1728758630584,0.1230144805215,23.3128482473636,15.1439384097487
23531,3.4561743631292,0.0288828614658,0.1727018638862,0.1229622420749,23.3128482473636,15.1439384097487
23533,3.4562445333310,0.0289296954860,0.1719008244966,0.1226972212053,23.3128482473636,15.1439384097487
23547,3.4561283535682,0.0288398288188,0.1719854070223,0.1226872710283,22.8465912824163,15.1439384097487
23549,3.4560001386966,0.0288398288188,0.1718989429725,0.1226545767787,22.8465912824163,15.1439384097487
23661,3.4567388698146,0.0274281971279,0.1706649157258,0.1216193207475,21.9418662676326,15.1439384097487
23689,3.4568617093377,0.0275779326691,0.1704425088990,0.1216058002838,21.9418662676326,15.1439384097487
23690,3.4569672609011,0.0275779326691,0.1701034201665,0.1214861907125,21.9418662676326,15.1439384097487
23699,3.4569967094968,0.0276919518295,0.1283734535443,0.1066319132548,21.9418662676326,15.1439384097487
23700,3.4570461034894,0.0276919518295,0.1283345677977,0.1066187244098,21.9418662676326,15.1439384097487
23701,3.4570409893567,0.0275848192148,0.1283180868042,0.1065668519983,21.9418662676326,15.1439384097487
23702,3.4569414466365,0.0275430041091,0.1283253159569,0.1065501045562,21.9418662676326,15.1439384097487
23732,3.4563985336568,0.0275539344345,0.1280834302564,0.1064607190489,21.5030289422800,15.1439384097487
23733,3.4564928443554,0.0275539344345,0.1279656121051,0.1064199756278,21.5030289422800,15.1439384097487
37289,3.5160259050670,0.0044745248272,0.1529812168848,0.1063053334680,0.1720013002438,15.1439384097487
37290,3.5160867024118,0.0045213588475,0.1528625692858,0.1062838913268,0.1720013002438,15.1439384097487
37291,3.5160511139384,0.0044745248272,0.1528074575332,0.1062436332606,0.1720013002438,15.1439384097487
37294,3.5160524029874,0.0044671755056,0.1527944707781,0.1062358636644,0.1720013002438,15.1439384097487
37295,3.5161299232812,0.0044671755056,0.1527395698726,0.1062173531051,0.1720013002438,15.1439384097487
37302,3.5159794711293,0.0044181322815,0.1527930735741,0.1062133141575,0.1720013002438,15.1439384097487
37341,3.5161649928174,0.0037969052547,0.1179112128649,0.0934918917264,0.1685612742390,15.1439384097487
37342,3.5162788681361,0.0038352770875,0.1177477998229,0.0934515863251,0.1685612742390,15.1439384097487
37349,3.5163763083408,0.0038862209982,0.1174908919269,0.0933830453820,0.1685612742390,15.1439384097487
37508,3.5175729771518,0.0041125128911,0.1098993009283,0.0907856779058,0.1586485228235,15.1439384097487
37509,3.5175816341834,0.0041010702067,0.1098471880581,0.0907622846553,0.1586485228235,15.1439384097487
37513,3.5175759887173,0.0041479042269,0.1096485994130,0.0907113519792,0.1586485228235,15.1439384097487
40189,3.5254973078317,0.0036384155365,0.1095671660549,0.0905760024761,0.0613849053147,15.1439384097487
40190,3.5255018864244,0.0036083516324,0.1095866141082,0.0905701284659,0.0613849053147,15.1439384097487
40193,3.5254917307138,0.0037430469578,0.1080049994805,0.0900628489642,0.0613849053147,15.1439384097487
40289,3.5256086324913,0.0042058889420,0.1072907293493,0.0900077674915,0.0601572072084,15.1439384097487
40291,3.5256013179482,0.0042643033775,0.1071290502745,0.0899749562226,0.0589540630642,15.1439384097487
40292,3.5256221600459,0.0042643033775,0.1067986392050,0.0898572471835,0.0589540630642,15.1439384097487
40298,3.5255346097161,0.0041839291249,0.1067997488870,0.0898219585589,0.0589540630642,15.1439384097487
40300,3.5254820541858,0.0041839291249,0.1067860713823,0.0898163300786,0.0589540630642,15.1439384097487
40304,3.5255661552364,0.0041006074308,0.1067875491734,0.0897823385878,0.0589540630642,15.1439384097487
40312,3.5253477910171,0.0040042839383,0.1068928489516,0.0897755743156,0.0577749818029,15.1439384097487
40313,3.5253551936787,0.0039796851969,0.1068757731081,0.0897590382295,0.0577749818029,15.1439384097487
40315,3.5253018923592,0.0039796851969,0.1067404329467,0.0897099482475,0.0577749818029,15.1439384097487
40319,3.5252729281701,0.0039911278813,0.1065997748504,0.0896642073794,0.0577749818029,15.1439384097487
40320,3.5254526289240,0.0039911278813,0.1065410463862,0.0896457756815,0.0577749818029,15.1439384097487
40321,3.5253242782754,0.0039442938611,0.1064757274838,0.0896005596260,0.0577749818029,15.1439384097487
40322,3.5252108276185,0.0039442938611,0.1063625816748,0.0895585450893,0.0577749818029,15.1439384097487
41718,3.5329921693333,0.0046418513609,0.1051933039616,0.0895500045844,0.0355766977364,15.1439384097487
41722,3.5333544558810,0.0045989233894,0.1051690958351,0.0895280874532,0.0355766977364,15.1439384097487
41725,3.5332699434222,0.0045644576053,0.1050974004538,0.0894865150639,0.0355766977364,15.1439384097487
42239,3.5334350175746,0.0039837785597,0.0755078052219,0.0786722758212,0.0296619921217,15.1439384097487
42240,3.5335271538150,0.0039413133641,0.0755306720467,0.0786635468965,0.0296619921217,15.1439384097487
42243,3.5335635525087,0.0038816483319,0.0754469261251,0.0786085819497,0.0296619921217,15.1439384097487
42244,3.5335343777065,0.0038766459450,0.0752139430646,0.0785228170123,0.0296619921217,15.1439384097487
42254,3.5339019311621,0.0038304454870,0.0752199245478,0.0785103539167,0.0296619921217,15.1439384097487
42256,3.5339915264279,0.0038348143116,0.0738526653371,0.0780251871762,0.0296619921217,15.1439384097487
42259,3.5341956357005,0.0037168725748,0.0738598545018,0.0779800964089,0.0296619921217,15.1439384097487
42260,3.5341254985688,0.0036700385545,0.0737565707632,0.0779221452007,0.0296619921217,15.1439384097487
42262,3.5340976657260,0.0036468611962,0.0737381058074,0.0779052235872,0.0296619921217,15.1439384097487
42265,3.5338759007258,0.0036936952164,0.0732114339032,0.0777340602416,0.0296619921217,15.1439384097487
42266,3.5338053894888,0.0036468611962,0.0731787838067,0.0777013300407,0.0296619921217,15.1439384097487
42267,3.5338074306113,0.0036003356932,0.0731546305839,0.0776727932701,0.0296619921217,15.1439384097487
43733,3.5403745000034,0.0034242715103,0.0729144495891,0.0776044818571,0.0171911274044,15.1439384097487
43734,3.5406303118221,0.0033774374901,0.0728685318720,0.0775716306696,0.0171911274044,15.1439384097487
44321,3.5407514167876,0.0034805428528,0.0727244925940,0.0775660897101,0.0143330640019,15.1439384097487
44934,3.5424022922900,0.0035075766768,0.0556742476939,0.0715116622338,0.0112473950247,15.1439384097487
44935,3.5425317146433,0.0035075766768,0.0556356241504,0.0714996994288,0.0112473950247,15.1439384097487
44944,3.5426835870629,0.0035636607052,0.0546334254170,0.0711679563064,0.0112473950247,15.1439384097487
44945,3.5426005771412,0.0036756579758,0.0544648240858,0.0711545657907,0.0112473950247,15.1439384097487
44948,3.5425314319942,0.0036581000388,0.0544795827054,0.0711513334969,0.0112473950247,15.1439384097487
44951,3.5426076940906,0.0036449439819,0.0544667929221,0.0711422065106,0.0112473950247,15.1439384097487
44952,3.5424714840603,0.0036917780021,0.0540012711907,0.0709940931096,0.0112473950247,15.1439384097487
44953,3.5426340600817,0.0037362650875,0.0539334199056,0.0709912268413,0.0112473950247,15.1439384097487
44957,3.5425933575773,0.0038324343214,0.0535567652662,0.0708973467755,0.0112473950247,15.1439384097487
44974,3.5419939667364,0.0037456528267,0.0523992569688,0.0704382775455,0.0112473950247,15.1439384097487
44980,3.5419816219605,0.0037306291385,0.0522433381054,0.0703759788359,0.0112473950247,15.1439384097487
45893,3.5467287560392,0.0031996764624,0.0522283354025,0.0702102412101,0.0081408388815,15.1439384097487
45894,3.5467394853065,0.0031774411835,0.0521954050031,0.0701891027664,0.0081408388815,15.1439384097487
45899,3.5467245008423,0.0030235957518,0.0522544441081,0.0701440423754,0.0081408388815,15.1439384097487
45902,3.5466522347080,0.0029767617316,0.0523134668831,0.0701440276540,0.0079780221038,15.1439384097487
45904,3.5468918898200,0.0030235957518,0.0520737502744,0.0700818774062,0.0079780221038,15.1439384097487
45905,3.5466533271007,0.0030704297720,0.0520248532982,0.0700811102769,0.0079780221038,15.1439384097487
45906,3.5467417433991,0.0029894550127,0.0518888572039,0.0699990878596,0.0079780221038,15.1439384097487
45908,3.5466500706051,0.0030362890329,0.0517699444197,0.0699753935671,0.0079780221038,15.1439384097487
48639,3.5517919372121,0.0030698457929,0.0514665174259,0.0699541653204,0.0030868874335,15.1439384097487
60615,3.5815318573118,0.0032474360343,0.0499441402769,0.0699073871769,0.0000600627970,15.1439384097487
63125,3.5850813528365,0.0032659360508,0.0497391260367,0.0698923215078,0.0000308365690,15.1439384097487
63133,3.5850800313044,0.0032858243949,0.0496689552912,0.0698757654037,0.0000308365690,15.1439384097487
63166,3.5852243989792,0.0032541848492,0.0496892925415,0.0698715116950,0.0000302198376,15.1439384097487
63168,3.5852942594209,0.0033010188694,0.0495921889613,0.0698578920885,0.0000302198376,15.1439384097487
63304,3.5854034894849,0.0031790002975,0.0496910416525,0.0698424485455,0.0000296154409,15.1439384097487
63305,3.5852214024832,0.0032258343177,0.0495394551172,0.0698058057012,0.0000296154409,15.1439384097487
63307,3.5852402630227,0.0032095435051,0.0495450649746,0.0698010943203,0.0000290231320,15.1439384097487
63310,3.5853181369696,0.0032169093544,0.0495228863448,0.0697974320848,0.0000290231320,15.1439384097487
63475,3.5852169899504,0.0031342212225,0.0495927694199,0.0697855213315,0.0000278738160,15.1439384097487
63483,3.5851178291614,0.0031127572367,0.0495983174429,0.0697769007987,0.0000278738160,15.1439384097487
63487,3.5850301525617,0.0031151041715,0.0495857227677,0.0697721679116,0.0000278738160,15.1439384097487
63492,3.5850861882229,0.0031151041715,0.0495536853459,0.0697615188761,0.0000278738160,15.1439384097487
63514,3.5850835416699,0.0031151041715,0.0495341382395,0.0697545003181,0.0000278738160,15.1439384097487
63835,3.5845982086744,0.0033050626491,0.0493104044157,0.0697491387277,0.0000257099204,15.1439384097487
64073,3.5849990401524,0.0034508921415,0.0491165464884,0.0697480738462,0.0000246918075,15.1439384097487
64087,3.5848792269319,0.0033739942172,0.0492133232769,0.0697479853826,0.0000246918075,15.1439384097487
64093,3.5848974931716,0.0033739942172,0.0491584086881,0.0697286314955,0.0000241979714,15.1439384097487
64104,3.5851261709627,0.0033667991543,0.0491384526476,0.0697216565152,0.0000241979714,15.1439384097487
64224,3.5849847295480,0.0034640647262,0.0489926390074,0.0697092640737,0.0000237140120,15.1439384097487
64232,3.5849684373371,0.0034640647262,0.0489815170854,0.0697050614251,0.0000237140120,15.1439384097487
64321,3.5852056668437,0.0032924189511,0.0491445989738,0.0696930992632,0.0000227749371,15.1439384097487
64333,3.5849904832665,0.0033169846370,0.0490713106683,0.0696744081863,0.0000227749371,15.1439384097487
64357,3.5847421152598,0.0032815933012,0.0490999931734,0.0696659698321,0.0000227749371,15.1439384097487
64374,3.5847312963551,0.0033129243297,0.0490040641911,0.0696449839781,0.0000227749371,15.1439384097487
64416,3.5849028541692,0.0033085224496,0.0489728083684,0.0696343621959,0.0000227749371,15.1439384097487
64428,3.5849480030148,0.0031655191955,0.0490966986412,0.0696179604661,0.0000227749371,15.1439384097487
64439,3.5848699801698,0.0032123532158,0.0490219291833,0.0696102247932,0.0000223194383,15.1439384097487
64444,3.5847035553334,0.0033077346288,0.0488909435693,0.0696019670649,0.0000223194383,15.1439384097487
64450,3.5847489031257,0.0032609006086,0.0488981170748,0.0695850989765,0.0000218730496,15.1439384097487
64451,3.5848793889834,0.0032140665883,0.0489176645340,0.0695738548551,0.0000218730496,15.1439384097487
64561,3.5847837102891,0.0032338172015,0.0488066351807,0.0695413122160,0.0000218730496,15.1439384097487
64567,3.5848680142874,0.0032233331243,0.0487483665949,0.0695172017268,0.0000218730496,15.1439384097487
64572,3.5848819627636,0.0031869831813,0.0487829843451,0.0695141840320,0.0000218730496,15.1439384097487
64586,3.5847562327293,0.0032338172015,0.0486254783752,0.0694762245513,0.0000218730496,15.1439384097487
64695,3.5850864313580,0.0032425713784,0.0485564402117,0.0694599921429,0.0000210068768,15.1439384097487
64704,3.5850133021785,0.0032253550141,0.0485376301422,0.0694448610461,0.0000210068768,15.1439384097487
65145,3.5836187501784,0.0030699835239,0.0487455338444,0.0694327917694,0.0000189885528,15.1439384097487
65151,3.5835965409311,0.0031168175441,0.0486368442377,0.0694137315163,0.0000189885528,15.1439384097487
65153,3.5835823185507,0.0031152584301,0.0485923110269,0.0693969573607,0.0000189885528,15.1439384097487
65209,3.5833836599593,0.0031932526925,0.0484715652678,0.0693844489820,0.0000189885528,15.1439384097487
65215,3.5833643784061,0.0031932526925,0.0484143196930,0.0693637313012,0.0000186087818,15.1439384097487
65237,3.5833483904366,0.0032466647412,0.0483277378444,0.0693554738617,0.0000186087818,15.1439384097487
65254,3.5832584417063,0.0031290315216,0.0483768173641,0.0693213152561,0.0000186087818,15.1439384097487
65278,3.5830320695021,0.0031318577600,0.0483630068937,0.0693143910388,0.0000186087818,15.1439384097487
65298,3.5830082902601,0.0031583241325,0.0483147769119,0.0693081723017,0.0000182366061,15.1439384097487
65384,3.5833771528847,0.0030792335321,0.0483805407397,0.0693029827928,0.0000182366061,15.1439384097487
65386,3.5832839347592,0.0031260675523,0.0482307937466,0.0692682544166,0.0000182366061,15.1439384097487
65507,3.5838999493453,0.0031423748926,0.0481845260233,0.0692674356550,0.0000175144365,15.1439384097487
65520,3.5839872010798,0.0030986756280,0.0482290793668,0.0692658539133,0.0000175144365,15.1439384097487
65529,3.5837776791669,0.0031405072614,0.0481831475301,0.0692644128078,0.0000175144365,15.1439384097487
65531,3.5837729848571,0.0031455096482,0.0481609152286,0.0692585501560,0.0000175144365,15.1439384097487
65543,3.5839277864095,0.0031455096482,0.0481137105588,0.0692438817769,0.0000175144365,15.1439384097487
65836,3.5832818478829,0.0030479190313,0.0482531599760,0.0692427206032,0.0000161547586,15.1439384097487
65916,3.5828825958400,0.0030792500598,0.0481330019455,0.0692075852149,0.0000161547586,15.1439384097487
66016,3.5831519663030,0.0029957575793,0.0481989176114,0.0691991556065,0.0000155150302,15.1439384097487
66019,3.5831315998001,0.0030179928582,0.0481623410268,0.0691953337611,0.0000155150302,15.1439384097487
66026,3.5832474319221,0.0030648268784,0.0480950839334,0.0691930241104,0.0000155150302,15.1439384097487
66027,3.5832260437336,0.0030598244916,0.0480993212777,0.0691920909261,0.0000155150302,15.1439384097487
66032,3.5832113767929,0.0030648268784,0.0479709003203,0.0691481626423,0.0000155150302,15.1439384097487
66039,3.5832477671021,0.0030179928582,0.0479531137797,0.0691222535039,0.0000155150302,15.1439384097487
66054,3.5832305365730,0.0030233202900,0.0479473403436,0.0691222309366,0.0000155150302,15.1439384097487
66103,3.5831026752665,0.0029883917300,0.0479728554655,0.0691145648684,0.0000155150302,15.1439384097487
66108,3.5830323170239,0.0030034319459,0.0479119522903,0.0690982639768,0.0000155150302,15.1439384097487
66145,3.5830461651906,0.0030352257502,0.0478346359633,0.0690844728696,0.0000152047296,15.1439384097487
66509,3.5833898188332,0.0030728097622,0.0477558142613,0.0690772923715,0.0000140243584,15.1439384097487
66541,3.5831354443587,0.0031310864669,0.0476078948207,0.0690458403486,0.0000140243584,15.1439384097487
66590,3.5832168352587,0.0031664778027,0.0475382937763,0.0690373022239,0.0000140243584,15.1439384097487
66746,3.5832608049463,0.0031539387802,0.0475354001668,0.0690315170933,0.0000134689938,15.1439384097487
66755,3.5832561134462,0.0031495699556,0.0475267488081,0.0690264885845,0.0000134689938,15.1439384097487
66756,3.5832063556368,0.0031495699556,0.0475261272550,0.0690255625316,0.0000134689938,15.1439384097487
66772,3.5831778233805,0.0031495699556,0.0475089622676,0.0690190284495,0.0000134689938,15.1439384097487
66776,3.5831508598993,0.0031813802877,0.0474667219864,0.0690171941027,0.0000134689938,15.1439384097487
66784,3.5830866769593,0.0031345462674,0.0474618314364,0.0689944675705,0.0000134689938,15.1439384097487
66792,3.5830910974546,0.0031213736827,0.0474653715235,0.0689901490436,0.0000134689938,15.1439384097487
66811,3.5831590807341,0.0031213736827,0.0474184109022,0.0689743393520,0.0000129356217,15.1439384097487
66837,3.5831285148350,0.0031389150920,0.0473866083071,0.0689700665237,0.0000129356217,15.1439384097487
67160,3.5835872957679,0.0032106398432,0.0472715821515,0.0689662166524,0.0000121749036,15.1439384097487
67164,3.5836742315417,0.0032490116760,0.0471849843807,0.0689529640837,0.0000121749036,15.1439384097487
67283,3.5834562537233,0.0032104855846,0.0472197663230,0.0689457906524,0.0000121749036,15.1439384097487
67285,3.5835306668701,0.0031613046295,0.0472518846311,0.0689372368656,0.0000121749036,15.1439384097487
67289,3.5836145552639,0.0032037698252,0.0471821848513,0.0689317304718,0.0000121749036,15.1439384097487
67302,3.5836075876143,0.0031859198986,0.0471929483238,0.0689278260088,0.0000119314056,15.1439384097487
67322,3.5836034615512,0.0031902887232,0.0471545057705,0.0689159104954,0.0000116927775,15.1439384097487
67329,3.5836691678349,0.0031121236745,0.0472331109814,0.0689114142179,0.0000116927775,15.1439384097487
67339,3.5835825748056,0.0031550351183,0.0470739915189,0.0688717511716,0.0000116927775,15.1439384097487
67360,3.5834008669522,0.0031082010981,0.0471366455611,0.0688714847384,0.0000116927775,15.1439384097487
67364,3.5834021423579,0.0031550351183,0.0470739915189,0.0688691980646,0.0000116927775,15.1439384097487
67914,3.5836409776425,0.0032581074256,0.0469035369130,0.0688558747689,0.0000105693447,15.1439384097487
67921,3.5835930826500,0.0032112734054,0.0469271008208,0.0688435410164,0.0000105693447,15.1439384097487
67925,3.5835572036006,0.0031553436355,0.0468316628611,0.0687849784433,0.0000105693447,15.1439384097487
68213,3.5839718579624,0.0031382980575,0.0468236645752,0.0687806839963,0.0000099477827,15.1439384097487
68228,3.5839855065309,0.0031116608986,0.0468327455725,0.0687727044107,0.0000097488270,15.1439384097487
68248,3.5840462363864,0.0031409535096,0.0467894825759,0.0687706666400,0.0000097488270,15.1439384097487
68423,3.5838293260309,0.0031553436355,0.0467799253954,0.0687703512911,0.0000095538505,15.1439384097487
68490,3.5839404172403,0.0030792170044,0.0468504053870,0.0687644689507,0.0000093627735,15.1439384097487
68527,3.5837683945116,0.0031260510246,0.0467937374933,0.0687618680302,0.0000091755180,15.1439384097487
68529,3.5836486069129,0.0031282437008,0.0467923928292,0.0687606325249,0.0000091755180,15.1439384097487
68530,3.5837026763578,0.0030903511715,0.0467770773287,0.0687396881269,0.0000091755180,15.1439384097487
68568,3.5834490619621,0.0031619381917,0.0466703374443,0.0687286582644,0.0000091755180,15.1439384097487
68571,3.5835043309348,0.0031318742877,0.0466960761169,0.0687257481694,0.0000091755180,15.1439384097487
68574,3.5835603241993,0.0031275054631,0.0466918738651,0.0687231673127,0.0000091755180,15.1439384097487
68607,3.5835655995175,0.0030850402675,0.0467160853540,0.0687136895489,0.0000091755180,15.1439384097487
68611,3.5833173119092,0.0030850402675,0.0467254516253,0.0687135213928,0.0000091755180,15.1439384097487
68671,3.5829595805755,0.0031813472322,0.0465628326625,0.0686916557308,0.0000089920077,15.1439384097487
68680,3.5829392841620,0.0031769784076,0.0465579682461,0.0686877588930,0.0000089920077,15.1439384097487
68682,3.5828917489677,0.0031725930553,0.0465092350836,0.0686678021356,0.0000088121675,15.1439384097487
68685,3.5828891724748,0.0031169883304,0.0465544390270,0.0686600793475,0.0000088121675,15.1439384097487
68690,3.5830301523793,0.0030745231348,0.0465880167872,0.0686558668913,0.0000088121675,15.1439384097487
68742,3.5829517988370,0.0030817347255,0.0465153766031,0.0686319059528,0.0000088121675,15.1439384097487
68747,3.5829718974771,0.0030790792735,0.0464646261566,0.0686129271369,0.0000088121675,15.1439384097487
68776,3.5829125204451,0.0031855948537,0.0463259167491,0.0686081974161,0.0000088121675,15.1439384097487
68934,3.5828044085709,0.0031552059046,0.0463544093715,0.0686038197416,0.0000084632057,15.1439384097487
68941,3.5827478514040,0.0031552059046,0.0463477960263,0.0686006575525,0.0000084632057,15.1439384097487
69042,3.5827003890427,0.0031605168087,0.0463284000479,0.0685953349298,0.0000082939416,15.1439384097487
69070,3.5826513086285,0.0031470522345,0.0462593447144,0.0685642072944,0.0000082939416,15.1439384097487
69180,3.5829393129100,0.0031241668657,0.0462552095813,0.0685569976872,0.0000081280627,15.1439384097487
69197,3.5829376727830,0.0031710008859,0.0461523664247,0.0685403165037,0.0000079655015,15.1439384097487
69203,3.5829326281107,0.0032140831160,0.0459801953899,0.0684972192795,0.0000079655015,15.1439384097487
69204,3.5829536991873,0.0031672490958,0.0460267220492,0.0684940623749,0.0000079655015,15.1439384097487
69224,3.5828753418651,0.0031672490958,0.0460091610837,0.0684866818507,0.0000079655015,15.1439384097487
69231,3.5829978098090,0.0031204150756,0.0459925568783,0.0684624129676,0.0000079655015,15.1439384097487
69254,3.5828986160073,0.0031672490958,0.0459350202479,0.0684605323083,0.0000079655015,15.1439384097487
69267,3.5829012127096,0.0031487656071,0.0458758516654,0.0684315159197,0.0000079655015,15.1439384097487
69318,3.5830122739807,0.0031626929572,0.0458228934111,0.0684201426313,0.0000079655015,15.1439384097487
69345,3.5830902574688,0.0031287064766,0.0458427228728,0.0684137624085,0.0000079655015,15.1439384097487
69417,3.5830115009618,0.0031009895074,0.0458764163753,0.0684128027019,0.0000078061914,15.1439384097487
69429,3.5829976053796,0.0031393613402,0.0457743508052,0.0683925991622,0.0000078061914,15.1439384097487
69470,3.5830272026482,0.0031861953604,0.0456786487735,0.0683789103875,0.0000076500676,15.1439384097487
69629,3.5830690156419,0.0032191020306,0.0456349926590,0.0683780134277,0.0000074970663,15.1439384097487
69769,3.5828289545406,0.0031658277128,0.0456576402286,0.0683598731465,0.0000072001824,15.1439384097487
69860,3.5827982008215,0.0031987343829,0.0456137633926,0.0683578705434,0.0000072001824,15.1439384097487
69894,3.5828519680509,0.0031711716723,0.0456352727680,0.0683545006756,0.0000070561788,15.1439384097487
69900,3.5828298921170,0.0031711716723,0.0456137633926,0.0683465063829,0.0000070561788,15.1439384097487
69938,3.5828111185336,0.0030865663260,0.0456956710693,0.0683392340455,0.0000070561788,15.1439384097487
69947,3.5828070044799,0.0030950285134,0.0456457632360,0.0683249782574,0.0000070561788,15.1439384097487
69954,3.5829211977232,0.0031279351835,0.0455845461560,0.0683188337000,0.0000070561788,15.1439384097487
70032,3.5828903158227,0.0031204150756,0.0455888502816,0.0683167110075,0.0000069150552,15.1439384097487
70090,3.5827770650575,0.0031418625336,0.0455307876633,0.0683035636350,0.0000067767541,15.1439384097487
70160,3.5828078264248,0.0031208778515,0.0455300955110,0.0682947582739,0.0000067767541,15.1439384097487
70203,3.5827451429910,0.0031208778515,0.0454757850662,0.0682744747201,0.0000067767541,15.1439384097487
70218,3.5827784247571,0.0031677118717,0.0454004802788,0.0682681228109,0.0000065083946,15.1439384097487
70227,3.5826765233628,0.0032096977637,0.0453458661687,0.0682651698273,0.0000065083946,15.1439384097487
70235,3.5823799309741,0.0031503247210,0.0454177203454,0.0682611896812,0.0000065083946,15.1439384097487
70260,3.5823373288297,0.0031570570081,0.0453453661323,0.0682376313392,0.0000065083946,15.1439384097487
70516,3.5822089720864,0.0032134495538,0.0452744690780,0.0682346629572,0.0000062506622,15.1439384097487
70527,3.5822795673931,0.0031794465456,0.0452961952140,0.0682288484925,0.0000062506622,15.1439384097487
70554,3.5822898121380,0.0032134495538,0.0452351073516,0.0682217490791,0.0000061256490,15.1439384097487
70578,3.5822090948859,0.0031955830996,0.0452565694156,0.0682206149064,0.0000061256490,15.1439384097487
70597,3.5823398726994,0.0031487490794,0.0452730267734,0.0682082713085,0.0000061256490,15.1439384097487
70672,3.5824163697921,0.0030825060186,0.0452768548458,0.0681823310228,0.0000061256490,15.1439384097487
70687,3.5823915963215,0.0030978547518,0.0452465648228,0.0681777406430,0.0000061256490,15.1439384097487
70710,3.5822992080222,0.0030807926460,0.0451297220270,0.0681273914538,0.0000061256490,15.1439384097487
70744,3.5821776619376,0.0030679616340,0.0451151608238,0.0681149721500,0.0000060031360,15.1439384097487
70753,3.5822113803540,0.0030156459234,0.0451547630979,0.0681071719138,0.0000060031360,15.1439384097487
70775,3.5821133471334,0.0030156459234,0.0451309858116,0.0680972928623,0.0000058830733,15.1439384097487
70932,3.5821633458499,0.0029816429152,0.0451593040033,0.0680935412629,0.0000057654118,15.1439384097487
70966,3.5822512522268,0.0029816429152,0.0451469613562,0.0680903770440,0.0000057654118,15.1439384097487
70984,3.5821953162407,0.0029816429152,0.0450746973859,0.0680637769927,0.0000057654118,15.1439384097487
71014,3.5821980687350,0.0030200147480,0.0449880996151,0.0680493332363,0.0000056501036,15.1439384097487
71099,3.5821862577185,0.0030123403814,0.0449813886546,0.0680434803253,0.0000055371015,15.1439384097487
71432,3.5821972934970,0.0030693664894,0.0448559309299,0.0680232699111,0.0000052114756,15.1439384097487
71439,3.5821870039416,0.0030693664894,0.0448543174374,0.0680225480673,0.0000052114756,15.1439384097487
71442,3.5822753901063,0.0031077383222,0.0447827444159,0.0680146820034,0.0000052114756,15.1439384097487
71443,3.5823105038059,0.0031384357885,0.0447041936878,0.0680002810854,0.0000052114756,15.1439384097487
71452,3.5823890778717,0.0030767323387,0.0447200219571,0.0679806015209,0.0000052114756,15.1439384097487
71459,3.5824235164423,0.0030928688926,0.0446959706303,0.0679794147308,0.0000052114756,15.1439384097487
71512,3.5823849760262,0.0031397029129,0.0446234074701,0.0679730256951,0.0000052114756,15.1439384097487
71513,3.5823467598761,0.0031395321265,0.0445199705906,0.0679354700023,0.0000052114756,15.1439384097487
71553,3.5824156586516,0.0030759445178,0.0445197844551,0.0679091266061,0.0000051072461,15.1439384097487
71611,3.5823701325453,0.0030571359841,0.0445223228085,0.0679013281693,0.0000050051012,15.1439384097487
71637,3.5823965515880,0.0030571359841,0.0444490362556,0.0678755282281,0.0000050051012,15.1439384097487
71676,3.5825162527658,0.0030500951798,0.0443444383053,0.0678368480934,0.0000050051012,15.1439384097487
71677,3.5825382129355,0.0030339586258,0.0443381071455,0.0678279820338,0.0000050051012,15.1439384097487
71679,3.5826049355896,0.0030482110209,0.0442185271889,0.0677923271969,0.0000050051012,15.1439384097487
71699,3.5826818907977,0.0030950450411,0.0441113448607,0.0677752084279,0.0000050051012,15.1439384097487
71701,3.5826060805906,0.0030361513020,0.0441397034400,0.0677590236087,0.0000050051012,15.1439384097487
71723,3.5825020265430,0.0030361513020,0.0441255726531,0.0677525045413,0.0000050051012,15.1439384097487
71741,3.5824502626493,0.0030701543102,0.0440789556546,0.0677496958754,0.0000049049992,15.1439384097487
71768,3.5826555236932,0.0030829853222,0.0440057719750,0.0677319622822,0.0000049049992,15.1439384097487
71854,3.5826641081959,0.0031298193424,0.0439263430719,0.0677237880099,0.0000048068992,15.1439384097487
71864,3.5827437055169,0.0030988133589,0.0439248232056,0.0677110832186,0.0000048068992,15.1439384097487
71929,3.5826097403983,0.0031514375868,0.0438499194469,0.0677049895193,0.0000047107612,15.1439384097487
71960,3.5826611987514,0.0031348382570,0.0437903746885,0.0676773376679,0.0000047107612,15.1439384097487
72044,3.5827311207157,0.0030840816603,0.0438389349474,0.0676739171815,0.0000047107612,15.1439384097487
72059,3.5825914159605,0.0030840816603,0.0438401832782,0.0676723862010,0.0000047107612,15.1439384097487
72070,3.5824616716483,0.0030840816603,0.0438079751838,0.0676590474368,0.0000047107612,15.1439384097487
72099,3.5824001496538,0.0030839274017,0.0437918094342,0.0676523373118,0.0000045242151,15.1439384097487
72151,3.5823813491789,0.0031194895238,0.0436835601213,0.0676286517270,0.0000045242151,15.1439384097487
72178,3.5824592863255,0.0030726555036,0.0436015470414,0.0675803924237,0.0000045242151,15.1439384097487
72200,3.5824041413982,0.0030645183612,0.0436005736830,0.0675757771519,0.0000045242151,15.1439384097487
72203,3.5824821425022,0.0030712506483,0.0435177630387,0.0675501908982,0.0000045242151,15.1439384097487
72218,3.5823889881610,0.0031069505014,0.0434583729406,0.0675429619582,0.0000045242151,15.1439384097487
72358,3.5824303873093,0.0031033529699,0.0433974575320,0.0675202504511,0.0000044337308,15.1439384097487
72384,3.5824388045704,0.0031096224811,0.0433216165721,0.0674959704310,0.0000044337308,15.1439384097487
72456,3.5824766186622,0.0031096224811,0.0433179627365,0.0674952005566,0.0000042581550,15.1439384097487
72486,3.5823756844354,0.0031096224811,0.0432601492116,0.0674731246566,0.0000042581550,15.1439384097487
72502,3.5824565047079,0.0031096224811,0.0432562286299,0.0674728680503,0.0000042581550,15.1439384097487
72531,3.5824863685745,0.0031564565013,0.0431760075107,0.0674647119452,0.0000042581550,15.1439384097487
72649,3.5825930127707,0.0030757902592,0.0432014318823,0.0674407298396,0.0000041729919,15.1439384097487
72650,3.5825543113807,0.0031129114953,0.0431542634771,0.0674392454597,0.0000041729919,15.1439384097487
72690,3.5825247822793,0.0030782914526,0.0431391458237,0.0674185913018,0.0000040895321,15.1439384097487
72699,3.5825500785658,0.0030417872510,0.0431774512620,0.0674169850984,0.0000040895321,15.1439384097487
72705,3.5826160694612,0.0030886212712,0.0430539398123,0.0673938793561,0.0000040895321,15.1439384097487
72752,3.5824750035448,0.0031354552915,0.0429911018018,0.0673895128591,0.0000040895321,15.1439384097487
72901,3.5825932764770,0.0030417872510,0.0430829316643,0.0673838393468,0.0000040077414,15.1439384097487
72943,3.5825812149733,0.0030886212712,0.0430209540391,0.0673816055341,0.0000039275866,15.1439384097487
72959,3.5825478357888,0.0030886212712,0.0429402047758,0.0673522941983,0.0000039275866,15.1439384097487
72979,3.5824236537535,0.0030150123612,0.0429584998857,0.0673255243229,0.0000038490349,15.1439384097487
72987,3.5823421314057,0.0030618463814,0.0428990359490,0.0673232053898,0.0000038490349,15.1439384097487
73010,3.5822756713567,0.0030618463814,0.0428754865266,0.0673138544766,0.0000038490349,15.1439384097487
73116,3.5822599449612,0.0031086804016,0.0427973216970,0.0673057876615,0.0000037720542,15.1439384097487
73141,3.5822603536928,0.0031086804016,0.0427931473847,0.0673043026192,0.0000037720542,15.1439384097487
73151,3.5823153347628,0.0030914475096,0.0427699844936,0.0672894226114,0.0000037720542,15.1439384097487
73161,3.5822373902675,0.0031382815298,0.0427105205569,0.0672871543047,0.0000037720542,15.1439384097487
73210,3.5822280082876,0.0030900426543,0.0426465971021,0.0672435179413,0.0000037720542,15.1439384097487
73228,3.5821552348973,0.0030432086340,0.0426613535096,0.0672276866252,0.0000037720542,15.1439384097487
73396,3.5822015221378,0.0030803298702,0.0426142589429,0.0672274311997,0.0000036226808,15.1439384097487
73434,3.5821292647772,0.0030419580373,0.0426288254501,0.0672151660156,0.0000036226808,15.1439384097487
73518,3.5822030563292,0.0030784622390,0.0425412267456,0.0672005695674,0.0000035502272,15.1439384097487
73521,3.5821964485050,0.0031194895238,0.0424596852662,0.0671889372323,0.0000034792227,15.1439384097487
73526,3.5822558497259,0.0030168965201,0.0425798205599,0.0671887147874,0.0000034792227,15.1439384097487
73560,3.5822125467086,0.0030637305403,0.0424596852662,0.0671652683136,0.0000034792227,15.1439384097487
73565,3.5822693729965,0.0031021023732,0.0423806433524,0.0671542882180,0.0000034792227,15.1439384097487
73676,3.5821476051498,0.0031326290531,0.0423158827398,0.0671425192838,0.0000034096382,15.1439384097487
73693,3.5821213829952,0.0030955078170,0.0423482208990,0.0671377884834,0.0000034096382,15.1439384097487
73786,3.5821312571318,0.0030486737967,0.0423941778573,0.0671342696782,0.0000033414455,15.1439384097487
73816,3.5820944218895,0.0030200147480,0.0424100119789,0.0671271210560,0.0000032746166,15.1439384097487
73824,3.5820340732787,0.0031080468394,0.0422838330677,0.0671189312695,0.0000032746166,15.1439384097487
73827,3.5821096814119,0.0030612128192,0.0423217987476,0.0671134885680,0.0000032746166,15.1439384097487
73854,3.5822271584378,0.0030983340553,0.0422168168174,0.0670935664147,0.0000032746166,15.1439384097487
73889,3.5822791816970,0.0031080468394,0.0421790718590,0.0670849848198,0.0000032746166,15.1439384097487
73918,3.5822037220237,0.0030878499781,0.0421639541105,0.0670698620769,0.0000032746166,15.1439384097487
73936,3.5823558296072,0.0030489988417,0.0421639541105,0.0670553639020,0.0000032746166,15.1439384097487
73964,3.5825110933898,0.0030836023567,0.0420983932595,0.0670489763623,0.0000032091242,15.1439384097487
74003,3.5825636193752,0.0030836023567,0.0420904714855,0.0670468903965,0.0000032091242,15.1439384097487
74055,3.5825114572581,0.0030861200778,0.0420433953785,0.0670304184340,0.0000031449417,15.1439384097487
74073,3.5824584059787,0.0030804841288,0.0419531372349,0.0669950173039,0.0000031449417,15.1439384097487
74101,3.5825632354642,0.0030336501086,0.0419909388331,0.0669899294820,0.0000031449417,15.1439384097487
74106,3.5825649980790,0.0030804841288,0.0419286909029,0.0669877947422,0.0000031449417,15.1439384097487
74140,3.5827314367078,0.0030804841288,0.0418623482731,0.0669664560413,0.0000030820429,15.1439384097487
74150,3.5827387360350,0.0030336501086,0.0418859464599,0.0669549155272,0.0000030820429,15.1439384097487
74154,3.5828151618937,0.0030546347907,0.0418040109754,0.0669357277101,0.0000030820429,15.1439384097487
74171,3.5828321628270,0.0030496324039,0.0417710284931,0.0669220449342,0.0000030820429,15.1439384097487
74179,3.5830004198942,0.0030488445831,0.0417041339113,0.0669001972008,0.0000030820429,15.1439384097487
74329,3.5829381215570,0.0030956786033,0.0415989312596,0.0668818150309,0.0000030204020,15.1439384097487
74403,3.5829614315495,0.0030956786033,0.0415912892473,0.0668794155756,0.0000029599940,15.1439384097487
74507,3.5829311159562,0.0031406284646,0.0415085535244,0.0668687023658,0.0000029007941,15.1439384097487
74516,3.5828471302879,0.0030937944444,0.0415490592241,0.0668619085726,0.0000029007941,15.1439384097487
74531,3.5827645184765,0.0030812719496,0.0415404934802,0.0668523136433,0.0000029007941,15.1439384097487
74535,3.5826374101632,0.0030812719496,0.0414901987834,0.0668325526774,0.0000029007941,15.1439384097487
74574,3.5826793798014,0.0030206483102,0.0415422813801,0.0668257659126,0.0000029007941,15.1439384097487
74636,3.5826732388773,0.0030674823304,0.0414167954110,0.0668009343244,0.0000027859227,15.1439384097487
74677,3.5828233823693,0.0030206483102,0.0414315073315,0.0667882413791,0.0000027859227,15.1439384097487
74703,3.5829585593263,0.0030674823304,0.0413632605593,0.0667858519997,0.0000027859227,15.1439384097487
74704,3.5829136241897,0.0030891005748,0.0412325360300,0.0667477938005,0.0000027859227,15.1439384097487
74714,3.5829812502481,0.0030526129009,0.0411480867756,0.0667029526822,0.0000027859227,15.1439384097487
74718,3.5829929001997,0.0030526129009,0.0411369640477,0.0666991451254,0.0000027859227,15.1439384097487
74748,3.5830482858495,0.0031279517112,0.0409847699917,0.0666778618702,0.0000027859227,15.1439384097487
74750,3.5830297409109,0.0030533841940,0.0410611651164,0.0666729259263,0.0000027859227,15.1439384097487
74751,3.5829489858672,0.0031002182143,0.0410016954553,0.0666706158061,0.0000027859227,15.1439384097487
74771,3.5831157508858,0.0031470522345,0.0409320411137,0.0666681706924,0.0000027859227,15.1439384097487
74784,3.5829995945861,0.0030427458582,0.0408621015664,0.0665968459460,0.0000027859227,15.1439384097487
74795,3.5831710442122,0.0030762530351,0.0407918768132,0.0665885518965,0.0000027859227,15.1439384097487
74816,3.5832244654645,0.0030994303934,0.0406559069939,0.0665506803074,0.0000027302042,15.1439384097487
74831,3.5832766266430,0.0030790792735,0.0406082979398,0.0665256932424,0.0000027302042,15.1439384097487
74965,3.5831145259776,0.0031390693507,0.0404899766649,0.0665068519638,0.0000026756001,15.1439384097487
75209,3.5831025263475,0.0030339751535,0.0405151746464,0.0664706410787,0.0000025182534,15.1439384097487
75236,3.5831063934764,0.0030808091738,0.0404190587839,0.0664564404275,0.0000025182534,15.1439384097487
75263,3.5830756136092,0.0031143163507,0.0403231025568,0.0664360950321,0.0000025182534,15.1439384097487
75303,3.5831463455724,0.0030657524302,0.0403679658074,0.0664323053653,0.0000025182534,15.1439384097487
75324,3.5831698066918,0.0030702920411,0.0403579050245,0.0664309897494,0.0000024678884,15.1439384097487
75333,3.5832255018192,0.0030234580209,0.0404044470455,0.0664283282591,0.0000024678884,15.1439384097487
75338,3.5831754982650,0.0030234580209,0.0403823897657,0.0664197431122,0.0000024678884,15.1439384097487
75374,3.5832792333456,0.0031030279249,0.0402588686574,0.0664111976626,0.0000024185306,15.1439384097487
75414,3.5832482414825,0.0030577530186,0.0401392596763,0.0663486381053,0.0000024185306,15.1439384097487
75436,3.5831914406953,0.0030710798619,0.0400910987626,0.0663363455559,0.0000024185306,15.1439384097487
75462,3.5832289504973,0.0030898718679,0.0400192735325,0.0663192781661,0.0000024185306,15.1439384097487
75470,3.5831538996377,0.0031031987112,0.0400033354998,0.0663182355511,0.0000024185306,15.1439384097487
75551,3.5831897952544,0.0031077383222,0.0399056245085,0.0662857922367,0.0000023701600,15.1439384097487
75564,3.5831600939845,0.0030623091573,0.0398171378531,0.0662342999466,0.0000023701600,15.1439384097487
75573,3.5831957388266,0.0030236288072,0.0398025474251,0.0662130161588,0.0000023701600,15.1439384097487
75593,3.5832759627574,0.0030704628274,0.0397037721234,0.0661989461515,0.0000023227568,15.1439384097487
75595,3.5833373679782,0.0031039700044,0.0396457370828,0.0661934484497,0.0000023227568,15.1439384097487
75619,3.5832063743097,0.0031039700044,0.0396457370828,0.0661915948981,0.0000023227568,15.1439384097487
75640,3.5831181024161,0.0030696584789,0.0396803455127,0.0661880010707,0.0000023227568,15.1439384097487
75706,3.5832352860638,0.0030543097458,0.0396910564481,0.0661869065171,0.0000022763017,15.1439384097487
75727,3.5832895138737,0.0030499409212,0.0396806739935,0.0661820934641,0.0000022763017,15.1439384097487
75745,3.5832935154287,0.0030074757255,0.0396909461430,0.0661676193411,0.0000022763017,15.1439384097487
75782,3.5832937266426,0.0029880666850,0.0397128193188,0.0661671160180,0.0000022763017,15.1439384097487
75814,3.5833582091261,0.0029606417053,0.0397266351650,0.0661612091089,0.0000022763017,15.1439384097487
75824,3.5835052472879,0.0030074757255,0.0396534577445,0.0661572266190,0.0000022307756,15.1439384097487
75858,3.5834103138208,0.0030543097458,0.0395085655131,0.0661242078142,0.0000021861601,15.1439384097487
75895,3.5833783662830,0.0030543097458,0.0394464837197,0.0661015836896,0.0000021861601,15.1439384097487
75935,3.5834184979615,0.0030208025688,0.0393727728069,0.0660614660055,0.0000021861601,15.1439384097487
76061,3.5835843070168,0.0030013770006,0.0393704127725,0.0660546440796,0.0000021424369,15.1439384097487
76086,3.5834966729467,0.0030349007053,0.0393246303528,0.0660514205012,0.0000021424369,15.1439384097487
76113,3.5834192605778,0.0030349007053,0.0393087061941,0.0660446379218,0.0000021424369,15.1439384097487
76127,3.5834073978798,0.0030482110209,0.0392181624152,0.0660178374225,0.0000021424369,15.1439384097487
76155,3.5834899174915,0.0030756194729,0.0391169944204,0.0659946201222,0.0000021424369,15.1439384097487
76172,3.5834265038972,0.0030139160231,0.0391157509357,0.0659668343868,0.0000020575964,15.1439384097487
76186,3.5834057182337,0.0030020105628,0.0391238194456,0.0659643195416,0.0000020575964,15.1439384097487
76236,3.5833219266501,0.0030524421146,0.0390322855279,0.0659520567336,0.0000020575964,15.1439384097487
76258,3.5833060451526,0.0030992761348,0.0389742320276,0.0659511703415,0.0000020575964,15.1439384097487
76262,3.5832898059426,0.0031461101550,0.0388926106454,0.0659418617870,0.0000020575964,15.1439384097487
76304,3.5832147216322,0.0030992761348,0.0389506826052,0.0659414676118,0.0000020575964,15.1439384097487
76311,3.5833083912262,0.0030359970433,0.0390114012749,0.0659373586588,0.0000020575964,15.1439384097487
76367,3.5832370938278,0.0029891630231,0.0389194107107,0.0658834243095,0.0000020164445,15.1439384097487
76440,3.5832183340761,0.0030190891963,0.0387830954454,0.0658473003397,0.0000019761156,15.1439384097487
76480,3.5833301717245,0.0030286311940,0.0387250050259,0.0658322256842,0.0000019761156,15.1439384097487
76486,3.5833555902327,0.0030286311940,0.0387072136441,0.0658262312894,0.0000019761156,15.1439384097487
76560,3.5834383652101,0.0030754652143,0.0386041811004,0.0658106769357,0.0000019365933,15.1439384097487
76575,3.5833522170011,0.0029868160883,0.0386464769855,0.0657865711351,0.0000019365933,15.1439384097487
76589,3.5833813883719,0.0030336501086,0.0385612384977,0.0657766133139,0.0000019365933,15.1439384097487
76596,3.5834244207933,0.0030276891146,0.0384571443176,0.0657374910152,0.0000019365933,15.1439384097487
76599,3.5834987631458,0.0030276891146,0.0383965235584,0.0657168926833,0.0000019365933,15.1439384097487
76618,3.5834332579891,0.0030181471168,0.0383796914029,0.0657058648780,0.0000019365933,15.1439384097487
76666,3.5834356112094,0.0029713130966,0.0383624465289,0.0656796675694,0.0000018978614,15.1439384097487
76673,3.5834785479703,0.0030073379946,0.0382543060555,0.0656570927661,0.0000018599042,15.1439384097487
76714,3.5835864872504,0.0030168799924,0.0381962156360,0.0656419629489,0.0000018599042,15.1439384097487
76761,3.5836091611993,0.0029700459722,0.0381787040159,0.0656159579107,0.0000018599042,15.1439384097487
76957,3.5836209874865,0.0030168799924,0.0380703428210,0.0655974965481,0.0000017862520,15.1439384097487
77091,3.5836036121759,0.0030457098275,0.0379928420830,0.0655819274973,0.0000017505269,15.1439384097487
77096,3.5835690063328,0.0030925438477,0.0378662150542,0.0655562856110,0.0000017505269,15.1439384097487
77235,3.5834678270016,0.0030818889841,0.0378492114580,0.0655442148472,0.0000016812061,15.1439384097487
77237,3.5833976793061,0.0030621548987,0.0378447670194,0.0655331774973,0.0000016812061,15.1439384097487
77240,3.5834709126881,0.0029929148132,0.0378927802230,0.0655216869952,0.0000016812061,15.1439384097487
77264,3.5833674681545,0.0030035696768,0.0378126903493,0.0654961861057,0.0000016812061,15.1439384097487
77309,3.5832826575942,0.0030084343327,0.0377343893729,0.0654691062600,0.0000016812061,15.1439384097487
77323,3.5832767499037,0.0030552683529,0.0376065206625,0.0654434269930,0.0000016812061,15.1439384097487
77341,3.5833693169348,0.0031021023732,0.0374781644844,0.0654189670411,0.0000016812061,15.1439384097487
77368,3.5832620383069,0.0031489363934,0.0373990448099,0.0654092637520,0.0000016475820,15.1439384097487
77396,3.5831960277160,0.0030651353957,0.0374470949658,0.0653895757632,0.0000016475820,15.1439384097487
77400,3.5831675462876,0.0030457263552,0.0373196399296,0.0653353349369,0.0000016475820,15.1439384097487
77470,3.5833161890689,0.0030781371940,0.0372399498434,0.0653228678368,0.0000016475820,15.1439384097487
77519,3.5834601221374,0.0031249712142,0.0371166176209,0.0653009289807,0.0000016475820,15.1439384097487
77657,3.5835021729250,0.0030961413792,0.0371440647669,0.0652989709051,0.0000015823377,15.1439384097487
77674,3.5835688401954,0.0030961413792,0.0371273362189,0.0652939397611,0.0000015823377,15.1439384097487
77675,3.5835679776861,0.0030984883140,0.0371147415437,0.0652904352875,0.0000015823377,15.1439384097487
77772,3.5836166384479,0.0031453223342,0.0369867530151,0.0652654853682,0.0000015506910,15.1439384097487
77816,3.5836610898807,0.0031490906520,0.0369698047978,0.0652616764116,0.0000015196771,15.1439384097487
77832,3.5837130486203,0.0031141620921,0.0368394527244,0.0652008879295,0.0000015196771,15.1439384097487
77848,3.5837130133845,0.0031141620921,0.0367086131832,0.0651541590234,0.0000015196771,15.1439384097487
78002,3.5836469697663,0.0031465729309,0.0366278561125,0.0651382730591,0.0000014892836,15.1439384097487
78036,3.5836729763008,0.0031213571550,0.0365942343917,0.0651158265313,0.0000014594979,15.1439384097487
78045,3.5835522495099,0.0031091431775,0.0365131921152,0.0650799400234,0.0000014594979,15.1439384097487
78088,3.5836859627623,0.0030239207967,0.0366021412509,0.0650770757279,0.0000014594979,15.1439384097487
78164,3.5836512070642,0.0030399030921,0.0365039024705,0.0650483482135,0.0000014303080,15.1439384097487
78195,3.5835819190122,0.0030218989069,0.0364731360525,0.0650286637065,0.0000014303080,15.1439384097487
78201,3.5835571635542,0.0030687329272,0.0363915602837,0.0650192509382,0.0000014017018,15.1439384097487
78220,3.5835329923948,0.0030466519069,0.0363695139789,0.0650015719432,0.0000014017018,15.1439384097487
78241,3.5835283985877,0.0030934859271,0.0362837473471,0.0649909477242,0.0000014017018,15.1439384097487
78264,3.5835548428752,0.0030961579069,0.0361737900998,0.0649531965978,0.0000014017018,15.1439384097487
78279,3.5835863946243,0.0030961579069,0.0361510868096,0.0649455347350,0.0000014017018,15.1439384097487
78339,3.5837610856242,0.0031429919271,0.0360684255965,0.0649385564621,0.0000014017018,15.1439384097487
78341,3.5838263227379,0.0030344379294,0.0361946221132,0.0649380266056,0.0000014017018,15.1439384097487
78382,3.5838291631095,0.0029373266161,0.0363031580157,0.0649352104847,0.0000013736678,15.1439384097487
78386,3.5837712216477,0.0029019352802,0.0362501923521,0.0649003065931,0.0000013736678,15.1439384097487
78389,3.5839493758865,0.0029487693005,0.0361703513618,0.0648943845472,0.0000013736678,15.1439384097487
78401,3.5839557381782,0.0029019352802,0.0361952777633,0.0648833051365,0.0000013736678,15.1439384097487
78417,3.5839574222215,0.0029373266161,0.0360286859667,0.0648389996107,0.0000013461944,15.1439384097487
78430,3.5839195247581,0.0029757149766,0.0359574040387,0.0648294576872,0.0000013461944,15.1439384097487
78431,3.5838713199317,0.0030020270905,0.0358458516628,0.0648002120782,0.0000013461944,15.1439384097487
78457,3.5838902517595,0.0030020270905,0.0358443616633,0.0647999478196,0.0000013461944,15.1439384097487
78490,3.5837946588610,0.0029534796977,0.0358438910488,0.0647776210844,0.0000013461944,15.1439384097487
78504,3.5837233993199,0.0029619253574,0.0357840579194,0.0647588633603,0.0000013461944,15.1439384097487
78521,3.5837088520526,0.0029619253574,0.0357601443915,0.0647501169718,0.0000013461944,15.1439384097487
78547,3.5837080517399,0.0029318614534,0.0357553073137,0.0647354935893,0.0000013192705,15.1439384097487
78550,3.5835665895726,0.0029786954736,0.0356710087044,0.0647234569859,0.0000013192705,15.1439384097487
78561,3.5836014425020,0.0029926393514,0.0355864248892,0.0646997175947,0.0000013192705,15.1439384097487
78610,3.5836754081363,0.0029564601947,0.0356032623487,0.0646912722290,0.0000013192705,15.1439384097487
78618,3.5836775234672,0.0029097804331,0.0356287673858,0.0646804054905,0.0000013192705,15.1439384097487
78630,3.5838541433872,0.0029097804331,0.0355799626884,0.0646654744015,0.0000013192705,15.1439384097487
78632,3.5838364568935,0.0029566144534,0.0354721830797,0.0646468031443,0.0000013192705,15.1439384097487
78641,3.5839795607856,0.0029410949339,0.0353872955991,0.0646118598748,0.0000013192705,15.1439384097487
78702,3.5839695822776,0.0029655394166,0.0353021229128,0.0645917760700,0.0000012928851,15.1439384097487
78746,3.5840403491069,0.0029191681723,0.0353432891550,0.0645876062548,0.0000012670274,15.1439384097487
78771,3.5839581622882,0.0029085133087,0.0353404795278,0.0645808735084,0.0000012670274,15.1439384097487
78806,3.5839107919301,0.0029479814796,0.0352106128012,0.0645507371776,0.0000012670274,15.1439384097487
78813,3.5838473114752,0.0029948154999,0.0351523008660,0.0645490849653,0.0000012670274,15.1439384097487
78840,3.5839584920671,0.0029948154999,0.0351368199535,0.0645451292659,0.0000012670274,15.1439384097487
78865,3.5839482390842,0.0030341294121,0.0350784895587,0.0645410007225,0.0000012670274,15.1439384097487
78893,3.5839424661602,0.0029896423267,0.0350957136581,0.0645280046064,0.0000012416869,15.1439384097487
78907,3.5839802995078,0.0030002971903,0.0350662509701,0.0645225839272,0.0000012416869,15.1439384097487
78912,3.5839678844196,0.0028828347570,0.0351918949777,0.0645169400716,0.0000012416869,15.1439384097487
78924,3.5840970231717,0.0028660646408,0.0351957525351,0.0645129578827,0.0000012416869,15.1439384097487
78961,3.5840061466628,0.0029128986610,0.0351411735452,0.0645122512127,0.0000012416869,15.1439384097487
79166,3.5840097169723,0.0028660646408,0.0351724469244,0.0645033990734,0.0000011925161,15.1439384097487
79260,3.5839504605903,0.0028734139624,0.0351140980700,0.0644848714323,0.0000011686657,15.1439384097487
79653,3.5838540293324,0.0029128986610,0.0350662509701,0.0644833407002,0.0000010779401,15.1439384097487
79802,3.5837630184494,0.0028734139624,0.0351140980700,0.0644822191385,0.0000010352536,15.1439384097487
79879,3.5836841808980,0.0029128986610,0.0350662509701,0.0644809373562,0.0000010352536,15.1439384097487
80822,3.5835879952742,0.0028734139624,0.0351140980700,0.0644797425723,0.0000008631404,15.1439384097487
81139,3.5834926151150,0.0029128986610,0.0350662509701,0.0644782267132,0.0000008123808,15.1439384097487
81998,3.5834619682108,0.0028734139624,0.0351140980700,0.0644779592978,0.0000006911436,15.1439384097487
82933,3.5833706934813,0.0029128986610,0.0350662509701,0.0644765015303,0.0000005762394,15.1439384097487
83351,3.5833111371207,0.0028734139624,0.0351140980700,0.0644758250480,0.0000005315049,15.1439384097487
83664,3.5832236722998,0.0029128986610,0.0350662509701,0.0644744211904,0.0000005002482,15.1439384097487
84413,3.5831954557723,0.0028734139624,0.0351140980700,0.0644741881647,0.0000004342782,15.1439384097487
84758,3.5831526988949,0.0029128986610,0.0350634920067,0.0644724315774,0.0000004087392,15.1439384097487
84868,3.5830800112591,0.0029128986610,0.0350634920067,0.0644714030522,0.0000004005644,15.1439384097487
85331,3.5829502247333,0.0028734139624,0.0351140980700,0.0644707181619,0.0000003694678,15.1439384097487
85396,3.5829096230385,0.0029128986610,0.0350634920067,0.0644689920703,0.0000003620785,15.1439384097487
85704,3.5827990391359,0.0028734139624,0.0351140980700,0.0644685788958,0.0000003407854,15.1439384097487
86097,3.5827596678055,0.0029128986610,0.0350634920067,0.0644668702138,0.0000003143296,15.1439384097487
86547,3.5826288740940,0.0029128986610,0.0350662509701,0.0644660048356,0.0000002899276,15.1439384097487
86650,3.5825917998981,0.0028734139624,0.0351140980700,0.0644656464745,0.0000002841290,15.1439384097487
86802,3.5825002907258,0.0029128986610,0.0350662509701,0.0644641853896,0.0000002784465,15.1439384097487
86844,3.5825458527532,0.0029128986610,0.0350634920067,0.0644638447451,0.0000002784465,15.1439384097487
87359,3.5824143809007,0.0029128986610,0.0350662509701,0.0644629697713,0.0000002516935,15.1439384097487
87606,3.5823745645078,0.0028734139624,0.0351140980700,0.0644625726082,0.0000002368919,15.1439384097487
87734,3.5822877112616,0.0029128986610,0.0350662509701,0.0644611774044,0.0000002275110,15.1439384097487
87970,3.5821939486246,0.0028734139624,0.0351140980700,0.0644600169056,0.0000002185016,15.1439384097487
88290,3.5821009922829,0.0029128986610,0.0350662509701,0.0644585353433,0.0000002056519,15.1439384097487
88357,3.5820523004613,0.0028734139624,0.0351140980700,0.0644580125936,0.0000002056519,15.1439384097487
90152,3.5820133361828,0.0029128986610,0.0350634920067,0.0644563096713,0.0000001458734,15.1439384097487
