0,3.12456,0.555358,0.320124,0.396553,100000.000000
1,3.1246250156313,0.5552407902202,0.3200468466676,0.3964760186146,100000.0000000000000,15.1439384097487
2,3.1246993712408,0.5551231570006,0.3198170814754,0.3963445975073,100000.0000000000000,15.1439384097487
3,3.1247938228332,0.5550055237810,0.3197867211816,0.3962846767920,100000.0000000000000,15.1439384097487
4,3.1247627893569,0.5548878905614,0.3198170945037,0.3962446710484,100000.0000000000000,15.1439384097487
5,3.1248015175515,0.5548410565411,0.3198030071497,0.3962201161289,100000.0000000000000,15.1439384097487
6,3.1248258605169,0.5547234233215,0.3197270037632,0.3961429022767,100000.0000000000000,15.1439384097487
7,3.1247214374328,0.5546765893013,0.3196829043641,0.3961056031887,100000.0000000000000,15.1439384097487
8,3.1247099277294,0.5545589560816,0.3194216956556,0.3959617372657,100000.0000000000000,15.1439384097487
9,3.1246964880611,0.5545121220614,0.3193388060913,0.3959118719565,100000.0000000000000,15.1439384097487
10,3.1248503273929,0.5543944888418,0.3193292822611,0.3958602331679,100000.0000000000000,15.1439384097487
11,3.1249828273331,0.5542768556222,0.3191420468761,0.3957448240158,100000.0000000000000,15.1439384097487
12,3.1249822245789,0.5541592224025,0.3190249950813,0.3956525970375,100000.0000000000000,15.1439384097487
13,3.1250680995970,0.5540415891829,0.3189690134666,0.3955834044924,100000.0000000000000,15.1439384097487
14,3.1250277521580,0.5539239559633,0.3188849538995,0.3955023980679,100000.0000000000000,15.1439384097487
15,3.1251508829703,0.5538063227437,0.3187266633267,0.3953971937762,100000.0000000000000,15.1439384097487
105,3.1263722532653,0.5443521201680,0.3298705716373,0.3953426422340,98000.0000000000000,15.1439384097487
106,3.1264474109971,0.5442344869484,0.3297681964448,0.3952567289052,98000.0000000000000,15.1439384097487
107,3.1265716991321,0.5441168537288,0.3295668499756,0.3951361638837,98000.0000000000000,15.1439384097487
108,3.1266516718681,0.5439992205091,0.3291130805288,0.3949248207389,98000.0000000000000,15.1439384097487
109,3.1267497209306,0.5439523864889,0.3290556317138,0.3948856189697,98000.0000000000000,15.1439384097487
110,3.1268491769487,0.5438347532693,0.3284795808786,0.3946308795875,98000.0000000000000,15.1439384097487
111,3.1268357562254,0.5437879192490,0.3284354710566,0.3945948644544,98000.0000000000000,15.1439384097487
112,3.1267364157603,0.5436702860294,0.3281464690555,0.3944398295561,98000.0000000000000,15.1439384097487
113,3.1268334478360,0.5435526528098,0.3279875933948,0.3943340470091,98000.0000000000000,15.1439384097487
114,3.1267833543092,0.5435058187896,0.3279486867716,0.3942993712435,98000.0000000000000,15.1439384097487
115,3.1267186238890,0.5434589847693,0.3277765079642,0.3942168911582,98000.0000000000000,15.1439384097487
116,3.1266965102846,0.5433413515497,0.3275682225741,0.3940917763759,98000.0000000000000,15.1439384097487
117,3.1267812853784,0.5432237183301,0.3271926605620,0.3939084324108,98000.0000000000000,15.1439384097487
118,3.1268349131929,0.5431060851105,0.3268577160661,0.3937391539695,98000.0000000000000,15.1439384097487
119,3.1268796127630,0.5429884518909,0.3267113543565,0.3936371001893,98000.0000000000000,15.1439384097487
120,3.1269202633887,0.5428708186712,0.3265920795432,0.3935446630084,98000.0000000000000,15.1439384097487
121,3.1269984447286,0.5427531854516,0.3265458849881,0.3934788569767,98000.0000000000000,15.1439384097487
122,3.1270491389497,0.5426355522320,0.3264708819497,0.3934023732601,98000.0000000000000,15.1439384097487
123,3.1270385959303,0.5425179190124,0.3261930605070,0.3932525878963,98000.0000000000000,15.1439384097487
124,3.1270470323919,0.5424710849921,0.3261447861009,0.3932153946894,98000.0000000000000,15.1439384097487
125,3.1270705092851,0.5423534517725,0.3260736952719,0.3931399230671,98000.0000000000000,15.1439384097487
126,3.1271529111635,0.5422358185529,0.3260251712403,0.3930733447999,98000.0000000000000,15.1439384097487
127,3.1271858834358,0.5421181853333,0.3256803137426,0.3929002337264,98000.0000000000000,15.1439384097487
128,3.1271713845103,0.5420005521137,0.3256233985222,0.3928292874661,98000.0000000000000,15.1439384097487
129,3.1272143597445,0.5418829188940,0.3255918392007,0.3927682101396,98000.0000000000000,15.1439384097487
130,3.1272015040084,0.5418360848738,0.3255717396369,0.3927407780932,98000.0000000000000,15.1439384097487
131,3.1272933043530,0.5417184516542,0.3253994036133,0.3926301142450,98000.0000000000000,15.1439384097487
132,3.1273436858252,0.5416008184346,0.3253335737558,0.3925569022391,98000.0000000000000,15.1439384097487
133,3.1273884877887,0.5414831852149,0.3252839361666,0.3924893942365,98000.0000000000000,15.1439384097487
134,3.1273567737505,0.5413655519953,0.3252798541759,0.3924370733942,98000.0000000000000,15.1439384097487
135,3.1273589777062,0.5412479187757,0.3252270049886,0.3923678156333,98000.0000000000000,15.1439384097487
136,3.1273114144586,0.5412010847555,0.3251771279555,0.3923292576674,98000.0000000000000,15.1439384097487
137,3.1273428218823,0.5410834515358,0.3238098948794,0.3917909903162,98000.0000000000000,15.1439384097487
138,3.1273542655469,0.5409658183162,0.3236743630065,0.3916923337660,98000.0000000000000,15.1439384097487
139,3.1272565228924,0.5409189842960,0.3236164567003,0.3916501981674,98000.0000000000000,15.1439384097487
140,3.1273150379839,0.5408013510764,0.3235417985315,0.3915739482833,98000.0000000000000,15.1439384097487
141,3.1272766041031,0.5406837178567,0.3220904113514,0.3910046376452,98000.0000000000000,15.1439384097487
142,3.1273934704640,0.5405660846371,0.3218039259862,0.3908535608575,98000.0000000000000,15.1439384097487
143,3.1273722453093,0.5404484514175,0.3217397607142,0.3907799301175,98000.0000000000000,15.1439384097487
2861,3.1650052838706,0.3571013112027,0.4977049766818,0.3755798092749,37160.1714374609001,15.1439384097487
2862,3.1649703687382,0.3571481452229,0.4971697136874,0.3754082215959,37160.1714374609001,15.1439384097487
2863,3.1652057632503,0.3571481452229,0.4967098572377,0.3752473179661,37160.1714374609001,15.1439384097487
2864,3.1652804508515,0.3571013112027,0.4964594998762,0.3751388897244,37160.1714374609001,15.1439384097487
2865,3.1654870347019,0.3571481452229,0.4963535600801,0.3751240489535,37160.1714374609001,15.1439384097487
2871,3.1654958647521,0.3570305120033,0.4964112122070,0.3750943497065,37160.1714374609001,15.1439384097487
2872,3.1654280659183,0.3569836779831,0.4963671821203,0.3750575936036,37160.1714374609001,15.1439384097487
2874,3.1655240583361,0.3567484115439,0.4966216578872,0.3750490076184,37160.1714374609001,15.1439384097487
2875,3.1655674526441,0.3567484115439,0.4961811993743,0.3748923150332,37160.1714374609001,15.1439384097487
2879,3.1653836797966,0.3565839443040,0.4963855763576,0.3748922204795,37160.1714374609001,15.1439384097487
2881,3.1653714645613,0.3566188728640,0.4960875601519,0.3748005826584,37160.1714374609001,15.1439384097487
2882,3.1653524246147,0.3565720388437,0.4957854306482,0.3746723381273,37160.1714374609001,15.1439384097487
2896,3.1655952314942,0.3561179510365,0.4963206213942,0.3746723043203,35688.6286485374440,15.1439384097487
2897,3.1656958689783,0.3561179510365,0.4962688073563,0.3746552233204,35688.6286485374440,15.1439384097487
2898,3.1656983415197,0.3560003178168,0.4962869659939,0.3746113292974,35688.6286485374440,15.1439384097487
2899,3.1655759517629,0.3559534837966,0.4962093884883,0.3745618195156,35688.6286485374440,15.1439384097487
2900,3.1658188033562,0.3559534837966,0.4958929659349,0.3744522477946,35688.6286485374440,15.1439384097487
2917,3.1654925422192,0.3548131764984,0.4972175361664,0.3744319888905,35688.6286485374440,15.1439384097487
2918,3.1656011649681,0.3548131764984,0.4969812342095,0.3743491323391,35688.6286485374440,15.1439384097487
2919,3.1655942261825,0.3548131764984,0.4966339597634,0.3742250075679,35688.6286485374440,15.1439384097487
2921,3.1656262484670,0.3545779100592,0.4967544837000,0.3741676764702,35688.6286485374440,15.1439384097487
2922,3.1656666171754,0.3545310760390,0.4964788976231,0.3740497523628,35688.6286485374440,15.1439384097487
2924,3.1657247451270,0.3543666087991,0.4965540807290,0.3740069400188,35688.6286485374440,15.1439384097487
3300,3.1746129959490,0.3378349874779,0.4885179563400,0.3641776831818,31614.4997717915685,15.1439384097487
3301,3.1746934332512,0.3378013095147,0.4879399718908,0.3639579649338,31614.4997717915685,15.1439384097487
3303,3.1746407332847,0.3376836762951,0.4874240974979,0.3637225641412,31614.4997717915685,15.1439384097487
3316,3.1746724799675,0.3372471298971,0.4879075485233,0.3637085831218,30982.2097763557358,15.1439384097487
3317,3.1747784062625,0.3371294966775,0.4878614277949,0.3636431960460,30982.2097763557358,15.1439384097487
3319,3.1747705863138,0.3371294966775,0.4876964612580,0.3635841687740,30982.2097763557358,15.1439384097487
3321,3.1748761722865,0.3370826626572,0.4874801571328,0.3634883396122,30982.2097763557358,15.1439384097487
3329,3.1752250900535,0.3368713613971,0.4870332103115,0.3632430952276,30982.2097763557358,15.1439384097487
3352,3.1749120434198,0.3359782259985,0.4864994854420,0.3626652773001,30982.2097763557358,15.1439384097487
3353,3.1749941947795,0.3359313919783,0.4861678975664,0.3625279437721,30982.2097763557358,15.1439384097487
3355,3.1750805473871,0.3357669247384,0.4863305504229,0.3625167700017,30982.2097763557358,15.1439384097487
3356,3.1749809118716,0.3357200907182,0.4861114315977,0.3624170317196,30982.2097763557358,15.1439384097487
3359,3.1749061228977,0.3356024574986,0.4862356526511,0.3624099238856,30982.2097763557358,15.1439384097487
3360,3.1748607646697,0.3356492915188,0.4852700331638,0.3620844896900,30982.2097763557358,15.1439384097487
3362,3.1749321163418,0.3355316582992,0.4852474945602,0.3620270355731,30982.2097763557358,15.1439384097487
3363,3.1748720475253,0.3355316582992,0.4849630431182,0.3619245958027,30982.2097763557358,15.1439384097487
3364,3.1748159933704,0.3355316582992,0.4848173692968,0.3618717762754,30982.2097763557358,15.1439384097487
3367,3.1746932908012,0.3354140250795,0.4843695836195,0.3616597023491,30982.2097763557358,15.1439384097487
3369,3.1748457453578,0.3352998351328,0.4841794899024,0.3615450304090,30982.2097763557358,15.1439384097487
3374,3.1748123972785,0.3353203570391,0.4841071034403,0.3615275013307,30982.2097763557358,15.1439384097487
3375,3.1748281866043,0.3352735230188,0.4836535074652,0.3613456544631,30982.2097763557358,15.1439384097487
3376,3.1748713320512,0.3352735230188,0.4835797741257,0.3613199316328,30982.2097763557358,15.1439384097487
3377,3.1749191368956,0.3351601208929,0.4833509325737,0.3611902780313,30982.2097763557358,15.1439384097487
3378,3.1748456019420,0.3351601208929,0.4832466672595,0.3611519999044,30982.2097763557358,15.1439384097487
3379,3.1750673613024,0.3351267679746,0.4830279582209,0.3610627333057,30982.2097763557358,15.1439384097487
3380,3.1749000425940,0.3351736019949,0.3992639578291,0.3311647230545,30982.2097763557358,15.1439384097487
4623,3.1992959453126,0.2911335029502,0.3879008463273,0.3085773411744,19467.5873080399906,15.1439384097487
4624,3.1993236853114,0.2911335029502,0.3878328660828,0.3085534550348,19467.5873080399906,15.1439384097487
4625,3.1993169175483,0.2910866689300,0.3877942957027,0.3085195124127,19467.5873080399906,15.1439384097487
4633,3.1994206239961,0.2906401012307,0.3883150332643,0.3085155713957,19467.5873080399906,15.1439384097487
4634,3.1994421981898,0.2905932672104,0.3883035623599,0.3084917081946,19467.5873080399906,15.1439384097487
4637,3.1995684666365,0.2906305427052,0.3881287240220,0.3084470278331,19467.5873080399906,15.1439384097487
4638,3.1995595016347,0.2906305427052,0.3879025537041,0.3083661258654,19467.5873080399906,15.1439384097487
4639,3.1994768351632,0.2906938217966,0.3877103991089,0.3083234491098,19467.5873080399906,15.1439384097487
4640,3.1993677518205,0.2906305427052,0.3872143771955,0.3081176352939,19467.5873080399906,15.1439384097487
4648,3.1997984019719,0.2901752043012,0.3875453640325,0.3080467935190,19467.5873080399906,15.1439384097487
4649,3.1999065991226,0.2901283702810,0.3875936103730,0.3080454836144,19467.5873080399906,15.1439384097487
4653,3.1998432609602,0.2900232760838,0.3876997422780,0.3080374512652,19467.5873080399906,15.1439384097487
4659,3.2000255130311,0.2894515550570,0.3883158223065,0.3080150354042,19467.5873080399906,15.1439384097487
4660,3.2000561266280,0.2894647111139,0.3879784787098,0.3079006270387,19467.5873080399906,15.1439384097487
4676,3.2010811058087,0.2894092606477,0.3877128884085,0.3077965122609,19078.2355618791917,15.1439384097487
4677,3.2010265831115,0.2893624266274,0.3876719551092,0.3077610500099,19078.2355618791917,15.1439384097487
4678,3.2010041961844,0.2892447934078,0.3877823511077,0.3077497461418,19078.2355618791917,15.1439384097487
4680,3.2009020652158,0.2890095269686,0.3880485130347,0.3077425303525,19078.2355618791917,15.1439384097487
4682,3.2008672982339,0.2889626929483,0.3879389057909,0.3076828212349,19078.2355618791917,15.1439384097487
4683,3.2008749158825,0.2889626929483,0.3862843248464,0.3070920072582,19078.2355618791917,15.1439384097487
4685,3.2009429528840,0.2887982257085,0.3863439736966,0.3070437871781,19078.2355618791917,15.1439384097487
4687,3.2009633424677,0.2886893631935,0.3857766239397,0.3067947954126,19078.2355618791917,15.1439384097487
4689,3.2009613613614,0.2886425291733,0.3857213018435,0.3067549377656,19078.2355618791917,15.1439384097487
4690,3.2009756730022,0.2885956951530,0.3855818679257,0.3066852707236,19078.2355618791917,15.1439384097487
4698,3.2011528322047,0.2885956951530,0.3854897389488,0.3066548743084,19078.2355618791917,15.1439384097487
4699,3.2011427011134,0.2887045576680,0.3847404805763,0.3064337940418,19078.2355618791917,15.1439384097487
4700,3.2011752331690,0.2885869244484,0.3846753803426,0.3063605900478,19078.2355618791917,15.1439384097487
4701,3.2011575273115,0.2884692912288,0.3847776200619,0.3063464394596,19078.2355618791917,15.1439384097487
4709,3.2013720080186,0.2882340247895,0.3122538025982,0.2803472824934,19078.2355618791917,15.1439384097487
4710,3.2014272617056,0.2882340247895,0.3122249590586,0.2803377630652,19078.2355618791917,15.1439384097487
4711,3.2016155908717,0.2881871907693,0.3120619059743,0.2802621229429,19078.2355618791917,15.1439384097487
4713,3.2015590691729,0.2881694951014,0.3118948914081,0.2801940912477,19078.2355618791917,15.1439384097487
4714,3.2017276101026,0.2881694951014,0.3117794919453,0.2801552619967,19078.2355618791917,15.1439384097487
4715,3.2017863513616,0.2881694951014,0.3117214769260,0.2801353735318,19078.2355618791917,15.1439384097487
4716,3.2017468629359,0.2882163291216,0.3109101980595,0.2798651440439,19078.2355618791917,15.1439384097487
4717,3.2017251305712,0.2882163291216,0.3108556342111,0.2798453494436,19078.2355618791917,15.1439384097487
4719,3.2015880314029,0.2882163291216,0.3106652300276,0.2797754080055,19078.2355618791917,15.1439384097487
4720,3.2017413447288,0.2881694951014,0.3103876960597,0.2796583863815,19078.2355618791917,15.1439384097487
4725,3.2019835239365,0.2879581938413,0.3106135799839,0.2796519283483,19078.2355618791917,15.1439384097487
4726,3.2021902991960,0.2879581938413,0.3104112030434,0.2795825767256,19078.2355618791917,15.1439384097487
4760,3.2033820071880,0.2871447826053,0.3112788437533,0.2795607061806,19078.2355618791917,15.1439384097487
4761,3.2033691921707,0.2871447826053,0.3109809545484,0.2794541358472,18322.7374336287758,15.1439384097487
4764,3.2035736283218,0.2871447826053,0.3103403341279,0.2792282355977,18322.7374336287758,15.1439384097487
4765,3.2036451369882,0.2871447826053,0.3103124895802,0.2792193029592,18322.7374336287758,15.1439384097487
4767,3.2036214840928,0.2870979485851,0.3100054008911,0.2790892220176,18322.7374336287758,15.1439384097487
4775,3.2039054789888,0.2869308258932,0.3101744776211,0.2790820010619,18322.7374336287758,15.1439384097487
4776,3.2038664740396,0.2869093619074,0.3099890090327,0.2790060115119,18322.7374336287758,15.1439384097487
4777,3.2039430282311,0.2868625278872,0.3096697668365,0.2788730079556,18322.7374336287758,15.1439384097487
4778,3.2040966258018,0.2867448946676,0.3097714939347,0.2788610982204,18322.7374336287758,15.1439384097487
4779,3.2040693505930,0.2867221800851,0.3096946079121,0.2788235181632,18322.7374336287758,15.1439384097487
4780,3.2040957963560,0.2867221800851,0.3094681180524,0.2787430031334,18322.7374336287758,15.1439384097487
4800,3.2044943393244,0.2862438185815,0.3099703154416,0.2787229866271,18322.7374336287758,15.1439384097487
4804,3.2044072048128,0.2862192363678,0.3099714857091,0.2787116363979,18322.7374336287758,15.1439384097487
4805,3.2045294519193,0.2861724023476,0.3096510542560,0.2785788546586,18322.7374336287758,15.1439384097487
4808,3.2047154120244,0.2861724023476,0.3092983400920,0.2784555166374,18322.7374336287758,15.1439384097487
4809,3.2046709844021,0.2860547691279,0.3092789443606,0.2783975467056,18322.7374336287758,15.1439384097487
4810,3.2046921294388,0.2859371359083,0.3093062373350,0.2783571791603,18322.7374336287758,15.1439384097487
4821,3.2047594125395,0.2858868586152,0.3091491087875,0.2782804664620,18322.7374336287758,15.1439384097487
4823,3.2048288301507,0.2857400870433,0.3093180387602,0.2782788787473,18322.7374336287758,15.1439384097487
4825,3.2048918847881,0.2855756198034,0.3094499303345,0.2782563891400,18322.7374336287758,15.1439384097487
4826,3.2048851574566,0.2855287857832,0.3093675718957,0.2782068084976,18322.7374336287758,15.1439384097487
4827,3.2048372866509,0.2855287857832,0.3092588957842,0.2781673182319,18322.7374336287758,15.1439384097487
4832,3.2050934167195,0.2853643185434,0.3093668266621,0.2781390032374,18322.7374336287758,15.1439384097487
4833,3.2051210156637,0.2853685496371,0.3089977403761,0.2780093905558,18322.7374336287758,15.1439384097487
4834,3.2050480445224,0.2852509164174,0.3090706394719,0.2779839791734,18322.7374336287758,15.1439384097487
4840,3.2051795988060,0.2849688159580,0.3093324816371,0.2779584555198,18322.7374336287758,15.1439384097487
4841,3.2051927736217,0.2850864491776,0.3091008481946,0.2779263299501,18322.7374336287758,15.1439384097487
4847,3.2052309029989,0.2847728634310,0.3094711196139,0.2779247153794,17956.2826849562007,15.1439384097487
4849,3.2051745210599,0.2847037776042,0.3093829265229,0.2778628118348,17956.2826849562007,15.1439384097487
4850,3.2050993872891,0.2847037776042,0.3093017531704,0.2778327582139,17956.2826849562007,15.1439384097487
4855,3.2053742048655,0.2843040439251,0.3096573839959,0.2777923434394,17956.2826849562007,15.1439384097487
4856,3.2054792051460,0.2841864107055,0.3097555446550,0.2777784723276,17956.2826849562007,15.1439384097487
4857,3.2054536153453,0.2841395766852,0.3095950410104,0.2777007157805,17956.2826849562007,15.1439384097487
4869,3.2059747289540,0.2836222097865,0.2481561010596,0.2555438822784,17956.2826849562007,15.1439384097487
4870,3.2059380570149,0.2835753757663,0.2479740030046,0.2554582566303,17956.2826849562007,15.1439384097487
4871,3.2058040203647,0.2835717782348,0.2477692872347,0.2553817054465,17956.2826849562007,15.1439384097487
4872,3.2058595957630,0.2835476587970,0.2477333712503,0.2553593277955,17956.2826849562007,15.1439384097487
4873,3.2058395498563,0.2835222887625,0.2477557569198,0.2553561661573,17956.2826849562007,15.1439384097487
4879,3.2057825425185,0.2833604769747,0.2477202174291,0.2552733189230,17956.2826849562007,15.1439384097487
4881,3.2057050375432,0.2832428437551,0.2478446255880,0.2552662394811,17956.2826849562007,15.1439384097487
4882,3.2057487718037,0.2831960097349,0.2476273241038,0.2551691789221,17956.2826849562007,15.1439384097487
4883,3.2057834734228,0.2831491757146,0.2476368135873,0.2551529873260,17956.2826849562007,15.1439384097487
4914,3.2055312618091,0.2819460521009,0.2489731610610,0.2551110610975,17956.2826849562007,15.1439384097487
4916,3.2054677066098,0.2818523840604,0.2487128237167,0.2549770407268,17956.2826849562007,15.1439384097487
4917,3.2055069305979,0.2817905098243,0.2487183420057,0.2549530490314,17956.2826849562007,15.1439384097487
4918,3.2055375491095,0.2816728766047,0.2486497736979,0.2548785793629,17956.2826849562007,15.1439384097487
4919,3.2056183122705,0.2816816473093,0.2478247608975,0.2545888336010,17956.2826849562007,15.1439384097487
4921,3.2055491215823,0.2817284813296,0.2474954181101,0.2544903038563,17956.2826849562007,15.1439384097487
4922,3.2055318517079,0.2817284813296,0.2472668344729,0.2544084224754,17956.2826849562007,15.1439384097487
4923,3.2053619907479,0.2817284813296,0.2471436496791,0.2543620243850,17956.2826849562007,15.1439384097487
4925,3.2054878128630,0.2816108481100,0.2472530826990,0.2543524737439,17956.2826849562007,15.1439384097487
4926,3.2056723647753,0.2816108481100,0.2467249143921,0.2541664536029,17956.2826849562007,15.1439384097487
4927,3.2056811435224,0.2814932148903,0.2460811041686,0.2538862313619,17956.2826849562007,15.1439384097487
4931,3.2056381169711,0.2814257047052,0.2460326274533,0.2538393764900,17245.2138906319342,15.1439384097487
4932,3.2056864191425,0.2814498241430,0.2459227891001,0.2538111688811,17245.2138906319342,15.1439384097487
4933,3.2057158113043,0.2814966581632,0.2458044273909,0.2537893844622,17245.2138906319342,15.1439384097487
4941,3.2061324434471,0.2812613917240,0.2460024190036,0.2537651625954,17245.2138906319342,15.1439384097487
4946,3.2063209940604,0.2811677236835,0.2460752174329,0.2537536865671,17245.2138906319342,15.1439384097487
4948,3.2065478343330,0.2810740556430,0.2459340706160,0.2536663433184,17245.2138906319342,15.1439384097487
4950,3.2066088399405,0.2811208896633,0.2452004529347,0.2534252719518,17245.2138906319342,15.1439384097487
4953,3.2069693978193,0.2810090631790,0.2450561537868,0.2533309127756,17245.2138906319342,15.1439384097487
4954,3.2070424024031,0.2809622291588,0.2449491660845,0.2532736641689,17245.2138906319342,15.1439384097487
4956,3.2072132183033,0.2809622291588,0.2446588068423,0.2531723814731,17245.2138906319342,15.1439384097487
4971,3.2073478060144,0.2804094543965,0.2450968495460,0.2530938262334,17245.2138906319342,15.1439384097487
4976,3.2076646916902,0.2800318182654,0.2453284217274,0.2530191704388,17245.2138906319342,15.1439384097487
4977,3.2076177007258,0.2800318182654,0.2452616812003,0.2529946696173,17245.2138906319342,15.1439384097487
4979,3.2076067881449,0.2800318182654,0.2450726631224,0.2529270087486,17245.2138906319342,15.1439384097487
4989,3.2080639774694,0.2797218465780,0.2450874786196,0.2528059241871,17245.2138906319342,15.1439384097487
5001,3.2080575860148,0.2795033337272,0.2451836281418,0.2527465244989,17245.2138906319342,15.1439384097487
5002,3.2080184686026,0.2794564997070,0.2451124496417,0.2527004783743,17245.2138906319342,15.1439384097487
5003,3.2080250906340,0.2794564997070,0.2451055392842,0.2526981040907,17245.2138906319342,15.1439384097487
5030,3.2080663535903,0.2791314878037,0.2452978511795,0.2526280799628,16900.3096128192956,15.1439384097487
5031,3.2081691548987,0.2791314878037,0.2450335969661,0.2525351580897,16900.3096128192956,15.1439384097487
5032,3.2082241289100,0.2790138545841,0.2450190863028,0.2524803393515,16900.3096128192956,15.1439384097487
5033,3.2081598769826,0.2788962213645,0.2451509235245,0.2524761006761,16900.3096128192956,15.1439384097487
5034,3.2082121997708,0.2788493873442,0.2450354571986,0.2524155313436,16900.3096128192956,15.1439384097487
5035,3.2082212102783,0.2787317541246,0.2451532627456,0.2524073180143,16900.3096128192956,15.1439384097487
5048,3.2092343026057,0.2782961498061,0.2451231592457,0.2522242143879,16900.3096128192956,15.1439384097487
5049,3.2092439407197,0.2782493157859,0.2451316783820,0.2522073215923,16900.3096128192956,15.1439384097487
5050,3.2093140219765,0.2782024817656,0.2448340848754,0.2520819581192,16900.3096128192956,15.1439384097487
5053,3.2093684262513,0.2780848485460,0.2448586438194,0.2520410847505,16900.3096128192956,15.1439384097487
5054,3.2093305810065,0.2779672153264,0.2447206921913,0.2519408665672,16900.3096128192956,15.1439384097487
5055,3.2091740417566,0.2779672153264,0.2446705399818,0.2519207400439,16900.3096128192956,15.1439384097487
5056,3.2091227049871,0.2779672153264,0.2445419389895,0.2518740847062,16900.3096128192956,15.1439384097487
5069,3.2098914013787,0.2777483939584,0.2447635235360,0.2518703184604,16900.3096128192956,15.1439384097487
5077,3.2101734770031,0.2775725005618,0.2448586468374,0.2518328995350,16900.3096128192956,15.1439384097487
5079,3.2102251245450,0.2775778114659,0.2445357767773,0.2517205957103,16900.3096128192956,15.1439384097487
5080,3.2101287060491,0.2775309774457,0.2444685806103,0.2516751610410,16900.3096128192956,15.1439384097487
5081,3.2101512795574,0.2774133442260,0.2444059405903,0.2516026947819,16900.3096128192956,15.1439384097487
5470,3.2188364119255,0.2643176850153,0.2404931024412,0.2447157212512,14378.1584887701465,15.1439384097487
14349,3.3836762738289,0.0820309571496,0.4521066882727,0.2445015915406,615.1359011998615,15.1439384097487
14350,3.3837211414194,0.0820777911699,0.4514038043984,0.2442712681819,615.1359011998615,15.1439384097487
14353,3.3839119966272,0.0820812344427,0.4512483303959,0.2442199180292,615.1359011998615,15.1439384097487
14354,3.3839754528716,0.0820344004225,0.4510806105560,0.2441408442650,615.1359011998615,15.1439384097487
14357,3.3841540257492,0.0819224031519,0.3685513504554,0.2146206364788,615.1359011998615,15.1439384097487
14359,3.3840753765805,0.0818755691317,0.3685282909242,0.2145912163285,615.1359011998615,15.1439384097487
14362,3.3840743921587,0.0816166460305,0.3688276462602,0.2145871479757,615.1359011998615,15.1439384097487
14366,3.3840466760141,0.0815828138087,0.3683155878089,0.2143893782521,602.8331831758642,15.1439384097487
14367,3.3841106269085,0.0814651805890,0.3683283619466,0.2143444311080,602.8331831758642,15.1439384097487
14368,3.3840874486639,0.0815120146093,0.3682646886003,0.2143414343796,602.8331831758642,15.1439384097487
14373,3.3841123690678,0.0812159702720,0.3681616284706,0.2141781036679,602.8331831758642,15.1439384097487
14374,3.3840679912207,0.0812159702720,0.3681265549264,0.2141649494585,602.8331831758642,15.1439384097487
14375,3.3839037867294,0.0813336034916,0.3675476607844,0.2140062923051,602.8331831758642,15.1439384097487
14378,3.3839276650838,0.0811317064984,0.3677204834767,0.2139818252895,602.8331831758642,15.1439384097487
14381,3.3840822619411,0.0809418692240,0.3673367140668,0.2137655934893,602.8331831758642,15.1439384097487
14384,3.3841201110983,0.0809418692240,0.3673250402797,0.2137619598427,602.8331831758642,15.1439384097487
14394,3.3842268907241,0.0808126390614,0.3672974183554,0.2136982214388,602.8331831758642,15.1439384097487
14396,3.3841174644019,0.0808126390614,0.3672568949217,0.2136822004088,602.8331831758642,15.1439384097487
14397,3.3840627022969,0.0808076366746,0.3665846898140,0.2134392083959,602.8331831758642,15.1439384097487
15564,3.4002678230099,0.0668590650015,0.3662846892361,0.2075834074167,394.4071139521718,15.1439384097487
15606,3.4006381226537,0.0666073700187,0.3665643112208,0.2075806428480,394.4071139521718,15.1439384097487
15607,3.4006868679208,0.0666073700187,0.3665486267277,0.2075757309856,394.4071139521718,15.1439384097487
15629,3.4010052674465,0.0668200596064,0.3662064573517,0.2075491856495,394.4071139521718,15.1439384097487
15630,3.4009428123993,0.0668200596064,0.3659110071505,0.2074427839857,394.4071139521718,15.1439384097487
15646,3.4011373342035,0.0665661554198,0.3661633546951,0.2074268444993,378.7885922396657,15.1439384097487
15647,3.4010933840869,0.0665315353771,0.3660358688451,0.2073658547862,378.7885922396657,15.1439384097487
15649,3.4009686904784,0.0663971320413,0.3661265697047,0.2073388821145,378.7885922396657,15.1439384097487
15650,3.4010333921195,0.0663502980211,0.3661493039195,0.2073278452779,378.7885922396657,15.1439384097487
15658,3.4009317791215,0.0661465168689,0.3662815898679,0.2072863176628,378.7885922396657,15.1439384097487
15667,3.4009307552744,0.0662387635263,0.3660813578270,0.2072543260141,378.7885922396657,15.1439384097487
15670,3.4011301293732,0.0661851972190,0.3661347387022,0.2072532547536,378.7885922396657,15.1439384097487
15671,3.4012384532282,0.0661383631988,0.3661777651884,0.2072500824082,378.7885922396657,15.1439384097487
15672,3.4012162124708,0.0661383631988,0.3658820342410,0.2071441495074,378.7885922396657,15.1439384097487
15673,3.4012045793147,0.0661615405571,0.3658383657468,0.2071383221619,378.7885922396657,15.1439384097487
15723,3.4025039593423,0.0656954095586,0.3663160410442,0.2071275361948,378.7885922396657,15.1439384097487
15724,3.4026285141051,0.0657422435789,0.3660898137577,0.2070685748999,378.7885922396657,15.1439384097487
15726,3.4026014646219,0.0657422435789,0.3660814584995,0.2070652081307,371.2128203948724,15.1439384097487
15728,3.4024647481152,0.0657422435789,0.3659947777744,0.2070323161995,371.2128203948724,15.1439384097487
15729,3.4023149932656,0.0658598767985,0.3653372900462,0.2068457943696,371.2128203948724,15.1439384097487
15730,3.4023540574756,0.0658404677580,0.3653512293855,0.2068430073008,371.2128203948724,15.1439384097487
15732,3.4026530805695,0.0657936337378,0.3653359871454,0.2068217230774,371.2128203948724,15.1439384097487
15733,3.4026540812335,0.0658066355361,0.3648380095362,0.2066494602899,371.2128203948724,15.1439384097487
17070,3.4180052849073,0.0513944340579,0.3649884594185,0.2007437531182,233.2505667951414,15.1439384097487
17079,3.4179091448832,0.0513175361337,0.3650330847203,0.2007253740978,233.2505667951414,15.1439384097487
17081,3.4177536988844,0.0513159770197,0.3649731831473,0.2007011129367,233.2505667951414,15.1439384097487
17082,3.4178489064513,0.0513125337468,0.3649452369423,0.2006910036416,233.2505667951414,15.1439384097487
17083,3.4178464725203,0.0513125337468,0.3644175423585,0.2005025068503,233.2505667951414,15.1439384097487
17087,3.4177735548383,0.0512547363458,0.3642834867381,0.2004288277479,228.5855554592386,15.1439384097487
17088,3.4177836480743,0.0513015703660,0.3641753195092,0.2004104111363,228.5855554592386,15.1439384097487
17206,3.4189244393665,0.0501648605993,0.3642122278689,0.1999525734852,219.5335674630527,15.1439384097487
17227,3.4192554997501,0.0500288981496,0.3642745342274,0.1999212406170,219.5335674630527,15.1439384097487
17229,3.4192385650041,0.0500288981496,0.3642292489800,0.1999048276888,219.5335674630527,15.1439384097487
17230,3.4194154056294,0.0500288981496,0.3641116712064,0.1998653379098,219.5335674630527,15.1439384097487
17231,3.4193115205644,0.0499455764554,0.3641260799685,0.1998333046321,219.5335674630527,15.1439384097487
17232,3.4193245916888,0.0499924104757,0.3640641724588,0.1998314514857,219.5335674630527,15.1439384097487
17234,3.4193313885958,0.0499455764554,0.3636749386991,0.1996724638815,219.5335674630527,15.1439384097487
17235,3.4193779680629,0.0499524630012,0.3636540909957,0.1996686287462,219.5335674630527,15.1439384097487
17238,3.4193471421955,0.0499270929667,0.3636735875821,0.1996642827569,219.5335674630527,15.1439384097487
17241,3.4193420377008,0.0499202064210,0.3635420484371,0.1996142808858,219.5335674630527,15.1439384097487
17267,3.4193262481116,0.0495955030350,0.3639031580481,0.1996038665884,215.1428961137917,15.1439384097487
17269,3.4192342830219,0.0495486690147,0.3637763830822,0.1995372167920,215.1428961137917,15.1439384097487
17282,3.4192968725436,0.0493315610193,0.3639731369632,0.1995153253890,215.1428961137917,15.1439384097487
17291,3.4194358568324,0.0493783950395,0.3638545870177,0.1994950244641,215.1428961137917,15.1439384097487
17299,3.4192656359679,0.0494615790027,0.3636328632342,0.1994490790547,215.1428961137917,15.1439384097487
18073,3.4257747896775,0.0437470076581,0.3635766893500,0.1970720190374,162.1407099217311,15.1439384097487
18094,3.4256678458046,0.0438095154565,0.3632729083128,0.1969888016177,162.1407099217311,15.1439384097487
18096,3.4257326204051,0.0438336348943,0.3630685459521,0.1969270685184,162.1407099217311,15.1439384097487
18097,3.4257724098613,0.0438336348943,0.3630332530811,0.1969150269398,162.1407099217311,15.1439384097487
18100,3.4259965257384,0.0437664332264,0.2899836810088,0.1708002645667,162.1407099217311,15.1439384097487
18102,3.4260444356138,0.0438132672466,0.2898928626526,0.1707885790839,162.1407099217311,15.1439384097487
18103,3.4262146635137,0.0438041880247,0.2892778959687,0.1705674657437,162.1407099217311,15.1439384097487
18104,3.4261504918592,0.0438192117129,0.2890057133707,0.1704757883719,162.1407099217311,15.1439384097487
18109,3.4262911524509,0.0437255436724,0.2890305620208,0.1704465097818,158.8978957232964,15.1439384097487
18110,3.4263041514296,0.0437521808313,0.2889635409277,0.1704341735370,158.8978957232964,15.1439384097487
18148,3.4262144101854,0.0439545406004,0.2884031718909,0.1703194975209,158.8978957232964,15.1439384097487
18149,3.4263081654482,0.0439908905434,0.2883506408286,0.1703176416049,158.8978957232964,15.1439384097487
18151,3.4263443149735,0.0439440565232,0.2883325100147,0.1702916061047,158.8978957232964,15.1439384097487
18327,3.4289161062808,0.0424586451359,0.2898524915321,0.1702342424411,149.5534282716008,15.1439384097487
18329,3.4289501478518,0.0424570860220,0.2898402387787,0.1702296799520,149.5534282716008,15.1439384097487
18331,3.4289424479522,0.0425747192416,0.2892307578682,0.1700623134821,149.5534282716008,15.1439384097487
18365,3.4287239114354,0.0421839270535,0.2291711776726,0.1484418887689,143.6311125120454,15.1439384097487
18371,3.4288196941569,0.0421926977581,0.2291249313647,0.1484304864229,143.6311125120454,15.1439384097487
18373,3.4288470620041,0.0422163544200,0.2289929011661,0.1483938586031,143.6311125120454,15.1439384097487
18374,3.4288673341059,0.0422163544200,0.2289576824782,0.1483815673492,143.6311125120454,15.1439384097487
18411,3.4299792809657,0.0417802707979,0.2287256751204,0.1481275485712,143.6311125120454,15.1439384097487
18412,3.4299262373853,0.0417755934561,0.2285888458520,0.1480759258372,143.6311125120454,15.1439384097487
18415,3.4298123829282,0.0416579602364,0.2286181894770,0.1480343804333,143.6311125120454,15.1439384097487
18417,3.4300274044993,0.0416579602364,0.2284491804935,0.1479770626229,143.6311125120454,15.1439384097487
18419,3.4300595502245,0.0415403270168,0.2285100019737,0.1479488252030,143.6311125120454,15.1439384097487
18420,3.4299871591919,0.0415403270168,0.2284887535804,0.1479402121628,143.6311125120454,15.1439384097487
18422,3.4300000927754,0.0415160533204,0.2285063951981,0.1479362927372,143.6311125120454,15.1439384097487
18423,3.4300627478786,0.0414692193002,0.2282110836282,0.1478116391619,143.6311125120454,15.1439384097487
18425,3.4301268095970,0.0414223852800,0.2280770149679,0.1477445922436,143.6311125120454,15.1439384097487
18433,3.4303848391262,0.0414923801308,0.2278226218863,0.1476873864654,143.6311125120454,15.1439384097487
18437,3.4306091967486,0.0414364668887,0.2278266304911,0.1476680299372,143.6311125120454,15.1439384097487
18467,3.4312233024111,0.0409474670491,0.2270893448502,0.1472038318311,140.7584902618045,15.1439384097487
18469,3.4313868888319,0.0409474670491,0.2265648000488,0.1470188091389,140.7584902618045,15.1439384097487
18484,3.4320259665554,0.0406529983535,0.2267396785511,0.1469641077843,140.7584902618045,15.1439384097487
18494,3.4321335066997,0.0406092990889,0.2267400773869,0.1469470436553,140.7584902618045,15.1439384097487
18495,3.4322591382511,0.0406042967021,0.2266998784286,0.1469323206824,140.7584902618045,15.1439384097487
18496,3.4320952278636,0.0406511307223,0.2265378482252,0.1468922051546,140.7584902618045,15.1439384097487
18497,3.4321485604945,0.0406042967021,0.2263341161015,0.1468001266120,140.7584902618045,15.1439384097487
18499,3.4324154641205,0.0406165272073,0.2262278644481,0.1467711979065,140.7584902618045,15.1439384097487
18509,3.4326297357628,0.0404025539675,0.1764265555857,0.1288963452822,140.7584902618045,15.1439384097487
18510,3.4326263977043,0.0404493879877,0.1761729157281,0.1288257841084,140.7584902618045,15.1439384097487
18512,3.4326246067255,0.0404025539675,0.1760471834580,0.1287607826611,140.7584902618045,15.1439384097487
18513,3.4327590494893,0.0404493879877,0.1755690981498,0.1286120119872,140.7584902618045,15.1439384097487
18514,3.4327857990663,0.0404447106459,0.1753875451620,0.1285455455641,140.7584902618045,15.1439384097487
18515,3.4327983871961,0.0403978766256,0.1748716707691,0.1283414111077,140.7584902618045,15.1439384097487
18516,3.4328311010446,0.0403978766256,0.1744518347414,0.1281919325680,140.7584902618045,15.1439384097487
18554,3.4329619691585,0.0400537146160,0.1740362331089,0.1278978571844,135.1844540474370,15.1439384097487
26926,3.4947443914682,0.0087330104509,0.1612185488961,0.1107711710329,6.9368112611075,15.1439384097487
26927,3.4947013942319,0.0087798444712,0.1610049726751,0.1107143571260,6.9368112611075,15.1439384097487
26929,3.4947520720435,0.0087583804854,0.1609780928387,0.1106962754211,6.9368112611075,15.1439384097487
26930,3.4948208444636,0.0088036553917,0.1606604818623,0.1106032195859,6.9368112611075,15.1439384097487
26931,3.4948699722136,0.0088504894119,0.1605709682845,0.1105920173283,6.9368112611075,15.1439384097487
26936,3.4950618514453,0.0087707652493,0.1606260613437,0.1105802410009,6.9368112611075,15.1439384097487
26940,3.4947962282584,0.0087854969479,0.1190005330512,0.0957165359312,6.9368112611075,15.1439384097487
26941,3.4947272648682,0.0087854969479,0.1187883575751,0.0956397831481,6.9368112611075,15.1439384097487
26946,3.4949351204758,0.0087839543617,0.1185201612582,0.0955462787838,6.7980750358854,15.1439384097487
26947,3.4949133890627,0.0087855134756,0.1184149881146,0.0955090776404,6.7980750358854,15.1439384097487
26949,3.4950381408998,0.0087839543617,0.0871885110804,0.0843578614523,6.7980750358854,15.1439384097487
26950,3.4950822765918,0.0087792604921,0.0871044237976,0.0843264431386,6.7980750358854,15.1439384097487
26951,3.4951093094904,0.0087653166143,0.0868154892403,0.0842176587914,6.7980750358854,15.1439384097487
26952,3.4950639251588,0.0087557580888,0.0867753777419,0.0841985945601,6.7980750358854,15.1439384097487
26953,3.4952001654155,0.0087573172028,0.0866586047024,0.0841594858853,6.7980750358854,15.1439384097487
37884,3.5330615412245,0.0037955499825,0.0880741418430,0.0830742991303,0.1405375851785,15.1439384097487
37885,3.5331957752207,0.0037577951841,0.0880745121081,0.0830601501420,0.1405375851785,15.1439384097487
37888,3.5333148692117,0.0037382318850,0.0880925114367,0.0830598793746,0.1405375851785,15.1439384097487
37889,3.5334564874917,0.0037267892006,0.0880696248121,0.0830488054617,0.1405375851785,15.1439384097487
37890,3.5332943545498,0.0036904392576,0.0880864333193,0.0830369357827,0.1405375851785,15.1439384097487
37891,3.5334198126605,0.0036436052374,0.0881244169674,0.0830322048722,0.1405375851785,15.1439384097487
37892,3.5335027255681,0.0037278690110,0.0879933330115,0.0830226754316,0.1405375851785,15.1439384097487
37893,3.5335689688366,0.0036810349907,0.0879812042843,0.0829992093582,0.1405375851785,15.1439384097487
37896,3.5336003981872,0.0037278690110,0.0875881067798,0.0828793338385,0.1405375851785,15.1439384097487
37897,3.5336084056477,0.0037278690110,0.0867864458371,0.0825931396640,0.1405375851785,15.1439384097487
37898,3.5334986211744,0.0036110236122,0.0867295823311,0.0825212012265,0.1405375851785,15.1439384097487
37899,3.5335784494425,0.0036110236122,0.0864780462161,0.0824324964644,0.1405375851785,15.1439384097487
37906,3.5339463429954,0.0035164134923,0.0863952972136,0.0823676017241,0.1405375851785,15.1439384097487
37907,3.5340030937190,0.0035118738813,0.0848949637468,0.0818306258145,0.1405375851785,15.1439384097487
37910,3.5342206134319,0.0035709218791,0.0847392149105,0.0818033854042,0.1405375851785,15.1439384097487
37911,3.5342239162641,0.0036398369195,0.0832658182602,0.0813067540670,0.1377268334750,15.1439384097487
37912,3.5343214234559,0.0036816685530,0.0831928778583,0.0813000114866,0.1377268334750,15.1439384097487
37914,3.5340940590327,0.0035839071497,0.0832804192517,0.0812861613344,0.1377268334750,15.1439384097487
37915,3.5341810626584,0.0035839071497,0.0832177984857,0.0812650278705,0.1349722968055,15.1439384097487
37916,3.5343636324466,0.0035370731295,0.0829593791984,0.0811552468953,0.1349722968055,15.1439384097487
38874,3.5413914395998,0.0031121071468,0.0831016304468,0.0811233656348,0.0976926407709,15.1439384097487
38875,3.5413238663391,0.0031103937742,0.0831023971850,0.0811219490103,0.0976926407709,15.1439384097487
38877,3.5413135367229,0.0031620759227,0.0828334678718,0.0810479061558,0.0976926407709,15.1439384097487
38878,3.5411663733548,0.0031860411018,0.0620403484286,0.0736299805082,0.0976926407709,15.1439384097487
38881,3.5411292536906,0.0030887755299,0.0619752425472,0.0735645179218,0.0976926407709,15.1439384097487
38885,3.5411448175324,0.0031520380936,0.0618269845837,0.0735389014037,0.0976926407709,15.1439384097487
38902,3.5409647606674,0.0032100062810,0.0617368356540,0.0735290010737,0.0976926407709,15.1439384097487
38903,3.5409357555171,0.0032568403012,0.0615914702873,0.0734967461734,0.0976926407709,15.1439384097487
38991,3.5408789521759,0.0031119859436,0.0617016940408,0.0734732275971,0.0938240121964,15.1439384097487
38994,3.5410728713983,0.0031347005261,0.0615742169821,0.0734401788413,0.0938240121964,15.1439384097487
38995,3.5409663901864,0.0031585114466,0.0613232505044,0.0733592459345,0.0938240121964,15.1439384097487
46496,3.5573616441725,0.0043698768783,0.0592159254867,0.0733577782163,0.0065186249138,15.1439384097487
46497,3.5573861221630,0.0043698768783,0.0586501292408,0.0731560544904,0.0065186249138,15.1439384097487
46498,3.5573441596195,0.0043683177643,0.0585957924126,0.0731353865214,0.0065186249138,15.1439384097487
46499,3.5572795545309,0.0043683177643,0.0585945440818,0.0731340265313,0.0065186249138,15.1439384097487
46638,3.5585711237153,0.0040987893827,0.0588410853686,0.0731248404448,0.0061352776199,15.1439384097487
47165,3.5608635013773,0.0038921654645,0.0587944916111,0.0730520836997,0.0051152739856,15.1439384097487
47187,3.5600817567465,0.0039354019532,0.0586535547493,0.0730092173958,0.0051152739856,15.1439384097487
47200,3.5604556219680,0.0040253182036,0.0584510535071,0.0729807212273,0.0051152739856,15.1439384097487
47204,3.5605506615447,0.0040995772036,0.0583182918313,0.0729664764324,0.0051152739856,15.1439384097487
47207,3.5603892684561,0.0040237590896,0.0583906207011,0.0729575309929,0.0051152739856,15.1439384097487
47208,3.5604695345719,0.0039991603483,0.0583660387393,0.0729393451632,0.0051152739856,15.1439384097487
47214,3.5607189476460,0.0040355102913,0.0582447504044,0.0729151356261,0.0051152739856,15.1439384097487
47218,3.5607231735641,0.0040459943685,0.0581914675502,0.0729006590077,0.0051152739856,15.1439384097487
47222,3.5603908004800,0.0039938494442,0.0582208925315,0.0728841170480,0.0051152739856,15.1439384097487
47224,3.5604478143590,0.0039938494442,0.0581915005251,0.0728744266454,0.0051152739856,15.1439384097487
47226,3.5603264616224,0.0039966591549,0.0581899576796,0.0728733626578,0.0051152739856,15.1439384097487
47272,3.5601321751207,0.0036763080658,0.0585671322384,0.0728680253925,0.0049127091358,15.1439384097487
47273,3.5602035519337,0.0037231420860,0.0584581994688,0.0728502025320,0.0049127091358,15.1439384097487
47274,3.5601717590003,0.0037699761062,0.0581394831355,0.0727559971252,0.0049127091358,15.1439384097487
47314,3.5597948662538,0.0038010151452,0.0580079573321,0.0727169930621,0.0049127091358,15.1439384097487
47317,3.5598615581986,0.0038010151452,0.0578192924070,0.0726505564182,0.0049127091358,15.1439384097487
47717,3.5630963689418,0.0034886469399,0.0580377445506,0.0726404753084,0.0042648482382,15.1439384097487
48727,3.5643100753145,0.0035099731947,0.0579112622371,0.0726216167409,0.0029646466911,15.1439384097487
48728,3.5644218165290,0.0035204737996,0.0578280504681,0.0725979796420,0.0029646466911,15.1439384097487
48981,3.5657002336584,0.0033586620118,0.0576266288540,0.0724747849589,0.0026798057993,15.1439384097487
48986,3.5658592755726,0.0034054960320,0.0574432918921,0.0724316296279,0.0026798057993,15.1439384097487
49312,3.5654364404843,0.0037831486909,0.0569581274187,0.0724142246530,0.0024223321933,15.1439384097487
49314,3.5653873334556,0.0038299827111,0.0568560306439,0.0723971383809,0.0024223321933,15.1439384097487
49315,3.5651767817727,0.0037831486909,0.0569134036993,0.0723945777427,0.0024223321933,15.1439384097487
49316,3.5651075631951,0.0037831486909,0.0567999222134,0.0723530692024,0.0024223321933,15.1439384097487
49599,3.5652284693077,0.0040438898401,0.0564586868289,0.0723446564424,0.0021895964463,15.1439384097487
49607,3.5655032136051,0.0039010243169,0.0565517319387,0.0723205463708,0.0021895964463,15.1439384097487
49608,3.5656270106180,0.0039428559503,0.0564342362625,0.0722982631916,0.0021895964463,15.1439384097487
49613,3.5656643163842,0.0037779259346,0.0566222668786,0.0722952605647,0.0021895964463,15.1439384097487
49614,3.5655498533243,0.0038247599548,0.0562639222161,0.0721857324064,0.0021895964463,15.1439384097487
49615,3.5654728204284,0.0038485708754,0.0560223605981,0.0721085750699,0.0021895964463,15.1439384097487
50024,3.5654353298344,0.0036167807644,0.0562514575084,0.0720905262866,0.0018628276909,15.1439384097487
50029,3.5655420981176,0.0036167807644,0.0561776435037,0.0720656749062,0.0018628276909,15.1439384097487
50048,3.5651563913972,0.0035749491310,0.0562321595152,0.0720617593431,0.0018628276909,15.1439384097487
50050,3.5652490104769,0.0035749491310,0.0561712359795,0.0720413114913,0.0018628276909,15.1439384097487
50054,3.5651670770679,0.0035376736363,0.0562098375623,0.0720379632066,0.0018628276909,15.1439384097487
50119,3.5659147991280,0.0031917101063,0.0562539179106,0.0719160163209,0.0018255711371,15.1439384097487
50122,3.5661703546609,0.0032440258169,0.0561616305188,0.0719090936506,0.0018255711371,15.1439384097487
50413,3.5658677404072,0.0031100852570,0.0562971035323,0.0718957918012,0.0016501717168,15.1439384097487
50415,3.5659438347222,0.0031138535748,0.0561199905831,0.0718352288993,0.0016501717168,15.1439384097487
50419,3.5662229381763,0.0031823058394,0.0558232229276,0.0717625264309,0.0016501717168,15.1439384097487
50714,3.5671649295115,0.0036327630598,0.0551420414132,0.0717256295274,0.0014916245331,15.1439384097487
50826,3.5664562619488,0.0030076465119,0.0559110786884,0.0717223510066,0.0014325562016,15.1439384097487
50835,3.5662319122119,0.0030007599661,0.0558857553452,0.0717071810450,0.0014039050776,15.1439384097487
50837,3.5662636220441,0.0030007599661,0.0558425920528,0.0716922142754,0.0014039050776,15.1439384097487
50838,3.5661272150338,0.0030475939864,0.0557715554683,0.0716849856396,0.0014039050776,15.1439384097487
50840,3.5661787328828,0.0030475939864,0.0557569921711,0.0716805134361,0.0014039050776,15.1439384097487
50841,3.5661141370769,0.0030007599661,0.0556500044688,0.0716213177931,0.0014039050776,15.1439384097487
50843,3.5661111427972,0.0029805631048,0.0556648597305,0.0716179250772,0.0014039050776,15.1439384097487
50876,3.5661261720593,0.0029030150906,0.0556154249423,0.0715672475955,0.0014039050776,15.1439384097487
50878,3.5662582976851,0.0028652602923,0.0556212062676,0.0715550012954,0.0014039050776,15.1439384097487
50879,3.5661240089883,0.0028652602923,0.0556214320831,0.0715531817677,0.0014039050776,15.1439384097487
50939,3.5666296241880,0.0029523833597,0.0550412221329,0.0713904568071,0.0013758269760,15.1439384097487
52607,3.5733503091259,0.0042883511952,0.0530944130800,0.0713628227452,0.0007658082057,15.1439384097487
52608,3.5733198571169,0.0042675207717,0.0530856392854,0.0713503310288,0.0007658082057,15.1439384097487
52611,3.5732814823936,0.0042725231585,0.0530634069839,0.0713439918015,0.0007658082057,15.1439384097487
52626,3.5731514914640,0.0041366984397,0.0530320441308,0.0712727408258,0.0007658082057,15.1439384097487
52636,3.5729886316476,0.0039648653505,0.0532247214478,0.0712656069453,0.0007658082057,15.1439384097487
52690,3.5732801026692,0.0035870419053,0.0534658359289,0.0711939192217,0.0007504920416,15.1439384097487
52730,3.5741013972547,0.0038065133633,0.0531692580026,0.0711936789934,0.0007354822008,15.1439384097487
53230,3.5737735188752,0.0039192984547,0.0530302998710,0.0711877480999,0.0006132066390,15.1439384097487
53450,3.5744690171478,0.0040628691602,0.0527795831411,0.0711695779670,0.0005771451830,15.1439384097487
53453,3.5745586309718,0.0039959925372,0.0527681603286,0.0711381050109,0.0005771451830,15.1439384097487
53492,3.5740259188193,0.0039587500979,0.0523808542978,0.0709762825417,0.0005656022793,15.1439384097487
53493,3.5740316578740,0.0039209952996,0.0523460543051,0.0709477545523,0.0005656022793,15.1439384097487
53495,3.5739465317997,0.0040187401751,0.0521783286811,0.0709285386764,0.0005656022793,15.1439384097487
53496,3.5739635442725,0.0040419175334,0.0521417964847,0.0709256653423,0.0005656022793,15.1439384097487
53549,3.5745774273437,0.0036165053026,0.0524172997512,0.0708504262429,0.0005656022793,15.1439384097487
53550,3.5747150198696,0.0037341385222,0.0522627605374,0.0708475948286,0.0005656022793,15.1439384097487
53552,3.5746464039497,0.0037391409090,0.0522406444305,0.0708408691884,0.0005542902337,15.1439384097487
53555,3.5746522733909,0.0037725103551,0.0520653931428,0.0707926636861,0.0005542902337,15.1439384097487
53556,3.5748473159565,0.0037424464510,0.0520066209966,0.0707615489428,0.0005542902337,15.1439384097487
54003,3.5729214492431,0.0036965049271,0.0519862263179,0.0707073250195,0.0004811935047,15.1439384097487
54004,3.5729650619633,0.0036986976032,0.0519471361644,0.0706949210858,0.0004811935047,15.1439384097487
54005,3.5727427033613,0.0037350475463,0.0516743178745,0.0706099181699,0.0004811935047,15.1439384097487
54006,3.5727518797528,0.0037464902306,0.0516070923911,0.0705909429216,0.0004811935047,15.1439384097487
54007,3.5726775595670,0.0037464902306,0.0516079542649,0.0705901991080,0.0004811935047,15.1439384097487
54500,3.5736702085115,0.0035843203425,0.0517355325748,0.0705803073256,0.0004011940077,15.1439384097487
54503,3.5737711673256,0.0033575160906,0.0519279311778,0.0705532478506,0.0004011940077,15.1439384097487
54538,3.5739670117156,0.0034546604594,0.0517619859302,0.0705383861766,0.0004011940077,15.1439384097487
54541,3.5739474474387,0.0034546604594,0.0517478840170,0.0705330729459,0.0004011940077,15.1439384097487
54550,3.5742671823575,0.0034902060538,0.0513477414819,0.0704099229515,0.0004011940077,15.1439384097487
54553,3.5741485408289,0.0034433720336,0.0512981599531,0.0703704647700,0.0004011940077,15.1439384097487
54571,3.5745744834467,0.0035461027682,0.0510687447769,0.0703385852957,0.0003931701276,15.1439384097487
54573,3.5745171746937,0.0035293326521,0.0510713540035,0.0703315190547,0.0003853067250,15.1439384097487
54574,3.5745559939583,0.0035293326521,0.0510557883063,0.0703265091671,0.0003853067250,15.1439384097487
54575,3.5744994856794,0.0035293326521,0.0510440231806,0.0703215077482,0.0003853067250,15.1439384097487
55337,3.5760010186722,0.0036443600028,0.0508062933743,0.0703071482732,0.0003023566309,15.1439384097487
55350,3.5760656385069,0.0038175979473,0.0505043202287,0.0702744599209,0.0003023566309,15.1439384097487
55358,3.5760837756932,0.0037759371002,0.0504375377349,0.0702330110215,0.0003023566309,15.1439384097487
55359,3.5762656210794,0.0037522804383,0.0503683876619,0.0702007490975,0.0003023566309,15.1439384097487
55360,3.5763510361988,0.0037988059413,0.0502940525357,0.0701953489576,0.0003023566309,15.1439384097487
55362,3.5760632272590,0.0037373944810,0.0503236433844,0.0701755254434,0.0003023566309,15.1439384097487
55373,3.5760355022466,0.0036620721984,0.0503545175456,0.0701538786442,0.0003023566309,15.1439384097487
55375,3.5759985848734,0.0035699632719,0.0504526459277,0.0701489268624,0.0003023566309,15.1439384097487
55377,3.5760224348594,0.0036124284675,0.0503910637625,0.0701454700772,0.0003023566309,15.1439384097487
55382,3.5757925654548,0.0035322084736,0.0504530161927,0.0701299633111,0.0003023566309,15.1439384097487
55384,3.5757646324196,0.0035322084736,0.0503738646056,0.0701012996365,0.0003023566309,15.1439384097487
55394,3.5755948393677,0.0036404374263,0.0502033363373,0.0700843779602,0.0003023566309,15.1439384097487
55395,3.5755294498696,0.0036404374263,0.0501659656610,0.0700701060330,0.0003023566309,15.1439384097487
55396,3.5756263943550,0.0036360686017,0.0500527989676,0.0700291887614,0.0003023566309,15.1439384097487
55397,3.5757015016600,0.0036829026220,0.0499796724175,0.0700242066226,0.0003023566309,15.1439384097487
56361,3.5782449842684,0.0037915612952,0.0497118314297,0.0700111072384,0.0002188450402,15.1439384097487
56513,3.5787396109092,0.0036618848844,0.0498274912235,0.0700038376368,0.0002059752011,15.1439384097487
56516,3.5788210436331,0.0037087189046,0.0496865398584,0.0699747218541,0.0002059752011,15.1439384097487
56517,3.5788830654163,0.0036654824159,0.0495440239241,0.0699061709865,0.0002059752011,15.1439384097487
56575,3.5792655394547,0.0031882007226,0.0499585476420,0.0698550778563,0.0002059752011,15.1439384097487
56591,3.5792030802345,0.0032450725719,0.0498805314969,0.0698507048033,0.0002018556971,15.1439384097487
56627,3.5797669365270,0.0030209072443,0.0500999588093,0.0698409793747,0.0001978185831,15.1439384097487
57337,3.5804479133340,0.0031622467090,0.0497102648423,0.0697720127904,0.0001583995413,15.1439384097487
57388,3.5812250895102,0.0030825390740,0.0497476022476,0.0697621841539,0.0001552315505,15.1439384097487
57416,3.5812026286994,0.0029650601130,0.0498801303426,0.0697588496713,0.0001552315505,15.1439384097487
57417,3.5811425823902,0.0029649058544,0.0498039796715,0.0697307372409,0.0001552315505,15.1439384097487
57419,3.5811004710429,0.0029649058544,0.0497993434669,0.0697284855808,0.0001552315505,15.1439384097487
57422,3.5811112280751,0.0029180718342,0.0498426053476,0.0697240167408,0.0001552315505,15.1439384097487
58835,3.5867508895351,0.0028876663575,0.0495953013383,0.0697024637937,0.0000975393228,15.1439384097487
58836,3.5866327772306,0.0028784163492,0.0496051749295,0.0697003545058,0.0000975393228,15.1439384097487
59289,3.5874847234787,0.0030850072120,0.0492141203281,0.0696612860718,0.0000864044660,15.1439384097487
59534,3.5868332097008,0.0029568568598,0.0493924764347,0.0696608442254,0.0000813231921,15.1439384097487
59535,3.5868212428677,0.0029336795014,0.0493940608540,0.0696513076060,0.0000813231921,15.1439384097487
59536,3.5866988854760,0.0029805135217,0.0493142198636,0.0696411333406,0.0000813231921,15.1439384097487
59537,3.5866207842462,0.0030093433567,0.0491633181520,0.0695984903886,0.0000813231921,15.1439384097487
59539,3.5866664549607,0.0030093433567,0.0490700377062,0.0695658221812,0.0000796967283,15.1439384097487
59541,3.5866120489315,0.0029662776543,0.0491001045282,0.0695573337607,0.0000796967283,15.1439384097487
59543,3.5867290311616,0.0029850861880,0.0489853534155,0.0695260673113,0.0000796967283,15.1439384097487
59570,3.5864258296435,0.0029222698725,0.0490193303536,0.0695069903728,0.0000796967283,15.1439384097487
59575,3.5866609772861,0.0028724553552,0.0490682534415,0.0695064411488,0.0000796967283,15.1439384097487
59576,3.5867336518644,0.0028896882473,0.0489679026703,0.0694790154532,0.0000796967283,15.1439384097487
59580,3.5866712782698,0.0028896882473,0.0489522181773,0.0694725312664,0.0000796967283,15.1439384097487
59584,3.5866553991756,0.0028596243432,0.0489849656083,0.0694711175590,0.0000796967283,15.1439384097487
59585,3.5866273025569,0.0028337750052,0.0489331845913,0.0694411484856,0.0000796967283,15.1439384097487
59984,3.5868401670345,0.0029616003125,0.0486923545634,0.0694129320541,0.0000720395301,15.1439384097487
59988,3.5868915018167,0.0029526753492,0.0486770690634,0.0694043743464,0.0000720395301,15.1439384097487
59994,3.5868716046827,0.0029058413290,0.0485398480001,0.0693350135577,0.0000720395301,15.1439384097487
59998,3.5867709090934,0.0029191516446,0.0484834477293,0.0693191501889,0.0000720395301,15.1439384097487
60034,3.5865161303744,0.0027222239827,0.0486087414472,0.0692758952742,0.0000691867647,15.1439384097487
60068,3.5865066550991,0.0027720550277,0.0484143754992,0.0692277009518,0.0000691867647,15.1439384097487
60070,3.5865351931785,0.0027026606836,0.0484802308232,0.0692218840891,0.0000691867647,15.1439384097487
64347,3.5939878823790,0.0027056246529,0.0481747965038,0.0692195257292,0.0000223194383,15.1439384097487
64349,3.5938956043853,0.0027056246529,0.0481467920988,0.0692082184286,0.0000223194383,15.1439384097487
64356,3.5939544504053,0.0027173758545,0.0481107420300,0.0692012123005,0.0000223194383,15.1439384097487
64362,3.5937975377254,0.0026924685959,0.0481297188250,0.0691950948840,0.0000223194383,15.1439384097487
64363,3.5938070286499,0.0027266093351,0.0480770533784,0.0691910518372,0.0000223194383,15.1439384097487
64643,3.5948600062573,0.0027889628748,0.0479504144473,0.0691874461557,0.0000210068768,15.1439384097487
64672,3.5947468531859,0.0028357968950,0.0478976534892,0.0691870735710,0.0000205867393,15.1439384097487
64725,3.5949572171164,0.0028066585427,0.0479222540748,0.0691863482647,0.0000205867393,15.1439384097487
64727,3.5950205286489,0.0028530297870,0.0478265418313,0.0691729345650,0.0000205867393,15.1439384097487
64843,3.5953081528675,0.0029004808418,0.0476966705833,0.0691509580061,0.0000197715044,15.1439384097487
64868,3.5954727623328,0.0028760528867,0.0476308617796,0.0691193149513,0.0000197715044,15.1439384097487
65019,3.5951452233522,0.0028010225936,0.0476589331875,0.0690925499595,0.0000193760743,15.1439384097487
65042,3.5952424315413,0.0028478566139,0.0475905171974,0.0690895628897,0.0000193760743,15.1439384097487
65076,3.5955806180995,0.0027925604062,0.0476358147978,0.0690868275466,0.0000189885528,15.1439384097487
65078,3.5955410101940,0.0027457263860,0.0476576655251,0.0690739992056,0.0000189885528,15.1439384097487
65107,3.5956068384044,0.0027723635449,0.0476142583399,0.0690708440295,0.0000189885528,15.1439384097487
65113,3.5955432072720,0.0027571690704,0.0476224774635,0.0690663671368,0.0000186087818,15.1439384097487
65116,3.5955327293188,0.0027910012923,0.0474892289364,0.0690331296385,0.0000186087818,15.1439384097487
65130,3.5956293156852,0.0027922518890,0.0474488917482,0.0690206261605,0.0000186087818,15.1439384097487
65671,3.5953158071787,0.0026863698710,0.0475197767855,0.0689961281131,0.0000164844476,15.1439384097487
65686,3.5952382971046,0.0027563812496,0.0474255150959,0.0689913713382,0.0000164844476,15.1439384097487
65726,3.5952092194480,0.0028032152698,0.0472650984084,0.0689537399401,0.0000164844476,15.1439384097487
65736,3.5952496451814,0.0027563812496,0.0472475094077,0.0689279584526,0.0000164844476,15.1439384097487
65766,3.5951597790466,0.0027870952435,0.0471986285681,0.0689223925504,0.0000164844476,15.1439384097487
65812,3.5951337357392,0.0027563812496,0.0472317277626,0.0689206820400,0.0000161547586,15.1439384097487
66002,3.5944528079753,0.0027870952435,0.0472153608823,0.0689183647836,0.0000155150302,15.1439384097487
66147,3.5939337202519,0.0028133908298,0.0471224787499,0.0688891170739,0.0000149006350,15.1439384097487
66166,3.5938668687141,0.0028133908298,0.0470017750188,0.0688450626537,0.0000149006350,15.1439384097487
66479,3.5935696825629,0.0028653980232,0.0469505665825,0.0688448575595,0.0000140243584,15.1439384097487
66603,3.5933632358124,0.0027494947038,0.0470408554017,0.0688245095075,0.0000137438713,15.1439384097487
66614,3.5933071599169,0.0027026606836,0.0469814277714,0.0687824201607,0.0000137438713,15.1439384097487
66852,3.5933839209347,0.0027585904534,0.0468941495618,0.0687763054362,0.0000129356217,15.1439384097487
66860,3.5935362926199,0.0026893503680,0.0469601523428,0.0687723595848,0.0000129356217,15.1439384097487
66870,3.5935088139581,0.0027007930524,0.0469468150084,0.0687721114374,0.0000129356217,15.1439384097487
66879,3.5936248837285,0.0026893503680,0.0469237406232,0.0687606089575,0.0000129356217,15.1439384097487
66885,3.5936817630651,0.0026893503680,0.0469111459479,0.0687569156980,0.0000129356217,15.1439384097487
66975,3.5936631861146,0.0026287432563,0.0469368268630,0.0687398501143,0.0000126769092,15.1439384097487
66990,3.5937124138296,0.0026920058200,0.0468552530662,0.0687385257116,0.0000124233711,15.1439384097487
67030,3.5936063435380,0.0027147204025,0.0467445220639,0.0687072128586,0.0000124233711,15.1439384097487
67051,3.5936068447725,0.0026602120157,0.0467878587841,0.0686993366139,0.0000124233711,15.1439384097487
67057,3.5936476736588,0.0026374974332,0.0467871288367,0.0686899188234,0.0000124233711,15.1439384097487
67076,3.5936037938781,0.0026374974332,0.0467669019687,0.0686820740460,0.0000124233711,15.1439384097487
67099,3.5936123807405,0.0026374974332,0.0467492076503,0.0686758761501,0.0000124233711,15.1439384097487
67150,3.5936697638133,0.0026374974332,0.0466816364473,0.0686525555442,0.0000121749036,15.1439384097487
67171,3.5936983630679,0.0026843314535,0.0465733070981,0.0686343428914,0.0000119314056,15.1439384097487
67330,3.5935409630626,0.0025671775374,0.0467139697845,0.0686321435444,0.0000114589219,15.1439384097487
67335,3.5933426926383,0.0025203435172,0.0467264452451,0.0686137218299,0.0000114589219,15.1439384097487
67336,3.5934794056801,0.0025203435172,0.0466936045999,0.0686039275084,0.0000114589219,15.1439384097487
67345,3.5935380958098,0.0025671775374,0.0466287426070,0.0686016646954,0.0000114589219,15.1439384097487
67410,3.5937401141646,0.0026288809872,0.0465464142223,0.0686015645826,0.0000114589219,15.1439384097487
67422,3.5937503889825,0.0025853359812,0.0465464142223,0.0685830478252,0.0000114589219,15.1439384097487
67429,3.5937954323237,0.0025853359812,0.0464551170270,0.0685510790443,0.0000114589219,15.1439384097487
67467,3.5935686819814,0.0026411114924,0.0463664026347,0.0685400906211,0.0000114589219,15.1439384097487
67507,3.5935401065474,0.0026826180809,0.0463000382483,0.0685337732519,0.0000112297435,15.1439384097487
67574,3.5938356257369,0.0026412822788,0.0463337591833,0.0685322826760,0.0000110051486,15.1439384097487
67578,3.5938917858503,0.0026766736146,0.0462493385008,0.0685180948094,0.0000110051486,15.1439384097487
67760,3.5939874309753,0.0025538672218,0.0462935844319,0.0684826189886,0.0000105693447,15.1439384097487
67956,3.5937659718694,0.0025927018306,0.0462548841046,0.0684823072154,0.0000103579578,15.1439384097487
68160,3.5940961866910,0.0025706208103,0.0462662840351,0.0684815878423,0.0000099477827,15.1439384097487
68268,3.5938300708181,0.0026628674677,0.0461206513574,0.0684653449317,0.0000095538505,15.1439384097487
68271,3.5937302366270,0.0026691369790,0.0460445790158,0.0684394505245,0.0000095538505,15.1439384097487
68280,3.5936606118060,0.0026235535554,0.0460836326818,0.0684328773229,0.0000095538505,15.1439384097487
68285,3.5936305792146,0.0026235535554,0.0460755147413,0.0684295530993,0.0000095538505,15.1439384097487
68305,3.5937138208076,0.0026086841259,0.0460888847241,0.0684291333435,0.0000095538505,15.1439384097487
68312,3.5936526870759,0.0025618501057,0.0461105817968,0.0684159455368,0.0000095538505,15.1439384097487
68327,3.5938301299531,0.0026043153013,0.0460513032524,0.0684154848025,0.0000095538505,15.1439384097487
68339,3.5939607675079,0.0025618501057,0.0460848810126,0.0684111260028,0.0000095538505,15.1439384097487
68395,3.5938569487795,0.0026564602256,0.0459750204290,0.0684109682463,0.0000093627735,15.1439384097487
68467,3.5931902176693,0.0025247123418,0.0461551705233,0.0684094099864,0.0000091755180,15.1439384097487
68485,3.5931484114407,0.0025411574130,0.0461228492792,0.0684043230172,0.0000091755180,15.1439384097487
68491,3.5930805489036,0.0025879914333,0.0460402658843,0.0683939404202,0.0000091755180,15.1439384097487
68497,3.5930876610319,0.0026002054108,0.0460224793438,0.0683929232823,0.0000091755180,15.1439384097487
68502,3.5930681961284,0.0025897213336,0.0459926368551,0.0683774966475,0.0000091755180,15.1439384097487
68524,3.5928159792096,0.0026226280037,0.0459207088398,0.0683623420768,0.0000089920077,15.1439384097487
68564,3.5928626287576,0.0025701580344,0.0459207088398,0.0683405150351,0.0000089920077,15.1439384097487
68569,3.5927052144476,0.0025245746109,0.0459610108366,0.0683331454505,0.0000089920077,15.1439384097487
68657,3.5922839615775,0.0025809671566,0.0458576867332,0.0683144515189,0.0000088121675,15.1439384097487
68706,3.5922958714457,0.0025720256656,0.0458361158024,0.0683030840714,0.0000086359242,15.1439384097487
68709,3.5923872762565,0.0025853359812,0.0457642442545,0.0682844134543,0.0000086359242,15.1439384097487
68721,3.5924456107751,0.0025190929205,0.0457680723269,0.0682582161694,0.0000086359242,15.1439384097487
68731,3.5924809013019,0.0025181508410,0.0457649144427,0.0682571839639,0.0000086359242,15.1439384097487
69076,3.5918554780009,0.0025783117046,0.0457061868621,0.0682531433573,0.0000081280627,15.1439384097487
69083,3.5917453181288,0.0025783117046,0.0456656207933,0.0682370967208,0.0000081280627,15.1439384097487
69094,3.5917318003104,0.0026151078958,0.0455844239827,0.0682236763799,0.0000081280627,15.1439384097487
69137,3.5917849086805,0.0026559974497,0.0454966360819,0.0682105991326,0.0000081280627,15.1439384097487
69272,3.5918228168164,0.0026550553703,0.0454929500535,0.0682094153431,0.0000078061914,15.1439384097487
69298,3.5917812108483,0.0026650931993,0.0454577551958,0.0682005589562,0.0000078061914,15.1439384097487
69381,3.5915829043890,0.0026141658163,0.0454612929694,0.0681771904023,0.0000076500676,15.1439384097487
69399,3.5915446831674,0.0025673317961,0.0454635205649,0.0681573734215,0.0000076500676,15.1439384097487
69579,3.5914860563858,0.0025034191424,0.0455339537801,0.0681543074389,0.0000073471249,15.1439384097487
69630,3.5914916689533,0.0025043612219,0.0455203793503,0.0681499425940,0.0000073471249,15.1439384097487
69641,3.5914661472290,0.0025203435172,0.0454281051827,0.0681234759586,0.0000073471249,15.1439384097487
69675,3.5914851012070,0.0025671775374,0.0453217394401,0.0681058281139,0.0000073471249,15.1439384097487
69766,3.5915662436777,0.0026033566941,0.0452598904883,0.0681003927159,0.0000070561788,15.1439384097487
69768,3.5915563068505,0.0025471184070,0.0453126514464,0.0680949931867,0.0000070561788,15.1439384097487
69794,3.5914311125596,0.0025002843868,0.0453708797210,0.0680939457853,0.0000070561788,15.1439384097487
69834,3.5915411025797,0.0025002843868,0.0453566586879,0.0680904231963,0.0000070561788,15.1439384097487
69844,3.5914035823771,0.0025002843868,0.0453553140238,0.0680879970575,0.0000070561788,15.1439384097487
69853,3.5915011868251,0.0025219026312,0.0453249307463,0.0680877919453,0.0000070561788,15.1439384097487
69884,3.5916186204980,0.0025309983808,0.0453069513370,0.0680869305847,0.0000069150552,15.1439384097487
69902,3.5915711566794,0.0024979374520,0.0453418700943,0.0680845609901,0.0000069150552,15.1439384097487
69999,3.5915667264366,0.0025577732706,0.0452404734946,0.0680739291534,0.0000067767541,15.1439384097487
70024,3.5915434046840,0.0025231532279,0.0452534627423,0.0680634010080,0.0000067767541,15.1439384097487
70076,3.5916240686498,0.0025161124235,0.0452527431145,0.0680612679002,0.0000066412190,15.1439384097487
70157,3.5915669742005,0.0025629464437,0.0451768710377,0.0680534345703,0.0000066412190,15.1439384097487
70206,3.5916262408707,0.0026097804640,0.0450482309970,0.0680284020409,0.0000066412190,15.1439384097487
70255,3.5916204272920,0.0025623128815,0.0450943408235,0.0680244443247,0.0000063782268,15.1439384097487
70271,3.5916500473803,0.0025632549610,0.0450781750739,0.0680194937133,0.0000063782268,15.1439384097487
70280,3.5916982496216,0.0025972579692,0.0450296818867,0.0680174294942,0.0000063782268,15.1439384097487
70312,3.5916326746848,0.0026100889812,0.0449838835257,0.0680056440609,0.0000063782268,15.1439384097487
70351,3.5916435227182,0.0026569230015,0.0448936922353,0.0679936581077,0.0000063782268,15.1439384097487
70411,3.5916051603704,0.0026559809220,0.0448897421350,0.0679913007846,0.0000062506622,15.1439384097487
70539,3.5916159162443,0.0027028149422,0.0448178770080,0.0679858585856,0.0000061256490,15.1439384097487
70585,3.5914384471579,0.0026205895862,0.0449011966544,0.0679778649882,0.0000060031360,15.1439384097487
70724,3.5914960611851,0.0025819092361,0.0449272251787,0.0679713988315,0.0000057654118,15.1439384097487
70772,3.5913928359495,0.0026169920547,0.0448649406102,0.0679627292062,0.0000057654118,15.1439384097487
70796,3.5914517128882,0.0025761190284,0.0448850931176,0.0679532426238,0.0000057654118,15.1439384097487
70798,3.5915070476587,0.0025494818695,0.0448858035531,0.0679428634088,0.0000057654118,15.1439384097487
70801,3.5914944090649,0.0025612330712,0.0448278890041,0.0679270370353,0.0000057654118,15.1439384097487
70882,3.5914406067537,0.0024794704910,0.0448551805988,0.0679009816285,0.0000057654118,15.1439384097487
70900,3.5913687065471,0.0025145533096,0.0447420105460,0.0678745818631,0.0000056501036,15.1439384097487
70961,3.5913469867657,0.0025820634947,0.0446315529961,0.0678637583412,0.0000055371015,15.1439384097487
71216,3.5910737086113,0.0025739263523,0.0446289661452,0.0678554802515,0.0000053178323,15.1439384097487
71274,3.5912574281206,0.0026096262053,0.0445683359425,0.0678517261635,0.0000052114756,15.1439384097487
71283,3.5912817615596,0.0025880079610,0.0445565602685,0.0678385999203,0.0000052114756,15.1439384097487
71361,3.5912767850103,0.0025538672218,0.0445550534178,0.0678233595961,0.0000052114756,15.1439384097487
71446,3.5910399743291,0.0024919929857,0.0445853594677,0.0678043148003,0.0000051072461,15.1439384097487
71451,3.5910955387667,0.0025054740877,0.0445547841002,0.0677999588744,0.0000051072461,15.1439384097487
71452,3.5910903777653,0.0025172252893,0.0445250299236,0.0677942955843,0.0000051072461,15.1439384097487
71456,3.5909856359564,0.0025289599632,0.0444530540389,0.0677721369675,0.0000051072461,15.1439384097487
71491,3.5909683946632,0.0025757939835,0.0443643826148,0.0677602963616,0.0000050051012,15.1439384097487
71625,3.5909932415960,0.0026075877878,0.0443065643633,0.0677536244846,0.0000049049992,15.1439384097487
71651,3.5909827451318,0.0025607537676,0.0443026437817,0.0677320040297,0.0000049049992,15.1439384097487
71687,3.5910340124318,0.0025620043643,0.0442617712640,0.0677186681008,0.0000049049992,15.1439384097487
71812,3.5909428511287,0.0025620043643,0.0442134442135,0.0677001185136,0.0000047107612,15.1439384097487
71854,3.5910046121217,0.0025502531626,0.0441328151079,0.0676671600891,0.0000047107612,15.1439384097487
71881,3.5910447810071,0.0025878537024,0.0440388973937,0.0676503009524,0.0000047107612,15.1439384097487
71904,3.5909047035029,0.0026346877226,0.0439763076697,0.0676460371152,0.0000047107612,15.1439384097487
72006,3.5908923596436,0.0025942774722,0.0439948695258,0.0676351730060,0.0000046165460,15.1439384097487
72008,3.5909354746635,0.0026065079774,0.0439317278499,0.0676184741272,0.0000046165460,15.1439384097487
72055,3.5909316568281,0.0026055658980,0.0439285699656,0.0676168885409,0.0000045242151,15.1439384097487
72064,3.5909572456087,0.0026173170996,0.0439121694974,0.0676164295396,0.0000045242151,15.1439384097487
72071,3.5911219500505,0.0026050865944,0.0438487426156,0.0675908659936,0.0000045242151,15.1439384097487
72085,3.5910204359940,0.0026050865944,0.0437850305281,0.0675666752595,0.0000044337308,15.1439384097487
72086,3.5910299070052,0.0026519206146,0.0437035383633,0.0675577766521,0.0000044337308,15.1439384097487
72107,3.5910691748339,0.0026401694130,0.0436210420346,0.0675238330854,0.0000044337308,15.1439384097487
72163,3.5911429282228,0.0026401694130,0.0435895211368,0.0675136192274,0.0000044337308,15.1439384097487
72188,3.5911900837215,0.0026298395944,0.0435831998397,0.0675076018034,0.0000044337308,15.1439384097487
72222,3.5910559377258,0.0025654641649,0.0436440477269,0.0674998455650,0.0000044337308,15.1439384097487
72230,3.5911350259191,0.0025654641649,0.0436180993433,0.0674916973777,0.0000044337308,15.1439384097487
72234,3.5911801061342,0.0026122981851,0.0435252570973,0.0674792490377,0.0000044337308,15.1439384097487
72256,3.5910336605711,0.0025761025007,0.0435734918496,0.0674788911039,0.0000043450561,15.1439384097487
72279,3.5911035423513,0.0026122981851,0.0435252570973,0.0674781656653,0.0000043450561,15.1439384097487
72302,3.5910622127061,0.0026010097593,0.0434901368722,0.0674602000193,0.0000043450561,15.1439384097487
72357,3.5911326759151,0.0026010097593,0.0434583334428,0.0674498387014,0.0000042581550,15.1439384097487
72369,3.5911667820848,0.0025761025007,0.0434547774660,0.0674383767703,0.0000042581550,15.1439384097487
72381,3.5911736861644,0.0025761025007,0.0434481894227,0.0674361215899,0.0000042581550,15.1439384097487
72386,3.5911236864979,0.0025883330059,0.0434125908353,0.0674279419619,0.0000042581550,15.1439384097487
72477,3.5912270720587,0.0025538672218,0.0433248428759,0.0673832952534,0.0000041729919,15.1439384097487
72515,3.5911838265893,0.0025664062443,0.0432282577001,0.0673535624940,0.0000041729919,15.1439384097487
72538,3.5912656626272,0.0026132402646,0.0431311417062,0.0673401079079,0.0000041729919,15.1439384097487
72575,3.5912829950093,0.0026600742848,0.0430411499220,0.0673282849600,0.0000041729919,15.1439384097487
72644,3.5912299090458,0.0026007012421,0.0429432390378,0.0672671200345,0.0000040077414,15.1439384097487
72703,3.5911978453032,0.0026007012421,0.0429432390378,0.0672666663347,0.0000040077414,15.1439384097487
72715,3.5912727794549,0.0026007012421,0.0428584956854,0.0672374611649,0.0000040077414,15.1439384097487
72742,3.5912823710023,0.0025536964355,0.0428860593700,0.0672272961406,0.0000040077414,15.1439384097487
72771,3.5911991677834,0.0025590403950,0.0428049938403,0.0671994571141,0.0000039275866,15.1439384097487
72793,3.5911795283037,0.0025779866596,0.0427563613115,0.0671899302842,0.0000039275866,15.1439384097487
72808,3.5912607298387,0.0025427495824,0.0427479060452,0.0671729579380,0.0000039275866,15.1439384097487
72851,3.5913432714800,0.0024959155622,0.0427568783512,0.0671572585687,0.0000039275866,15.1439384097487
72901,3.5913178914035,0.0024716418658,0.0426708781137,0.0671157820591,0.0000038490349,15.1439384097487
72990,3.5912721845661,0.0025062453808,0.0425952779721,0.0671029653377,0.0000037720542,15.1439384097487
73013,3.5913807213747,0.0025510409835,0.0424918558922,0.0670867627846,0.0000037720542,15.1439384097487
73113,3.5913787145222,0.0026237078141,0.0423974685955,0.0670841675663,0.0000036966131,15.1439384097487
73127,3.5913653741281,0.0026125901746,0.0423798720560,0.0670729296197,0.0000036226808,15.1439384097487
73144,3.5914363001092,0.0025544842563,0.0423703498051,0.0670456298772,0.0000036226808,15.1439384097487
73176,3.5913467037560,0.0025667147616,0.0423377356999,0.0670379558452,0.0000036226808,15.1439384097487
73215,3.5914313876849,0.0026013182766,0.0422798298768,0.0670333035439,0.0000036226808,15.1439384097487
73220,3.5915592146714,0.0025753146799,0.0423037917666,0.0670325257064,0.0000036226808,15.1439384097487
73256,3.5915740519541,0.0025862780607,0.0422898293447,0.0670324476655,0.0000036226808,15.1439384097487
73362,3.5915604497837,0.0025395982991,0.0422754129505,0.0670071008713,0.0000035502272,15.1439384097487
73397,3.5915335892073,0.0025518288043,0.0422145281441,0.0669902178673,0.0000035502272,15.1439384097487
73578,3.5916960987565,0.0025635800059,0.0420982925639,0.0669560408887,0.0000034096382,15.1439384097487
73640,3.5916487173563,0.0025510575112,0.0421117862430,0.0669548228327,0.0000033414455,15.1439384097487
73670,3.5916177815024,0.0025978915314,0.0419931873594,0.0669321000712,0.0000033414455,15.1439384097487
73776,3.5915815787870,0.0026135487818,0.0418875946871,0.0669005863867,0.0000032746166,15.1439384097487
73777,3.5917120418814,0.0025667147616,0.0419108944123,0.0668906820382,0.0000032746166,15.1439384097487
73782,3.5917442467006,0.0025667147616,0.0418982997371,0.0668866396360,0.0000032091242,15.1439384097487
73943,3.5916857989190,0.0025782951769,0.0418160197617,0.0668613899334,0.0000032091242,15.1439384097487
74118,3.5916003353674,0.0025314611566,0.0418738702060,0.0668607697799,0.0000030820429,15.1439384097487
74135,3.5915176538342,0.0025076502361,0.0419005564751,0.0668589259719,0.0000030204020,15.1439384097487
74173,3.5915187684772,0.0025513495007,0.0418048448492,0.0668434872767,0.0000030204020,15.1439384097487
74174,3.5915341250656,0.0025544842563,0.0417817658455,0.0668368055368,0.0000030204020,15.1439384097487
74180,3.5914408392851,0.0025513495007,0.0416754649840,0.0667961774892,0.0000030204020,15.1439384097487
74189,3.5914389208120,0.0025616958470,0.0416067585581,0.0667760464821,0.0000030204020,15.1439384097487
74462,3.5913353357880,0.0025148618268,0.0416646090023,0.0667751699109,0.0000028427782,15.1439384097487
74522,3.5913808871487,0.0025616958470,0.0415575539270,0.0667576522271,0.0000028427782,15.1439384097487
74615,3.5912359708278,0.0026085298673,0.0415032673977,0.0667562853476,0.0000027859227,15.1439384097487
74693,3.5912845022096,0.0026085298673,0.0414651854945,0.0667433713837,0.0000027302042,15.1439384097487
74761,3.5913297566101,0.0026356298020,0.0414268644101,0.0667419398867,0.0000027302042,15.1439384097487
74847,3.5912092309365,0.0025784494355,0.0413576429515,0.0666910066356,0.0000026220881,15.1439384097487
74957,3.5911765611597,0.0025746976454,0.0413350278003,0.0666808596106,0.0000026220881,15.1439384097487
74979,3.5911533656947,0.0025513495007,0.0413536375935,0.0666771714034,0.0000025696464,15.1439384097487
75015,3.5910550664922,0.0026024146147,0.0412758733575,0.0666698925836,0.0000025696464,15.1439384097487
75109,3.5910314244841,0.0025555805944,0.0412850333568,0.0666527577562,0.0000025696464,15.1439384097487
75134,3.5911071685080,0.0025555805944,0.0411671811823,0.0666117394667,0.0000025182534,15.1439384097487
75154,3.5910686347530,0.0025419617616,0.0411729525343,0.0666074187712,0.0000024678884,15.1439384097487
75185,3.5910102228223,0.0025887957818,0.0410683943893,0.0665893217746,0.0000024678884,15.1439384097487
75273,3.5909919040575,0.0025887957818,0.0410507000709,0.0665827431658,0.0000024678884,15.1439384097487
75278,3.5910296200745,0.0025601367331,0.0410398571046,0.0665671219075,0.0000024678884,15.1439384097487
75286,3.5910064382716,0.0026069707533,0.0409456111077,0.0665532063249,0.0000024678884,15.1439384097487
75292,3.5911034140016,0.0026418993133,0.0408877975827,0.0665489002203,0.0000024678884,15.1439384097487
75294,3.5912744637782,0.0026160499752,0.0408172423933,0.0665150439935,0.0000024678884,15.1439384097487
75468,3.5913416069444,0.0026069707533,0.0408042524422,0.0665074637015,0.0000023701600,15.1439384097487
75470,3.5913546726745,0.0026420535719,0.0407278106645,0.0664953834395,0.0000023701600,15.1439384097487
75550,3.5911580767964,0.0026420535719,0.0406379222892,0.0664604986298,0.0000023227568,15.1439384097487
75621,3.5911808810432,0.0026378224782,0.0406172972907,0.0664516419116,0.0000023227568,15.1439384097487
75640,3.5911698112084,0.0026387645577,0.0405108772709,0.0664138818726,0.0000022763017,15.1439384097487
75686,3.5912448680853,0.0026378224782,0.0404039264328,0.0663763434462,0.0000022307756,15.1439384097487
75715,3.5911915689041,0.0025909884580,0.0403914829897,0.0663510734565,0.0000022307756,15.1439384097487
75725,3.5912147582383,0.0026027396596,0.0403745000468,0.0663503724766,0.0000022307756,15.1439384097487
75753,3.5912197347876,0.0025834683500,0.0403869434900,0.0663466278486,0.0000022307756,15.1439384097487
75856,3.5911765635253,0.0025338080914,0.0404276110242,0.0663392581295,0.0000021861601,15.1439384097487
75935,3.5912284259744,0.0025338080914,0.0403994506517,0.0663299347038,0.0000021424369,15.1439384097487
75969,3.5912825375389,0.0025089008328,0.0404256330807,0.0663293767069,0.0000021424369,15.1439384097487
75974,3.5912763832228,0.0025689074377,0.0403510866820,0.0663283830263,0.0000021424369,15.1439384097487
75983,3.5912807737991,0.0025806421117,0.0402791977617,0.0663077996843,0.0000021424369,15.1439384097487
76018,3.5912618058164,0.0025530794010,0.0402664875724,0.0662911793450,0.0000020995882,15.1439384097487
76053,3.5913621403470,0.0025281721424,0.0402913253374,0.0662907951628,0.0000020995882,15.1439384097487
76149,3.5914515142932,0.0025245746109,0.0402002931316,0.0662580064969,0.0000020995882,15.1439384097487
76190,3.5913857770270,0.0025714086311,0.0400798890096,0.0662341465698,0.0000020164445,15.1439384097487
76250,3.5913345467761,0.0025714086311,0.0400650318355,0.0662281155316,0.0000020164445,15.1439384097487
76257,3.5913304902456,0.0025790829977,0.0400555084417,0.0662279459341,0.0000020164445,15.1439384097487
76277,3.5913485130769,0.0026223194864,0.0399341885671,0.0662034023531,0.0000020164445,15.1439384097487
76336,3.5912085585399,0.0025754854662,0.0398609105372,0.0661551795578,0.0000019761156,15.1439384097487
76414,3.5912235546794,0.0025872366679,0.0398431353783,0.0661540797104,0.0000019761156,15.1439384097487
76631,3.5912625152485,0.0025872366679,0.0398398749168,0.0661534665493,0.0000018978614,15.1439384097487
76635,3.5912152891793,0.0026065079774,0.0397477757265,0.0661281648683,0.0000018978614,15.1439384097487
76720,3.5912472169111,0.0025438459205,0.0397783308410,0.0661126740172,0.0000018599042,15.1439384097487
76728,3.5912154340269,0.0025438459205,0.0397688682364,0.0661088447899,0.0000018227061,15.1439384097487
76799,3.5910664619666,0.0025405569062,0.0397649022599,0.0661039108475,0.0000018227061,15.1439384097487
76824,3.5911405899138,0.0025873909265,0.0396301874716,0.0660769190516,0.0000018227061,15.1439384097487
76836,3.5909910105316,0.0025786202218,0.0396387862264,0.0660741146238,0.0000018227061,15.1439384097487
76868,3.5911530625039,0.0025734470487,0.0395644227522,0.0660476321905,0.0000017862520,15.1439384097487
76871,3.5911629183981,0.0025485397901,0.0395892605172,0.0660459677416,0.0000017862520,15.1439384097487
76926,3.5910814290854,0.0025508867249,0.0395766658419,0.0660413224042,0.0000017862520,15.1439384097487
77045,3.5910619414787,0.0025626379265,0.0395469116654,0.0660354563935,0.0000017155164,15.1439384097487
77046,3.5911399658435,0.0025631172301,0.0395283757107,0.0660301458651,0.0000017155164,15.1439384097487
77052,3.5912353573731,0.0025380557128,0.0395271354734,0.0660203120567,0.0000017155164,15.1439384097487
77083,3.5912207011860,0.0025726592278,0.0394456802278,0.0660058435914,0.0000017155164,15.1439384097487
77099,3.5913061847888,0.0026194932481,0.0393523241525,0.0659937834461,0.0000017155164,15.1439384097487
77115,3.5913510537674,0.0026317237533,0.0393120904130,0.0659852907916,0.0000017155164,15.1439384097487
77303,3.5913665628070,0.0026169920547,0.0393154386170,0.0659803924455,0.0000016475820,15.1439384097487
77318,3.5914368963071,0.0025701580344,0.0392981807275,0.0659551524049,0.0000016475820,15.1439384097487
77350,3.5914913954917,0.0025532501873,0.0392947999920,0.0659474699389,0.0000016475820,15.1439384097487
77357,3.5914269871002,0.0026000842076,0.0391786483259,0.0659251475496,0.0000016146303,15.1439384097487
77361,3.5912298801504,0.0025924098410,0.0391853798577,0.0659214736037,0.0000016146303,15.1439384097487
77363,3.5911537807287,0.0025983708350,0.0391091307008,0.0658957196719,0.0000016146303,15.1439384097487
77379,3.5911346599706,0.0025723672383,0.0391245985000,0.0658898289299,0.0000016146303,15.1439384097487
77404,3.5911589381334,0.0025776946701,0.0391024592720,0.0658845487822,0.0000016146303,15.1439384097487
77443,3.5914198438897,0.0025487105764,0.0390074258740,0.0658418783274,0.0000016146303,15.1439384097487
77460,3.5914453147383,0.0025487105764,0.0389900575069,0.0658360357500,0.0000016146303,15.1439384097487
77471,3.5913874881296,0.0025955445966,0.0389321147645,0.0658345953937,0.0000016146303,15.1439384097487
77473,3.5913661650634,0.0025046862668,0.0390024067966,0.0658204586868,0.0000016146303,15.1439384097487
77478,3.5913449661064,0.0025408819512,0.0389321147645,0.0658105668619,0.0000016146303,15.1439384097487
77486,3.5914708579005,0.0025255332181,0.0389214690049,0.0658019681369,0.0000016146303,15.1439384097487
77498,3.5914968770783,0.0025216106416,0.0388081269556,0.0657601758990,0.0000015823377,15.1439384097487
77502,3.5916024840193,0.0025684446619,0.0387173513773,0.0657493221037,0.0000015823377,15.1439384097487
77535,3.5916072251955,0.0025684446619,0.0386252162943,0.0657164838042,0.0000015506910,15.1439384097487
77599,3.5915997750807,0.0025216106416,0.0386467705822,0.0657040046226,0.0000015506910,15.1439384097487
77625,3.5916594100960,0.0024854149572,0.0386654410582,0.0656960040451,0.0000015506910,15.1439384097487
77631,3.5917126819520,0.0024854149572,0.0386373193582,0.0656867143740,0.0000015506910,15.1439384097487
77649,3.5916062777622,0.0025322489775,0.0385156940651,0.0656618428801,0.0000015506910,15.1439384097487
77659,3.5915108337818,0.0025790829977,0.0384561009109,0.0656592808078,0.0000015506910,15.1439384097487
77822,3.5915872961745,0.0025610788125,0.0384196705282,0.0656396358152,0.0000014892836,15.1439384097487
77867,3.5916012208853,0.0026058744152,0.0383230478830,0.0656245228768,0.0000014594979,15.1439384097487
77886,3.5915489192996,0.0026498821971,0.0382081160533,0.0656015962087,0.0000014594979,15.1439384097487
78029,3.5915253051056,0.0026445547653,0.0381859460041,0.0655910610097,0.0000014303080,15.1439384097487
78065,3.5913813069539,0.0026445547653,0.0381080409913,0.0655612002267,0.0000014017018,15.1439384097487
78095,3.5913537835238,0.0026224572174,0.0381152144968,0.0655539023605,0.0000014017018,15.1439384097487
78096,3.5913537809909,0.0026342084190,0.0380854603202,0.0655483120623,0.0000014017018,15.1439384097487
78163,3.5914626758467,0.0025873743988,0.0381157187148,0.0655405877638,0.0000014017018,15.1439384097487
78197,3.5914934439757,0.0025580817878,0.0381445080571,0.0655387510626,0.0000014017018,15.1439384097487
78274,3.5913629094613,0.0025629464437,0.0380663178385,0.0655110637824,0.0000013736678,15.1439384097487
78284,3.5912717901630,0.0026097804640,0.0379163574302,0.0654762888847,0.0000013736678,15.1439384097487
78299,3.5912332006423,0.0025225361934,0.0379771314787,0.0654600574613,0.0000013736678,15.1439384097487
78315,3.5912125647785,0.0025693702136,0.0379068948256,0.0654547526691,0.0000013461944,15.1439384097487
78320,3.5910732422444,0.0025693702136,0.0378281526550,0.0654246590608,0.0000013461944,15.1439384097487
78346,3.5909433147187,0.0025884707369,0.0377491252787,0.0654027824706,0.0000013461944,15.1439384097487
78348,3.5908649153466,0.0025884707369,0.0377365306034,0.0653971750264,0.0000013461944,15.1439384097487
78360,3.5909606419030,0.0025690616964,0.0376883696897,0.0653730110643,0.0000013461944,15.1439384097487
78442,3.5910831789995,0.0025967951933,0.0375674259944,0.0653434365635,0.0000013192705,15.1439384097487
78443,3.5912439746314,0.0026303023703,0.0374878651258,0.0653316574337,0.0000013192705,15.1439384097487
78473,3.5912038306796,0.0026436292136,0.0374459948315,0.0653218472272,0.0000013192705,15.1439384097487
78502,3.5912697715196,0.0026436292136,0.0373286649605,0.0652808767603,0.0000013192705,15.1439384097487
78540,3.5913622402794,0.0026644596371,0.0372908801726,0.0652776179443,0.0000013192705,15.1439384097487
78565,3.5911889100816,0.0026176256169,0.0373516542212,0.0652767986280,0.0000012928851,15.1439384097487
78613,3.5911506487510,0.0026176256169,0.0373529988853,0.0652767374699,0.0000012670274,15.1439384097487
78674,3.5908855071026,0.0025755019939,0.0373595224775,0.0652572626065,0.0000012670274,15.1439384097487
78680,3.5908915237376,0.0025972744969,0.0372064795836,0.0652120206378,0.0000012670274,15.1439384097487
78697,3.5910603695256,0.0024887204992,0.0372950943685,0.0651995347899,0.0000012670274,15.1439384097487
78736,3.5908119860701,0.0024887204992,0.0372950943685,0.0651960201807,0.0000012416869,15.1439384097487
78742,3.5907037207380,0.0025355545194,0.0371686947958,0.0651694172519,0.0000012416869,15.1439384097487
78905,3.5908763735783,0.0025355545194,0.0370883521483,0.0651431664753,0.0000011925161,15.1439384097487
78965,3.5909569539614,0.0025355545194,0.0370834536541,0.0651425572202,0.0000011925161,15.1439384097487
79035,3.5909256514867,0.0025355545194,0.0370622075878,0.0651345264114,0.0000011925161,15.1439384097487
79058,3.5909069326718,0.0025706373380,0.0369841523175,0.0651214201529,0.0000011686657,15.1439384097487
79152,3.5908448443698,0.0026041445149,0.0369084229584,0.0651078556266,0.0000011686657,15.1439384097487
79166,3.5909836858423,0.0025706373380,0.0368272431532,0.0650664672178,0.0000011686657,15.1439384097487
79284,3.5909326510477,0.0026174713583,0.0367077846612,0.0650431530547,0.0000011223866,15.1439384097487
79377,3.5911020681652,0.0026174713583,0.0366260529040,0.0650163603823,0.0000011223866,15.1439384097487
79406,3.5911029958398,0.0025498069145,0.0365057968477,0.0649444258700,0.0000010999388,15.1439384097487
79455,3.5912475974703,0.0025593489122,0.0364235131386,0.0649211743620,0.0000010779401,15.1439384097487
79462,3.5912314216491,0.0026061829325,0.0363409442236,0.0649115283000,0.0000010779401,15.1439384097487
79466,3.5913110677945,0.0025593489122,0.0363631412683,0.0649005110806,0.0000010779401,15.1439384097487
79478,3.5913433610627,0.0025242660937,0.0362802871476,0.0648563417771,0.0000010779401,15.1439384097487
79494,3.5911297761474,0.0024774320734,0.0363422766428,0.0648553869473,0.0000010779401,15.1439384097487
79508,3.5911729619476,0.0025029728942,0.0361984924851,0.0648155926047,0.0000010779401,15.1439384097487
79510,3.5911579439771,0.0025075125052,0.0361845531458,0.0648123473135,0.0000010779401,15.1439384097487
79736,3.5912323058862,0.0025543465254,0.0360530969173,0.0647865225994,0.0000010145486,15.1439384097487
79777,3.5913316855650,0.0025645220854,0.0359509382188,0.0647558045200,0.0000010145486,15.1439384097487
80037,3.5912659201471,0.0025645220854,0.0359322624387,0.0647482040224,0.0000009743724,15.1439384097487
80054,3.5913479233370,0.0025176880652,0.0359803125946,0.0647464534090,0.0000009743724,15.1439384097487
80090,3.5912543291709,0.0024819716844,0.0360220917454,0.0647447431627,0.0000009548850,15.1439384097487
80096,3.5911762387547,0.0024771235562,0.0358959512008,0.0646965102249,0.0000009548850,15.1439384097487
80101,3.5909985496857,0.0025239575764,0.0358353063697,0.0646924087911,0.0000009548850,15.1439384097487
80275,3.5910732195536,0.0024835473260,0.0358775073493,0.0646912184645,0.0000009170716,15.1439384097487
80288,3.5912139656355,0.0025159581649,0.0357932825785,0.0646770200963,0.0000009170716,15.1439384097487
80325,3.5911628253362,0.0025627921851,0.0356607593653,0.0646490384685,0.0000009170716,15.1439384097487
80522,3.5911402106655,0.0026096262053,0.0355759826426,0.0646385127944,0.0000008807555,15.1439384097487
80582,3.5909231746648,0.0025452507758,0.0356379167589,0.0646299716070,0.0000008631404,15.1439384097487
80586,3.5908895197768,0.0025920847961,0.0355759826426,0.0646274477883,0.0000008631404,15.1439384097487
80591,3.5908586764503,0.0025452507758,0.0356239774195,0.0646240806261,0.0000008631404,15.1439384097487
80682,3.5908959587634,0.0025258417353,0.0354909207140,0.0645687697561,0.0000008631404,15.1439384097487
