0,3.12456,0.555358,0.320124,0.396553,100000.000000
1,3.1245261569020,0.5553115894196,0.3200820875791,0.3965175483241,100000.0000000000000,15.1439384097487
2,3.1245272173854,0.5551939562000,0.3200232913076,0.3964461504245,100000.0000000000000,15.1439384097487
3,3.1245592549670,0.5550763229804,0.3199967141986,0.3963866976924,100000.0000000000000,15.1439384097487
4,3.1244772514560,0.5549586897607,0.3199933449970,0.3963339198250,100000.0000000000000,15.1439384097487
5,3.1244681833347,0.5548410565411,0.3199235104266,0.3962584363567,100000.0000000000000,15.1439384097487
6,3.1243375880315,0.5547234233215,0.3199307888182,0.3962087736305,100000.0000000000000,15.1439384097487
7,3.1242966041231,0.5546765893013,0.3198805452383,0.3961701778523,100000.0000000000000,15.1439384097487
8,3.1243522075925,0.5545589560816,0.3192191565351,0.3958843401496,100000.0000000000000,15.1439384097487
391,3.1264337581752,0.5172335090809,0.3636848258335,0.3957977699857,88584.2380864000006,15.1439384097487
392,3.1265093858179,0.5171158758613,0.3635575284833,0.3957029625355,88584.2380864000006,15.1439384097487
393,3.1264985153685,0.5169982426417,0.3635292565688,0.3956422973700,88584.2380864000006,15.1439384097487
394,3.1264979921768,0.5168806094221,0.3634826418386,0.3955752276120,88584.2380864000006,15.1439384097487
395,3.1265212241123,0.5167629762024,0.3633243102149,0.3954685950969,88584.2380864000006,15.1439384097487
396,3.1265039300908,0.5166453429828,0.3632568349082,0.3953938378268,88584.2380864000006,15.1439384097487
397,3.1264957940835,0.5165277097632,0.3632588119915,0.3953440145671,88584.2380864000006,15.1439384097487
398,3.1264756507984,0.5164100765436,0.3631488979181,0.3952540602777,88584.2380864000006,15.1439384097487
399,3.1265651046959,0.5162924433239,0.3629584371734,0.3951368901129,88584.2380864000006,15.1439384097487
400,3.1266040460500,0.5161748101043,0.3626512818396,0.3949773285600,88584.2380864000006,15.1439384097487
401,3.1266090243806,0.5160571768847,0.3623665242870,0.3948252856401,88584.2380864000006,15.1439384097487
402,3.1266649242209,0.5160103428645,0.3621847011533,0.3947410680627,88584.2380864000006,15.1439384097487
403,3.1267020856342,0.5158927096449,0.3619707622466,0.3946147729048,88584.2380864000006,15.1439384097487
404,3.1268345253320,0.5157750764252,0.3615754826094,0.3944250613817,88584.2380864000006,15.1439384097487
405,3.1269019683364,0.5156574432056,0.3614695625054,0.3943377728501,88584.2380864000006,15.1439384097487
406,3.1270273619175,0.5155398099860,0.3611135673248,0.3941619917880,88584.2380864000006,15.1439384097487
407,3.1270407187158,0.5154221767664,0.3609564931574,0.3940556686319,88584.2380864000006,15.1439384097487
408,3.1270894549915,0.5153045435467,0.3608970658830,0.3939847199834,88584.2380864000006,15.1439384097487
409,3.1270900347709,0.5151869103271,0.3607479452518,0.3938810565820,88584.2380864000006,15.1439384097487
410,3.1271774884312,0.5151400763069,0.3607254731833,0.3938541965837,88584.2380864000006,15.1439384097487
411,3.1272520191180,0.5150224430873,0.3604607522087,0.3937102937457,88584.2380864000006,15.1439384097487
412,3.1273092531092,0.5149048098677,0.3603676477951,0.3936274377896,88584.2380864000006,15.1439384097487
413,3.1273878306150,0.5147871766480,0.3603402572589,0.3935683530847,88584.2380864000006,15.1439384097487
414,3.1273664419194,0.5147403426278,0.3602976777526,0.3935327717466,88584.2380864000006,15.1439384097487
415,3.1274281384723,0.5146227094082,0.3602293759575,0.3934588370134,88584.2380864000006,15.1439384097487
416,3.1273846993159,0.5145758753879,0.3602007838966,0.3934279391790,88584.2380864000006,15.1439384097487
417,3.1274645036127,0.5144582421683,0.3601492488572,0.3933602487963,88584.2380864000006,15.1439384097487
418,3.1274854920361,0.5144114081481,0.3600894343696,0.3933191117411,88584.2380864000006,15.1439384097487
419,3.1276352653927,0.5142937749285,0.3599321119775,0.3932146302185,88584.2380864000006,15.1439384097487
420,3.1277223459546,0.5141761417088,0.3598344429160,0.3931305663579,88584.2380864000006,15.1439384097487
443,3.1278582156780,0.5120598400937,0.3563971908603,0.3909979124791,86812.5533246720006,15.1439384097487
444,3.1278516217351,0.5119422068741,0.3563850542787,0.3909430704448,86812.5533246720006,15.1439384097487
445,3.1279504587601,0.5118245736545,0.3559773029987,0.3907484292880,86812.5533246720006,15.1439384097487
446,3.1280707972838,0.5117069404349,0.3559562565261,0.3906922012357,86812.5533246720006,15.1439384097487
447,3.1281163986790,0.5116601064147,0.3559581410391,0.3906734478098,86812.5533246720006,15.1439384097487
448,3.1281277619091,0.5115424731950,0.3559461776404,0.3906189217193,86812.5533246720006,15.1439384097487
449,3.1281817786910,0.5114248399754,0.3552971102587,0.3903374620370,86812.5533246720006,15.1439384097487
499,3.1289942192694,0.5069655867520,0.3491859223693,0.3862552823891,86812.5533246720006,15.1439384097487
501,3.1290066238951,0.5068479535324,0.3489354806379,0.3861156002013,86812.5533246720006,15.1439384097487
502,3.1290357571824,0.5067303203127,0.3487968594267,0.3860160906229,86812.5533246720006,15.1439384097487
503,3.1290772387716,0.5066126870931,0.3487731664153,0.3859578015579,86812.5533246720006,15.1439384097487
504,3.1290459672453,0.5064950538735,0.3487290102504,0.3858911747720,86812.5533246720006,15.1439384097487
505,3.1290875877779,0.5063774206539,0.3486561434015,0.3858153255881,86812.5533246720006,15.1439384097487
506,3.1291557688422,0.5062597874343,0.3486633998682,0.3857684677039,86812.5533246720006,15.1439384097487
507,3.1292612185155,0.5061421542146,0.3486045931978,0.3856985431905,86812.5533246720006,15.1439384097487
508,3.1292344003674,0.5060953201944,0.3485714280782,0.3856662473069,86812.5533246720006,15.1439384097487
509,3.1292121998537,0.5059776869748,0.3484816939933,0.3855834710467,86812.5533246720006,15.1439384097487
510,3.1292190838535,0.5058600537552,0.3483487714422,0.3854856818782,86812.5533246720006,15.1439384097487
511,3.1292444564945,0.5058132197349,0.3481362038081,0.3853900521642,83374.7762130149931,15.1439384097487
512,3.1292376646972,0.5058600537552,0.3062097481068,0.3704362936047,83374.7762130149931,15.1439384097487
513,3.1291354912935,0.5058132197349,0.3061645465634,0.3703986327265,83374.7762130149931,15.1439384097487
514,3.1290158818316,0.5057663857147,0.3061114601730,0.3703579091126,83374.7762130149931,15.1439384097487
515,3.1290824162454,0.5056487524951,0.3057055270200,0.3701634602070,83374.7762130149931,15.1439384097487
516,3.1290684933844,0.5056019184748,0.3056176678579,0.3701118132043,83374.7762130149931,15.1439384097487
517,3.1291447475500,0.5055550844546,0.3055779327367,0.3700786293580,83374.7762130149931,15.1439384097487
518,3.1292198112861,0.5054374512350,0.3055195562162,0.3700084285105,83374.7762130149931,15.1439384097487
519,3.1291056003876,0.5053906172148,0.3054676224600,0.3699681929409,83374.7762130149931,15.1439384097487
520,3.1291881373034,0.5052729839951,0.3054367776929,0.3699079306075,83374.7762130149931,15.1439384097487
523,3.1292166458409,0.5050616827351,0.3056814476311,0.3699051584393,83374.7762130149931,15.1439384097487
524,3.1291296220792,0.5049440495154,0.3057036729849,0.3698614504483,83374.7762130149931,15.1439384097487
525,3.1292263015549,0.5048264162958,0.3053467044046,0.3696849154407,83374.7762130149931,15.1439384097487
526,3.1292579673599,0.5047087830762,0.3051688647829,0.3695714351222,83374.7762130149931,15.1439384097487
527,3.1291096396823,0.5046619490560,0.3051217256884,0.3695324291816,83374.7762130149931,15.1439384097487
528,3.1290649418968,0.5046151150357,0.3049351726897,0.3694450989170,83374.7762130149931,15.1439384097487
532,3.1292926378667,0.5042153813566,0.3053502869583,0.3694252614618,83374.7762130149931,15.1439384097487
533,3.1293442091830,0.5040977481370,0.3052888638870,0.3693536401443,83374.7762130149931,15.1439384097487
534,3.1294614248849,0.5040509141168,0.3041666346372,0.3689344308550,83374.7762130149931,15.1439384097487
535,3.1295169503487,0.5039332808972,0.3041270950830,0.3688706810303,83374.7762130149931,15.1439384097487
536,3.1294782834685,0.5039332808972,0.3031898730968,0.3685354117586,83374.7762130149931,15.1439384097487
537,3.1293707057899,0.5038864468769,0.3031498173275,0.3684995121868,83374.7762130149931,15.1439384097487
538,3.1293799417439,0.5037688136573,0.3030628760994,0.3684181781993,83374.7762130149931,15.1439384097487
539,3.1294299198158,0.5036511804377,0.3030886188283,0.3683776649805,83374.7762130149931,15.1439384097487
540,3.1293739013602,0.5035335472181,0.3029354859664,0.3682717677783,83374.7762130149931,15.1439384097487
541,3.1293893212320,0.5034159139984,0.3029082523266,0.3682118454315,83374.7762130149931,15.1439384097487
542,3.1293590099461,0.5033690799782,0.3028747163261,0.3681793676628,83374.7762130149931,15.1439384097487
543,3.1293262224718,0.5033222459580,0.3028272366469,0.3681418749710,83374.7762130149931,15.1439384097487
544,3.1293678876121,0.5032046127384,0.3024908397889,0.3679719085580,83374.7762130149931,15.1439384097487
545,3.1294070918869,0.5030869795187,0.3023888358124,0.3678856190673,83374.7762130149931,15.1439384097487
546,3.1293754893680,0.5029693462991,0.3022276671568,0.3677771974226,83374.7762130149931,15.1439384097487
547,3.1294708843978,0.5029225122789,0.3021875744682,0.3677441567156,83374.7762130149931,15.1439384097487
548,3.1295455831647,0.5028048790593,0.3017846101427,0.3675508836306,83374.7762130149931,15.1439384097487
592,3.1298157402587,0.4992226246805,0.3052466896613,0.3672559114298,83374.7762130149931,15.1439384097487
593,3.1297712699156,0.4991757906603,0.3052218474841,0.3672263382483,83374.7762130149931,15.1439384097487
594,3.1297919365499,0.4991289566401,0.3051671588579,0.3671870273046,83374.7762130149931,15.1439384097487
595,3.1297239091769,0.4990821226198,0.3049739264036,0.3670969814080,83374.7762130149931,15.1439384097487
596,3.1297153287294,0.4990352885996,0.3048850696299,0.3670450537103,81707.2806887546903,15.1439384097487
597,3.1297491499196,0.4989176553800,0.3046993326755,0.3669287834143,81707.2806887546903,15.1439384097487
598,3.1296713752313,0.4988708213597,0.3046893645408,0.3669040511366,81707.2806887546903,15.1439384097487
599,3.1297115853984,0.4987531881401,0.3045507582999,0.3668047036419,81707.2806887546903,15.1439384097487
600,3.1296986896705,0.4987063541199,0.3044612361883,0.3667524772626,81707.2806887546903,15.1439384097487
601,3.1297439578329,0.4985887209003,0.3044123510712,0.3666852445967,81707.2806887546903,15.1439384097487
602,3.1298189547407,0.4984710876806,0.3044221477652,0.3666393903802,81707.2806887546903,15.1439384097487
603,3.1297692548615,0.4984242536604,0.3043972132898,0.3666097102375,81707.2806887546903,15.1439384097487
604,3.1296971776155,0.4983774196402,0.3043497050026,0.3665716513809,81707.2806887546903,15.1439384097487
605,3.1298127337575,0.4982597864206,0.3042442553637,0.3664852116703,81707.2806887546903,15.1439384097487
606,3.1298960135373,0.4981421532009,0.3042092619476,0.3664234781880,81707.2806887546903,15.1439384097487
607,3.1298765495790,0.4980245199813,0.3041888932441,0.3663655140003,81707.2806887546903,15.1439384097487
608,3.1299527278275,0.4979068867617,0.3040629887516,0.3662712117903,81707.2806887546903,15.1439384097487
634,3.1301318271303,0.4955781875484,0.3029723152735,0.3648862058427,81707.2806887546903,15.1439384097487
635,3.1301792332706,0.4955781875484,0.3024129358955,0.3646870982872,81707.2806887546903,15.1439384097487
637,3.1303251061477,0.4954605543288,0.3011628802002,0.3641922996790,81707.2806887546903,15.1439384097487
638,3.1302174050326,0.4953429211092,0.3010521819815,0.3641008264003,81707.2806887546903,15.1439384097487
639,3.1302038198636,0.4952252878896,0.3010550556673,0.3640512462505,81707.2806887546903,15.1439384097487
640,3.1302590773061,0.4951076546699,0.3009689875813,0.3639708753005,81707.2806887546903,15.1439384097487
641,3.1302656463122,0.4949900214503,0.3008162747336,0.3638660137117,81707.2806887546903,15.1439384097487
642,3.1302402165463,0.4948723882307,0.3005703324775,0.3637274031253,81707.2806887546903,15.1439384097487
643,3.1301682323749,0.4947547550111,0.3002388544378,0.3635575853029,81707.2806887546903,15.1439384097487
644,3.1301767060428,0.4946371217915,0.3001972329737,0.3634924261591,81707.2806887546903,15.1439384097487
645,3.1300973132091,0.4945194885718,0.2998439602071,0.3633147196736,81707.2806887546903,15.1439384097487
646,3.1301404253612,0.4944018553522,0.2996816482715,0.3632069469223,81707.2806887546903,15.1439384097487
647,3.1302570865764,0.4942842221326,0.2996127761058,0.3631335862317,81707.2806887546903,15.1439384097487
653,3.1303866415439,0.4940021216731,0.2999261916238,0.3631264533424,81707.2806887546903,15.1439384097487
654,3.1303359809629,0.4938844884535,0.2999047689092,0.3630676712921,81707.2806887546903,15.1439384097487
655,3.1302252533550,0.4938376544333,0.2998583066764,0.3630294391264,81707.2806887546903,15.1439384097487
656,3.1303454278808,0.4937200212136,0.2996406131687,0.3629029776695,81707.2806887546903,15.1439384097487
657,3.1303393443293,0.4937200212136,0.2990139994664,0.3626791009798,81707.2806887546903,15.1439384097487
658,3.1302967192814,0.4936023879940,0.2988544637712,0.3625711065672,81707.2806887546903,15.1439384097487
659,3.1304353839620,0.4934847547744,0.2988513373113,0.3625215378333,81707.2806887546903,15.1439384097487
660,3.1304634623861,0.4934668883201,0.2988161292096,0.3625017037673,81707.2806887546903,15.1439384097487
661,3.1304420031967,0.4933492551005,0.2984778679304,0.3623301782845,81707.2806887546903,15.1439384097487
662,3.1305052702781,0.4933492551005,0.2977340666846,0.3620654302074,81707.2806887546903,15.1439384097487
663,3.1304293518310,0.4933024210803,0.2977298346987,0.3620427728200,81707.2806887546903,15.1439384097487
664,3.1305133113923,0.4931847878607,0.2975838189664,0.3619413981293,81707.2806887546903,15.1439384097487
665,3.1305521440514,0.4930671546411,0.2974935661579,0.3618593002260,81707.2806887546903,15.1439384097487
666,3.1305856800023,0.4929495214214,0.2973283741850,0.3617503633873,81707.2806887546903,15.1439384097487
667,3.1305721264767,0.4929026874012,0.2972380944372,0.3616978571158,81707.2806887546903,15.1439384097487
668,3.1306806536755,0.4927850541816,0.2972328811397,0.3616471166394,81707.2806887546903,15.1439384097487
669,3.1307120993731,0.4928318882018,0.2953881495977,0.3610088006233,81707.2806887546903,15.1439384097487
670,3.1306711513323,0.4927850541816,0.2953326865983,0.3609683412743,81707.2806887546903,15.1439384097487
673,3.1308702266792,0.4925497877423,0.2950865544547,0.3607824253661,81707.2806887546903,15.1439384097487
677,3.1309878499004,0.4921500540632,0.2953057585068,0.3606910624544,81707.2806887546903,15.1439384097487
678,3.1310035751953,0.4920324208436,0.2952001842398,0.3606031656339,81707.2806887546903,15.1439384097487
679,3.1310259395206,0.4919147876240,0.2950200278183,0.3604887262715,81707.2806887546903,15.1439384097487
680,3.1309994053487,0.4917971544044,0.2949469312252,0.3604118306517,81707.2806887546903,15.1439384097487
681,3.1310716930115,0.4916795211848,0.2948304246926,0.3603208298044,78471.6723734800034,15.1439384097487
692,3.1311476981035,0.4906164368558,0.2960710771754,0.3603093878742,78471.6723734800034,15.1439384097487
693,3.1312104438127,0.4904988036362,0.2959649483300,0.3602219583258,78471.6723734800034,15.1439384097487
694,3.1313407797039,0.4904988036362,0.2955108760082,0.3600616338835,78471.6723734800034,15.1439384097487
695,3.1312847991379,0.4904519696160,0.2954490995607,0.3600187070224,78471.6723734800034,15.1439384097487
696,3.1313648817310,0.4903343363964,0.2953853713622,0.3599466658778,78471.6723734800034,15.1439384097487
697,3.1313623933108,0.4902875023761,0.2953664759266,0.3599198105740,78471.6723734800034,15.1439384097487
698,3.1312549739291,0.4902406683559,0.2952599247005,0.3598601648647,78471.6723734800034,15.1439384097487
699,3.1313641026057,0.4902406683559,0.2947228909882,0.3596699112738,78471.6723734800034,15.1439384097487
700,3.1313535053107,0.4902406683559,0.2938764209945,0.3593674506107,78471.6723734800034,15.1439384097487
703,3.1315288980858,0.4899585678964,0.2941155563759,0.3593344377032,78471.6723734800034,15.1439384097487
704,3.1314043152357,0.4898779016543,0.2931426906901,0.3589506515869,78471.6723734800034,15.1439384097487
705,3.1314485886827,0.4897602684347,0.2930276026606,0.3588597609486,78471.6723734800034,15.1439384097487
706,3.1315242853190,0.4896426352151,0.2929183952129,0.3587714151540,78471.6723734800034,15.1439384097487
707,3.1314471547674,0.4895958011948,0.2929127077917,0.3587482208171,78471.6723734800034,15.1439384097487
708,3.1315246548420,0.4894781679752,0.2927877226973,0.3586542656673,78471.6723734800034,15.1439384097487
709,3.1316305201741,0.4893605347556,0.2927093280633,0.3585773513340,78471.6723734800034,15.1439384097487
710,3.1316780410374,0.4893605347556,0.2920060133719,0.3583268399327,78471.6723734800034,15.1439384097487
711,3.1316060384285,0.4892429015360,0.2919044468473,0.3582391331049,78471.6723734800034,15.1439384097487
712,3.1317191939796,0.4891252683163,0.2917925518714,0.3581503575200,78471.6723734800034,15.1439384097487
713,3.1318147140202,0.4890076350967,0.2917628924762,0.3580907022440,78471.6723734800034,15.1439384097487
714,3.1318168900922,0.4889608010765,0.2908365087718,0.3577398099893,78471.6723734800034,15.1439384097487
715,3.1317738322664,0.4888431678569,0.2907198654900,0.3576471281721,78471.6723734800034,15.1439384097487
716,3.1318493837986,0.4887255346373,0.2905930279623,0.3575524838672,78471.6723734800034,15.1439384097487
717,3.1318229149204,0.4886079014176,0.2903933953459,0.3574303977343,78471.6723734800034,15.1439384097487
718,3.1317678537948,0.4887255346373,0.2886067582748,0.3568419481918,78471.6723734800034,15.1439384097487
719,3.1317358928915,0.4886079014176,0.2882816966334,0.3566749882669,78471.6723734800034,15.1439384097487
720,3.1318816885183,0.4884902681980,0.2880884587428,0.3565576234959,78471.6723734800034,15.1439384097487
721,3.1319566014435,0.4883726349784,0.2880935764629,0.3565100970290,78471.6723734800034,15.1439384097487
722,3.1318848338840,0.4882550017588,0.2878815757313,0.3563829527388,78471.6723734800034,15.1439384097487
723,3.1319364734749,0.4881373685391,0.2876666936398,0.3562565255945,78471.6723734800034,15.1439384097487
724,3.1319833734538,0.4880197353195,0.2874968558574,0.3561461186382,78471.6723734800034,15.1439384097487
725,3.1319418541246,0.4879021020999,0.2872601063058,0.3560105634942,78471.6723734800034,15.1439384097487
726,3.1318650983568,0.4877844688803,0.2872043227997,0.3559391404875,78471.6723734800034,15.1439384097487
727,3.1318396335890,0.4876668356607,0.2871062540781,0.3558533413823,78471.6723734800034,15.1439384097487
728,3.1318142044336,0.4875492024410,0.2870959558823,0.3557988893974,78471.6723734800034,15.1439384097487
729,3.1317288697944,0.4874315692214,0.2869609766763,0.3556990608217,78471.6723734800034,15.1439384097487
733,3.1317011471492,0.4870318355423,0.2873764899375,0.3556757517075,78471.6723734800034,15.1439384097487
734,3.1317080177592,0.4869142023227,0.2873510438005,0.3556163467832,78471.6723734800034,15.1439384097487
735,3.1316587937992,0.4867965691031,0.2873024410370,0.3555478779006,78471.6723734800034,15.1439384097487
736,3.1317070031092,0.4866789358835,0.2873374608809,0.3555106529093,78471.6723734800034,15.1439384097487
737,3.1317113925402,0.4865613026638,0.2871740256582,0.3554019310601,78471.6723734800034,15.1439384097487
738,3.1317366251166,0.4864436694442,0.2871560230791,0.3553454443698,78471.6723734800034,15.1439384097487
739,3.1317612813442,0.4863260362246,0.2868190414773,0.3551750284447,78471.6723734800034,15.1439384097487
740,3.1318386175528,0.4862084030050,0.2863242079120,0.3549489822366,78471.6723734800034,15.1439384097487
741,3.1318036874815,0.4861615689847,0.2861469656427,0.3548651154450,78471.6723734800034,15.1439384097487
742,3.1317380533966,0.4861147349645,0.2860998660063,0.3548272937054,78471.6723734800034,15.1439384097487
743,3.1317898267748,0.4859971017449,0.2860066247957,0.3547443116259,78471.6723734800034,15.1439384097487
744,3.1317748331239,0.4858794685253,0.2859807463841,0.3546844429399,78471.6723734800034,15.1439384097487
745,3.1317601929908,0.4857618353056,0.2859713504747,0.3546304658641,78471.6723734800034,15.1439384097487
746,3.1315949303790,0.4857618353056,0.2852028258041,0.3543536543126,78471.6723734800034,15.1439384097487
747,3.1316542884051,0.4857150012854,0.2851986206665,0.3543329206668,78471.6723734800034,15.1439384097487
748,3.1316641649591,0.4855973680658,0.2851016652167,0.3542480192361,78471.6723734800034,15.1439384097487
749,3.1317666149402,0.4854797348462,0.2850675687929,0.3541868773653,78471.6723734800034,15.1439384097487
750,3.1318583135575,0.4853621016266,0.2849531157995,0.3540968845885,78471.6723734800034,15.1439384097487
751,3.1319461535259,0.4852444684069,0.2847498170366,0.3539751065802,78471.6723734800034,15.1439384097487
752,3.1320222769777,0.4851268351873,0.2847536423736,0.3539271356767,78471.6723734800034,15.1439384097487
753,3.1321588203459,0.4850092019677,0.2846525798229,0.3538425597511,78471.6723734800034,15.1439384097487
754,3.1321589169343,0.4848915687481,0.2844739743415,0.3537283592090,78471.6723734800034,15.1439384097487
1959,3.1450559420507,0.4036588503969,0.3647549005772,0.3477685884700,50313.7367977630565,15.1439384097487
1961,3.1450590203972,0.4035412171772,0.3648442156237,0.3477501160223,50313.7367977630565,15.1439384097487
1962,3.1449469592662,0.4034943831570,0.3647994341869,0.3477124652716,50313.7367977630565,15.1439384097487
1963,3.1448405116649,0.4034943831570,0.3645794736892,0.3476324017245,50313.7367977630565,15.1439384097487
1964,3.1446886724234,0.4036120163766,0.3638608071931,0.3474240008406,50313.7367977630565,15.1439384097487
1972,3.1443469010931,0.4031654486773,0.3641414611879,0.3473280122119,50313.7367977630565,15.1439384097487
1974,3.1443231647680,0.4029301822381,0.3643087608414,0.3472865977468,50313.7367977630565,15.1439384097487
1992,3.1442920938019,0.4018327863837,0.3655206723608,0.3472486711284,50313.7367977630565,15.1439384097487
1993,3.1443123979905,0.4018327863837,0.3651200916790,0.3471058939020,50313.7367977630565,15.1439384097487
1994,3.1444037246296,0.4018327863837,0.3649681995185,0.3470529389677,50313.7367977630565,15.1439384097487
1996,3.1443731434240,0.4016683191438,0.3651119787351,0.3470333700060,50313.7367977630565,15.1439384097487
1997,3.1443893742454,0.4015506859242,0.3649852715128,0.3469379328546,50313.7367977630565,15.1439384097487
1998,3.1441398467182,0.4015506859242,0.3642513067109,0.3466722717704,50313.7367977630565,15.1439384097487
2001,3.1442559687132,0.4013154194850,0.3644079032510,0.3466290137507,50313.7367977630565,15.1439384097487
2006,3.1444890735159,0.4010333190255,0.3641434474931,0.3464169634861,50313.7367977630565,15.1439384097487
2008,3.1443917987686,0.4010333190255,0.3634564048501,0.3461702146825,50313.7367977630565,15.1439384097487
2009,3.1443873453342,0.4010333190255,0.3631226934007,0.3460509690062,50313.7367977630565,15.1439384097487
2010,3.1444703463813,0.4009864850052,0.3630851322333,0.3460186570398,50313.7367977630565,15.1439384097487
2011,3.1444910738821,0.4009396509850,0.3630498563159,0.3459862800677,50313.7367977630565,15.1439384097487
2012,3.1444607413464,0.4008928169648,0.3630276217650,0.3459578382304,50313.7367977630565,15.1439384097487
2013,3.1444194568108,0.4010104501844,0.3628433595757,0.3459418603692,50313.7367977630565,15.1439384097487
2014,3.1444830701038,0.4008928169648,0.3627058776222,0.3458432455584,50313.7367977630565,15.1439384097487
2017,3.1445825840789,0.4006107165053,0.3629501917349,0.3458110085178,50313.7367977630565,15.1439384097487
2018,3.1446069257849,0.4004930832857,0.3625345477961,0.3456124944504,50313.7367977630565,15.1439384097487
9254,3.2898026648787,0.1786858743042,0.5474981622161,0.3186652057354,3789.8695559615962,15.1439384097487
9255,3.2897630753143,0.1787099937419,0.5472931253606,0.3186017549993,3789.8695559615962,15.1439384097487
9374,3.2904715077572,0.1765573421838,0.5483250666145,0.3180577647652,3566.9949071146061,15.1439384097487
9375,3.2904828222671,0.1764397089642,0.5481945851433,0.3179609101024,3566.9949071146061,15.1439384097487
9378,3.2904232987646,0.1762284077041,0.5483776424507,0.3179348877757,3566.9949071146061,15.1439384097487
9381,3.2905974415475,0.1762284077041,0.5478084933155,0.3177340843361,3566.9949071146061,15.1439384097487
9382,3.2905058786946,0.1762284077041,0.5477929600945,0.3177272411490,3566.9949071146061,15.1439384097487
9383,3.2905907885881,0.1762284077041,0.5476252689488,0.3176685529234,3566.9949071146061,15.1439384097487
9384,3.2907556884057,0.1762284077041,0.5476009985634,0.3176622182500,3566.9949071146061,15.1439384097487
9385,3.2909135794702,0.1761107744845,0.5473707096030,0.3175317921037,3566.9949071146061,15.1439384097487
9386,3.2909289424857,0.1761107744845,0.5472371093621,0.3174842951176,3566.9949071146061,15.1439384097487
10190,3.3039699360925,0.1618362818841,0.5469280922988,0.3114408213810,2743.0989459478974,15.1439384097487
10305,3.3060169671511,0.1600526665388,0.5447991571791,0.3099450461855,2581.7827831345935,15.1439384097487
10306,3.3060634021279,0.1600944816445,0.5447139943479,0.3099332087000,2581.7827831345935,15.1439384097487
10318,3.3057968321012,0.1598881992990,0.5449435843874,0.3099230264751,2581.7827831345935,15.1439384097487
10319,3.3057515419586,0.1598831803844,0.5449196221337,0.3099116767115,2581.7827831345935,15.1439384097487
10320,3.3056554703944,0.1598413652787,0.5447689319546,0.3098385786246,2581.7827831345935,15.1439384097487
12129,3.3338484050685,0.1303900993465,0.5456134372269,0.2979171446742,1352.5524720911092,15.1439384097487
12131,3.3339082938433,0.1302690228540,0.5456606858113,0.2978829766654,1352.5524720911092,15.1439384097487
12136,3.3343020915611,0.1301982236546,0.5456606924140,0.2978582087208,1352.5524720911092,15.1439384097487
12142,3.3341151503472,0.1302101291149,0.5455973848737,0.2978380560194,1352.5524720911092,15.1439384097487
12209,3.3347314776304,0.1287930487890,0.5470545391808,0.2977598691221,1325.5014226492870,15.1439384097487
12210,3.3346205133012,0.1287874128400,0.5468800679700,0.2976935724308,1325.5014226492870,15.1439384097487
12211,3.3346837207289,0.1287405788198,0.4526738007524,0.2640292996539,1325.5014226492870,15.1439384097487
12212,3.3346444207959,0.1286281187733,0.4525998632283,0.2639541401411,1325.5014226492870,15.1439384097487
12214,3.3348433476942,0.1285104855537,0.4525804048530,0.2638995912866,1325.5014226492870,15.1439384097487
12215,3.3346944681116,0.1285104855537,0.4519081997453,0.2636574113978,1325.5014226492870,15.1439384097487
12216,3.3347613596393,0.1284636515335,0.4518612533167,0.2636215196038,1325.5014226492870,15.1439384097487
12217,3.3348236637175,0.1284636515335,0.4517899535554,0.2635969370019,1325.5014226492870,15.1439384097487
12218,3.3349252919290,0.1284636515335,0.4515658318096,0.2635183315536,1325.5014226492870,15.1439384097487
12220,3.3350542079271,0.1284636515335,0.4515105850568,0.2635004247232,1325.5014226492870,15.1439384097487
12221,3.3350959377640,0.1283460183138,0.4515394286246,0.2634609022348,1325.5014226492870,15.1439384097487
12239,3.3358201102546,0.1281674529376,0.4516787689409,0.2634443856074,1325.5014226492870,15.1439384097487
12240,3.3358687699830,0.1281206189173,0.4513267515500,0.2632992819195,1325.5014226492870,15.1439384097487
12253,3.3363837586252,0.1281737224488,0.3696863532020,0.2341720425064,1273.0115663123752,15.1439384097487
12255,3.3359125673327,0.1281737224488,0.3696690385445,0.2341591913749,1273.0115663123752,15.1439384097487
17811,3.4106747125075,0.0657638452955,0.3648231234855,0.2067392965640,179.3749081730731,15.1439384097487
17836,3.4101721975322,0.0655553537461,0.3650150253248,0.2067113688608,179.3749081730731,15.1439384097487
17837,3.4100117168463,0.0655553537461,0.3648604039488,0.2066538761498,179.3749081730731,15.1439384097487
17876,3.4104712340207,0.0652737656456,0.3643444014460,0.2063554110644,172.2716618094194,15.1439384097487
17892,3.4104187493406,0.0653204454072,0.3641683685617,0.2063118051346,172.2716618094194,15.1439384097487
17894,3.4103272303733,0.0652736113870,0.3640209525021,0.2062377898317,172.2716618094194,15.1439384097487
17897,3.4106186568300,0.0652429139207,0.3636825520042,0.2061079001189,172.2716618094194,15.1439384097487
17915,3.4104649708472,0.0650846666090,0.3637992525653,0.2060795839678,172.2716618094194,15.1439384097487
17917,3.4103323800079,0.0650378325888,0.3638223269504,0.2060658769452,172.2716618094194,15.1439384097487
17920,3.4105022433001,0.0649909985685,0.3638619482956,0.2060623592569,172.2716618094194,15.1439384097487
17921,3.4105932940596,0.0650378325888,0.3637772148100,0.2060534573829,172.2716618094194,15.1439384097487
17922,3.4104441281347,0.0649909985685,0.3635776494878,0.2059600016427,172.2716618094194,15.1439384097487
17923,3.4104662768623,0.0650141759268,0.3635221769195,0.2059504365677,172.2716618094194,15.1439384097487
17924,3.4104196547718,0.0650141759268,0.3634613252401,0.2059280441256,172.2716618094194,15.1439384097487
17960,3.4109061025394,0.0645928240034,0.3632485530800,0.2056783578760,168.8262285732310,15.1439384097487
17964,3.4110972774774,0.0646396580236,0.3631606954714,0.2056697569942,168.8262285732310,15.1439384097487
17965,3.4111886651298,0.0646396580236,0.3631036061498,0.2056506610799,168.8262285732310,15.1439384097487
17966,3.4111962943842,0.0646396580236,0.3627549938905,0.2055262646551,168.8262285732310,15.1439384097487
17967,3.4113201445002,0.0645928240034,0.3627472772047,0.2055051894437,168.8262285732310,15.1439384097487
17968,3.4112924448649,0.0644751907838,0.3628216920341,0.2054809599835,168.8262285732310,15.1439384097487
17970,3.4113582804824,0.0644751907838,0.3627883633344,0.2054699884461,168.8262285732310,15.1439384097487
17979,3.4112389323116,0.0644957126901,0.3626611382041,0.2054316572336,168.8262285732310,15.1439384097487
17995,3.4118372652390,0.0646147672927,0.2921732930255,0.1803169165847,168.8262285732310,15.1439384097487
18000,3.4119092317493,0.0646623891338,0.2920084743647,0.1802794804590,168.8262285732310,15.1439384097487
18002,3.4119916738514,0.0647092231540,0.2914665656790,0.1801071799159,168.8262285732310,15.1439384097487
18014,3.4121088909810,0.0645096565679,0.2914811606842,0.1800285224954,168.8262285732310,15.1439384097487
18016,3.4120261271674,0.0645582039607,0.2913999773201,0.1800191633598,168.8262285732310,15.1439384097487
18017,3.4119976323346,0.0645931325206,0.2908696949952,0.1798443429981,168.8262285732310,15.1439384097487
18018,3.4121343785113,0.0646399665409,0.2907054877209,0.1798077042152,168.8262285732310,15.1439384097487
18019,3.4121421327276,0.0646399665409,0.2906470858397,0.1797869561221,168.8262285732310,15.1439384097487
18021,3.4121854384526,0.0646399665409,0.2906125606026,0.1797752384534,162.1407099217311,15.1439384097487
18022,3.4121302165758,0.0646167891825,0.2904634449947,0.1797112683397,162.1407099217311,15.1439384097487
18024,3.4120766994304,0.0646399665409,0.2903352740759,0.1796746689011,162.1407099217311,15.1439384097487
18026,3.4118622852756,0.0645931325206,0.2902952958475,0.1796372852935,162.1407099217311,15.1439384097487
18028,3.4118946347545,0.0645462985004,0.2903218956455,0.1796271712414,162.1407099217311,15.1439384097487
18041,3.4123321389230,0.0643278021773,0.2902232968780,0.1795045067692,162.1407099217311,15.1439384097487
18777,3.4198125796746,0.0563974874972,0.2914372802977,0.1766452137204,127.2345266738153,15.1439384097487
18778,3.4198675146934,0.0563974874972,0.2913186326986,0.1766036169047,127.2345266738153,15.1439384097487
18782,3.4198386812366,0.0563689827071,0.2905054242899,0.1763005610001,127.2345266738153,15.1439384097487
18785,3.4196861138426,0.0564059496846,0.2900106869514,0.1761375532654,127.2345266738153,15.1439384097487
18896,3.4208564580787,0.0555721873287,0.2902022874442,0.1758652155814,119.7521186291816,15.1439384097487
18897,3.4208144277418,0.0555253533084,0.2897372975318,0.1756784813062,119.7521186291816,15.1439384097487
18900,3.4209342870925,0.0554722663047,0.2897529068454,0.1756630004898,119.7521186291816,15.1439384097487
18903,3.4208950056164,0.0553637123070,0.2894468805186,0.1755066264009,119.7521186291816,15.1439384097487
18905,3.4207846377385,0.0553741963842,0.2892993624234,0.1754568728448,119.7521186291816,15.1439384097487
18910,3.4210469179840,0.0553741963842,0.2892856210700,0.1754556764665,119.7521186291816,15.1439384097487
18912,3.4209446284397,0.0553637123070,0.2889737126266,0.1753383400277,119.7521186291816,15.1439384097487
18913,3.4211726731030,0.0553400556451,0.2889384569912,0.1753188369767,119.7521186291816,15.1439384097487
18914,3.4211020008531,0.0553400556451,0.2888831730028,0.1752980926875,119.7521186291816,15.1439384097487
18915,3.4212194123438,0.0552932216248,0.2888498124708,0.1752677678535,119.7521186291816,15.1439384097487
18966,3.4211960546430,0.0550628033138,0.2886689041583,0.1751040765273,117.3570762565980,15.1439384097487
18968,3.4212843220137,0.0549688432838,0.2887514644663,0.1750945427447,117.3570762565980,15.1439384097487
18969,3.4213060529963,0.0550156773040,0.2884677722715,0.1750136033186,117.3570762565980,15.1439384097487
18982,3.4216282706519,0.0550388546623,0.2884087724557,0.1750070244676,117.3570762565980,15.1439384097487
18986,3.4215896887582,0.0550010998640,0.2883928113157,0.1749845975014,117.3570762565980,15.1439384097487
18997,3.4217995779501,0.0549116629172,0.2883752779924,0.1749429753982,117.3570762565980,15.1439384097487
19001,3.4218203676656,0.0549348237478,0.2883376644320,0.1749397622271,117.3570762565980,15.1439384097487
19004,3.4221615528718,0.0549348237478,0.2880586892984,0.1748449559986,117.3570762565980,15.1439384097487
19045,3.4215969671592,0.0547359237793,0.2294811594279,0.1538311779226,112.7097360368367,15.1439384097487
19050,3.4218462659020,0.0546341020687,0.2294853128653,0.1537925509777,112.7097360368367,15.1439384097487
19051,3.4218272654193,0.0545164688491,0.2294743858146,0.1537379653671,112.7097360368367,15.1439384097487
19052,3.4219179214212,0.0545304127269,0.2294465453515,0.1537352810685,112.7097360368367,15.1439384097487
19053,3.4219409545986,0.0545304127269,0.2279048759017,0.1531850107543,112.7097360368367,15.1439384097487
19054,3.4219807889526,0.0545304127269,0.2278358320943,0.1531609159051,112.7097360368367,15.1439384097487
19055,3.4220260311036,0.0545164688491,0.2276787765867,0.1530994888782,112.7097360368367,15.1439384097487
19062,3.4221167645583,0.0544455153911,0.2276840918719,0.1530722624418,112.7097360368367,15.1439384097487
19155,3.4231900057178,0.0534787545547,0.2274939744571,0.1526052235829,110.4555413161000,15.1439384097487
19157,3.4231426029371,0.0535255885749,0.2273795862731,0.1525837716368,110.4555413161000,15.1439384097487
19158,3.4231889832476,0.0534787545547,0.2272822231151,0.1525295836357,110.4555413161000,15.1439384097487
19159,3.4231391439480,0.0534319205344,0.2273040738424,0.1525166105211,110.4555413161000,15.1439384097487
19161,3.4233931761577,0.0534319205344,0.2272507068149,0.1525011454072,110.4555413161000,15.1439384097487
19163,3.4232114349439,0.0534228413125,0.2272217188258,0.1524843298329,110.4555413161000,15.1439384097487
19164,3.4231420259039,0.0534104565487,0.2270269714310,0.1524084873027,110.4555413161000,15.1439384097487
19165,3.4232930891944,0.0532928233291,0.2269616423176,0.1523368787749,110.4555413161000,15.1439384097487
19166,3.4233270365462,0.0534043412961,0.2254555042238,0.1518472460800,110.4555413161000,15.1439384097487
19167,3.4235662740875,0.0534043412961,0.2253786322625,0.1518231770033,110.4555413161000,15.1439384097487
19168,3.4236189443899,0.0533811804654,0.2252933045797,0.1517835220419,110.4555413161000,15.1439384097487
19169,3.4235783718290,0.0532635472458,0.2253600089416,0.1517563566923,110.4555413161000,15.1439384097487
19171,3.4237065225166,0.0532167132256,0.2254097795595,0.1517558735136,110.4555413161000,15.1439384097487
19172,3.4237562468225,0.0532167132256,0.2253656950279,0.1517408326337,110.4555413161000,15.1439384097487
19174,3.4237746287650,0.0531698792054,0.2254050975416,0.1517350933403,110.4555413161000,15.1439384097487
19190,3.4240549889361,0.0526567268726,0.2257387109386,0.1516382856314,110.4555413161000,15.1439384097487
19996,3.4299610585575,0.0471093939139,0.2274495928751,0.1499554569732,81.5790500320443,15.1439384097487
19997,3.4299394867639,0.0471093939139,0.2272937314707,0.1498994869464,81.5790500320443,15.1439384097487
19998,3.4299262096017,0.0472270271335,0.2260553836168,0.1495074462218,81.5790500320443,15.1439384097487
19999,3.4298536023418,0.0472270271335,0.2255445126882,0.1493239649308,81.5790500320443,15.1439384097487
20001,3.4300783830595,0.0472270271335,0.2254361416033,0.1492884416041,81.5790500320443,15.1439384097487
20003,3.4300413266805,0.0472270271335,0.2254330817651,0.1492868244594,81.5790500320443,15.1439384097487
20004,3.4299396553096,0.0472270271335,0.2251901537899,0.1491986258252,81.5790500320443,15.1439384097487
20005,3.4297821353557,0.0472270271335,0.2251243721857,0.1491729034983,81.5790500320443,15.1439384097487
20006,3.4297037286845,0.0473446603531,0.2246711254228,0.1490603344423,81.5790500320443,15.1439384097487
20011,3.4296430211054,0.0473446603531,0.2245730365711,0.1490244437014,81.5790500320443,15.1439384097487
20019,3.4295103926333,0.0471801931133,0.1727126120731,0.1304305008795,81.5790500320443,15.1439384097487
20021,3.4294866855646,0.0471333590931,0.1724433682025,0.1303139351780,81.5790500320443,15.1439384097487
20027,3.4293829837368,0.0469734314641,0.1722714297493,0.1301825208012,81.5790500320443,15.1439384097487
20031,3.4291581546210,0.0468968420571,0.1722304899956,0.1301318941121,81.5790500320443,15.1439384097487
20032,3.4291970887178,0.0468500080369,0.1721453995304,0.1300819838521,81.5790500320443,15.1439384097487
20033,3.4292205527614,0.0468500080369,0.1721124471998,0.1300705471773,81.5790500320443,15.1439384097487
20034,3.4291952324051,0.0468500080369,0.1720710644043,0.1300554093261,81.5790500320443,15.1439384097487
20055,3.4292558817078,0.0467494534507,0.1721599906488,0.1300449320600,81.5790500320443,15.1439384097487
20058,3.4293070697036,0.0467875002385,0.1719642100600,0.1299920404941,81.5790500320443,15.1439384097487
20061,3.4294943471218,0.0467875002385,0.1716592812990,0.1298857873281,78.3485196507753,15.1439384097487
20062,3.4295682596431,0.0466698670189,0.1717427277896,0.1298662212665,78.3485196507753,15.1439384097487
20073,3.4298165062079,0.0465053997791,0.1719197806635,0.1298624811480,78.3485196507753,15.1439384097487
20079,3.4298768485995,0.0464026359890,0.1718942446258,0.1298101733510,78.3485196507753,15.1439384097487
20080,3.4297812814393,0.0464562022963,0.1717717014455,0.1297880126495,78.3485196507753,15.1439384097487
20104,3.4295493088265,0.0465569111412,0.1308632359503,0.1152177249377,78.3485196507753,15.1439384097487
20105,3.4295593222555,0.0465100771209,0.1307304228752,0.1151503616630,78.3485196507753,15.1439384097487
20251,3.4318229984387,0.0448508272824,0.1301571387261,0.1142665411168,73.7409999071525,15.1439384097487
20252,3.4318507171492,0.0448508272824,0.1299864858009,0.1142059858614,73.7409999071525,15.1439384097487
20294,3.4316632494342,0.0444907325605,0.1005419913779,0.1035331160311,73.7409999071525,15.1439384097487
20311,3.4322748233649,0.0442962014166,0.1006281420271,0.1034891673600,73.7409999071525,15.1439384097487
20312,3.4321932767354,0.0442962014166,0.1000187691387,0.1032703803062,73.7409999071525,15.1439384097487
20313,3.4321383451697,0.0443442860336,0.0998758118894,0.1032391545607,73.7409999071525,15.1439384097487
20320,3.4321300345813,0.0443533652555,0.0993735754491,0.1030635579043,72.2661799090095,15.1439384097487
20321,3.4321091892390,0.0443065312352,0.0993077329610,0.1030196760468,72.2661799090095,15.1439384097487
20322,3.4321194093281,0.0442596972150,0.0991159134179,0.1029312419578,72.2661799090095,15.1439384097487
20324,3.4321380892100,0.0441487962825,0.0991551686501,0.1028979970316,72.2661799090095,15.1439384097487
20326,3.4323081029925,0.0441309463559,0.0985619258332,0.1026808803121,72.2661799090095,15.1439384097487
20328,3.4322446538122,0.0441309463559,0.0984730508567,0.1026482414474,72.2661799090095,15.1439384097487
20329,3.4321114772017,0.0441309463559,0.0984288693140,0.1026305778849,72.2661799090095,15.1439384097487
24134,3.4584560369085,0.0244770698742,0.0946050235130,0.0932146025050,19.0482943540168,15.1439384097487
24137,3.4586633343880,0.0245262508292,0.0944924109841,0.0931983945423,19.0482943540168,15.1439384097487
24138,3.4585619409708,0.0245262508292,0.0944691053735,0.0931886363998,19.0482943540168,15.1439384097487
24139,3.4586676784914,0.0244794168090,0.0944999942989,0.0931810926148,19.0482943540168,15.1439384097487
42137,3.5465657020986,0.0037726976691,0.1151098354779,0.0929111931233,0.0308850396936,15.1439384097487
43372,3.5504683837968,0.0042776632763,0.0855100423791,0.0826114749615,0.0198025823986,15.1439384097487
43373,3.5504903899454,0.0041930744577,0.0854869875977,0.0825673001457,0.0198025823986,15.1439384097487
43374,3.5504992295741,0.0041825903805,0.0850963288058,0.0824234110528,0.0198025823986,15.1439384097487
43376,3.5503328514896,0.0042848748669,0.0846795993492,0.0823160610737,0.0198025823986,15.1439384097487
43377,3.5502753319041,0.0043154346023,0.0840698215470,0.0821105664184,0.0198025823986,15.1439384097487
43378,3.5503149970560,0.0043030663662,0.0839665391969,0.0820689404514,0.0198025823986,15.1439384097487
43379,3.5502524081004,0.0042562323459,0.0838734482705,0.0820147363395,0.0198025823986,15.1439384097487
43381,3.5501572885813,0.0042009526660,0.0839394779357,0.0820132811365,0.0198025823986,15.1439384097487
43608,3.5517193972476,0.0037346343535,0.0827650197316,0.0814160848056,0.0182652714902,15.1439384097487
43609,3.5517572146141,0.0037930487890,0.0619201192714,0.0739970473697,0.0182652714902,15.1439384097487
43610,3.5517945718453,0.0037933573063,0.0618869691769,0.0739858688742,0.0182652714902,15.1439384097487
43650,3.5522947168283,0.0037072093738,0.0619656104229,0.0739841115090,0.0178999660604,15.1439384097487
43742,3.5507345087340,0.0041542067936,0.0614671399507,0.0739755798231,0.0171911274044,15.1439384097487
46601,3.5529539103323,0.0041595342253,0.0609561171428,0.0738267592464,0.0062604873672,15.1439384097487
46602,3.5530641483973,0.0042063682456,0.0607459878300,0.0737733446475,0.0062604873672,15.1439384097487
46603,3.5530965142832,0.0042514888932,0.0606666518333,0.0737648057585,0.0062604873672,15.1439384097487
46604,3.5531397840394,0.0042605681151,0.0606253328331,0.0737545523319,0.0062604873672,15.1439384097487
46605,3.5531659211864,0.0042561992905,0.0605785297493,0.0737363344303,0.0062604873672,15.1439384097487
46607,3.5531823313982,0.0042561992905,0.0604076593992,0.0736755415087,0.0062604873672,15.1439384097487
46608,3.5529920768052,0.0042411590746,0.0602935574270,0.0736256529078,0.0062604873672,15.1439384097487
46636,3.5528993296837,0.0041471494615,0.0602025074285,0.0735515328514,0.0062604873672,15.1439384097487
47322,3.5528860271591,0.0048551249277,0.0593099728523,0.0735360003299,0.0049127091358,15.1439384097487
47854,3.5552962243459,0.0043374825671,0.0597352453751,0.0735001407766,0.0040959602480,15.1439384097487
48621,3.5551266488589,0.0042373742291,0.0597246854843,0.0734510663318,0.0030868874335,15.1439384097487
48623,3.5550551817209,0.0042838997321,0.0596143753663,0.0734305981071,0.0030868874335,15.1439384097487
48976,3.5550553501275,0.0043123714668,0.0594842624826,0.0733963337750,0.0027344957135,15.1439384097487
49355,3.5570653023691,0.0039085940080,0.0597915475020,0.0733614716321,0.0023738855495,15.1439384097487
49383,3.5573420601055,0.0041158514884,0.0595246447289,0.0733588899511,0.0023738855495,15.1439384097487
49384,3.5574192379189,0.0039999316414,0.0594966403239,0.0733003005043,0.0023738855495,15.1439384097487
49398,3.5576328141939,0.0039245597756,0.0591791109736,0.0731576170267,0.0023738855495,15.1439384097487
49399,3.5577032504754,0.0039245597756,0.0591620715082,0.0731525281720,0.0023738855495,15.1439384097487
49410,3.5575380376441,0.0037492834136,0.0593181342626,0.0731308086786,0.0023738855495,15.1439384097487
49411,3.5575806295538,0.0037961174338,0.0591464128623,0.0730901540027,0.0023738855495,15.1439384097487
51163,3.5603573982230,0.0042077896286,0.0585313184329,0.0730861994521,0.0012949173432,15.1439384097487
51164,3.5604426395617,0.0042077896286,0.0585172191614,0.0730823701572,0.0012949173432,15.1439384097487
51183,3.5597007853316,0.0043164978850,0.0583444181499,0.0730567475753,0.0012690189964,15.1439384097487
51471,3.5618135754922,0.0039969676721,0.0585833025181,0.0730350177406,0.0011470926624,15.1439384097487
51472,3.5618068043192,0.0039969676721,0.0585728812826,0.0730312000591,0.0011470926624,15.1439384097487
51473,3.5616448989425,0.0040027578798,0.0585086004225,0.0730084331764,0.0011470926624,15.1439384097487
51474,3.5617309728417,0.0039559238595,0.0583438867381,0.0729307530775,0.0011470926624,15.1439384097487
51535,3.5620284945574,0.0036301076077,0.0585836463628,0.0728809558908,0.0011241508091,15.1439384097487
51536,3.5620027428961,0.0036251052209,0.0583814172011,0.0728062229258,0.0011241508091,15.1439384097487
51538,3.5619909480341,0.0036402831677,0.0582254176701,0.0727568467454,0.0011241508091,15.1439384097487
51539,3.5619753081645,0.0036813104526,0.0579201909933,0.0726651990370,0.0011241508091,15.1439384097487
52541,3.5638955789481,0.0037030994833,0.0577564638503,0.0726432349164,0.0007973846374,15.1439384097487
52553,3.5634429421365,0.0036197777891,0.0578554133937,0.0726364599609,0.0007814369446,15.1439384097487
52555,3.5634055105081,0.0035948705305,0.0577852529736,0.0726001984736,0.0007814369446,15.1439384097487
52557,3.5634640987043,0.0036171058094,0.0577107609566,0.0725839526061,0.0007814369446,15.1439384097487
52558,3.5634946675224,0.0035702717892,0.0576885321837,0.0725563745824,0.0007814369446,15.1439384097487
52563,3.5633537515293,0.0035917357749,0.0576561049305,0.0725519983197,0.0007814369446,15.1439384097487
52706,3.5631331569644,0.0033627388469,0.0577224290031,0.0724744225496,0.0007504920416,15.1439384097487
52770,3.5633119305301,0.0032880170711,0.0577411284510,0.0724516069396,0.0007354822008,15.1439384097487
52790,3.5634804172616,0.0032208319309,0.0577726652666,0.0724364605325,0.0007354822008,15.1439384097487
52791,3.5634737713530,0.0031739979106,0.0575540118332,0.0723382042585,0.0007354822008,15.1439384097487
52902,3.5639773402119,0.0033915686820,0.0572697517933,0.0723370528976,0.0006922299635,15.1439384097487
53702,3.5637507164436,0.0034376148814,0.0572127919444,0.0723332374687,0.0005432044290,15.1439384097487
53705,3.5636284118662,0.0033907808611,0.0572585094312,0.0723277628180,0.0005432044290,15.1439384097487
53707,3.5636369652156,0.0033768369833,0.0572310753896,0.0723121100277,0.0005432044290,15.1439384097487
53708,3.5635759613692,0.0034004936452,0.0571746447896,0.0723012316110,0.0005432044290,15.1439384097487
53710,3.5636571040694,0.0034382484436,0.0571087385062,0.0722950224443,0.0005432044290,15.1439384097487
53754,3.5639164213608,0.0031332956707,0.0574367392842,0.0722851408561,0.0005216935337,15.1439384097487
53814,3.5632776517455,0.0031907845545,0.0572453800039,0.0722323978018,0.0005112596630,15.1439384097487
53825,3.5632117266554,0.0030139490785,0.0574276422176,0.0722207719813,0.0005112596630,15.1439384097487
53826,3.5631119119435,0.0030097179848,0.0572340133085,0.0721483931022,0.0005112596630,15.1439384097487
53829,3.5632077866823,0.0029830808259,0.0572041304469,0.0721276613475,0.0005112596630,15.1439384097487
53831,3.5631631483468,0.0030249124593,0.0568730585497,0.0720267175976,0.0005112596630,15.1439384097487
54914,3.5666764227227,0.0031872751708,0.0563460949603,0.0719578129320,0.0003482867619,15.1439384097487
54915,3.5666804804575,0.0031772538695,0.0562844175000,0.0719315478409,0.0003482867619,15.1439384097487
54918,3.5666444634198,0.0032126452053,0.0561411651478,0.0718950443632,0.0003482867619,15.1439384097487
54928,3.5669410339871,0.0033288570419,0.0557687288185,0.0718160329150,0.0003482867619,15.1439384097487
54935,3.5670178353775,0.0033525137038,0.0557165340037,0.0718086172136,0.0003482867619,15.1439384097487
54940,3.5669392076070,0.0033713222375,0.0555838695789,0.0717681852844,0.0003482867619,15.1439384097487
55090,3.5673726445647,0.0031678826580,0.0558047053639,0.0717659999203,0.0003278047140,15.1439384097487
55091,3.5674914349650,0.0031678826580,0.0557018108201,0.0717309327451,0.0003278047140,15.1439384097487
55093,3.5675698802528,0.0032147166783,0.0555289141525,0.0716903656538,0.0003278047140,15.1439384097487
55102,3.5673580957430,0.0032073508289,0.0555239798207,0.0716824498633,0.0003278047140,15.1439384097487
55680,3.5677710144685,0.0030273310142,0.0553949299835,0.0715650520588,0.0002733064467,15.1439384097487
55682,3.5676758961758,0.0031449642338,0.0550644303520,0.0714960847956,0.0002733064467,15.1439384097487
55683,3.5676324999517,0.0030866875292,0.0550640901816,0.0714703735220,0.0002733064467,15.1439384097487
56012,3.5691510253417,0.0034176934819,0.0545042067013,0.0714337618627,0.0002470473811,15.1439384097487
56018,3.5689544455599,0.0034743945448,0.0543263024318,0.0713917434884,0.0002470473811,15.1439384097487
56019,3.5688977597895,0.0034604506670,0.0542064221880,0.0713421510682,0.0002470473811,15.1439384097487
56022,3.5688895359654,0.0034186190336,0.0542131199996,0.0713264989343,0.0002470473811,15.1439384097487
56028,3.5688675818554,0.0034450854062,0.0540796147231,0.0712898505603,0.0002470473811,15.1439384097487
56548,3.5716274640813,0.0038642446535,0.0533482523543,0.0712473415404,0.0002059752011,15.1439384097487
56622,3.5712922275226,0.0037347059736,0.0534283613412,0.0712156917409,0.0002018556971,15.1439384097487
56668,3.5715647708922,0.0037230043551,0.0532936590447,0.0711664252689,0.0001978185831,15.1439384097487
56670,3.5715330109857,0.0037230043551,0.0532624417656,0.0711548268401,0.0001978185831,15.1439384097487
56673,3.5714461248334,0.0037245634690,0.0532036928909,0.0711332838576,0.0001978185831,15.1439384097487
56711,3.5716421557815,0.0035225122172,0.0534138993250,0.0711245380152,0.0001978185831,15.1439384097487
56713,3.5717163957753,0.0035693462374,0.0533544716947,0.0711244360754,0.0001978185831,15.1439384097487
56724,3.5718858125829,0.0036161802576,0.0532869747413,0.0711227989801,0.0001978185831,15.1439384097487
56902,3.5714888284563,0.0036805722149,0.0532233647002,0.0711220603626,0.0001861852679,15.1439384097487
56903,3.5716551470869,0.0036805722149,0.0530493889141,0.0710622795507,0.0001861852679,15.1439384097487
56930,3.5721506437606,0.0034589411362,0.0531610505224,0.0710141851933,0.0001861852679,15.1439384097487
56936,3.5721466507474,0.0034589411362,0.0531610505224,0.0710141286924,0.0001861852679,15.1439384097487
56951,3.5722262154492,0.0033676035028,0.0532572162238,0.0710104547210,0.0001824615626,15.1439384097487
57002,3.5721005194863,0.0033790296595,0.0532388441496,0.0710070116007,0.0001788123313,15.1439384097487
57178,3.5712972212009,0.0035445932374,0.0528601761238,0.0709313622223,0.0001682967357,15.1439384097487
57180,3.5712061774610,0.0034977592172,0.0528560723946,0.0709085366189,0.0001682967357,15.1439384097487
57186,3.5709647208745,0.0034576574841,0.0528533120368,0.0708869477253,0.0001682967357,15.1439384097487
57191,3.5709945472189,0.0034700257202,0.0528099565875,0.0708771863496,0.0001682967357,15.1439384097487
57192,3.5709141497835,0.0034231917000,0.0528654274747,0.0708757880395,0.0001682967357,15.1439384097487
57211,3.5704774119796,0.0034609464983,0.0527478041296,0.0708437805191,0.0001682967357,15.1439384097487
57567,3.5718017227893,0.0034549855043,0.0526589728701,0.0708282392669,0.0001521269195,15.1439384097487
57570,3.5715911366243,0.0035486535448,0.0525117453381,0.0708128216712,0.0001490843811,15.1439384097487
57571,3.5715716607521,0.0034504293657,0.0525413096143,0.0707810086822,0.0001490843811,15.1439384097487
57673,3.5716601821295,0.0032912895576,0.0527223259563,0.0707787071725,0.0001431806396,15.1439384097487
57734,3.5721762570308,0.0036061424286,0.0522579570626,0.0707551005090,0.0001431806396,15.1439384097487
57735,3.5721143130077,0.0036302618664,0.0520027417006,0.0706734125636,0.0001431806396,15.1439384097487
57738,3.5720994943935,0.0035834278461,0.0520408934258,0.0706667567744,0.0001431806396,15.1439384097487
57902,3.5713361502430,0.0039842743910,0.0515502045466,0.0706525008539,0.0001347604725,15.1439384097487
57905,3.5712916250016,0.0039592128738,0.0515490410893,0.0706407146539,0.0001347604725,15.1439384097487
58092,3.5700955363387,0.0039001483483,0.0516485253133,0.0706340067914,0.0001268354787,15.1439384097487
58101,3.5699463161604,0.0037825151287,0.0516956982228,0.0705983285666,0.0001268354787,15.1439384097487
58165,3.5692778446659,0.0034809891010,0.0520595096990,0.0705895769694,0.0001242987691,15.1439384097487
58374,3.5689046403795,0.0037861126602,0.0516054281250,0.0705528914026,0.0001169890071,15.1439384097487
58534,3.5695676551872,0.0039201909510,0.0513630711907,0.0705331790944,0.0001101091175,15.1439384097487
58548,3.5694859663601,0.0038031912936,0.0515006170523,0.0705310040147,0.0001101091175,15.1439384097487
58552,3.5694921413779,0.0038136753708,0.0514068822890,0.0705021078656,0.0001101091175,15.1439384097487
58553,3.5693605640453,0.0038136753708,0.0513486592667,0.0704794521186,0.0001101091175,15.1439384097487
58570,3.5694786362417,0.0037936327681,0.0513438421264,0.0704708127381,0.0001101091175,15.1439384097487
58573,3.5692143775044,0.0038299827111,0.0512823141924,0.0704606777795,0.0001101091175,15.1439384097487
58577,3.5690943424486,0.0038210577479,0.0512657454200,0.0704492368886,0.0001101091175,15.1439384097487
58597,3.5690690047001,0.0038910525987,0.0511563577687,0.0704398091360,0.0001079069352,15.1439384097487
58600,3.5690308203641,0.0039274025417,0.0510948298347,0.0704328731151,0.0001079069352,15.1439384097487
58694,3.5699228018408,0.0037095563086,0.0511634074549,0.0703766239291,0.0001057487965,15.1439384097487
58698,3.5700233016194,0.0036627222883,0.0511808171854,0.0703641920322,0.0001057487965,15.1439384097487
58761,3.5704782303039,0.0037864542329,0.0509749728752,0.0703501413938,0.0001036338206,15.1439384097487
58762,3.5704524190082,0.0037795511594,0.0509050676342,0.0703218515481,0.0001036338206,15.1439384097487
58763,3.5704158574299,0.0037396036849,0.0508988565871,0.0703019956269,0.0001036338206,15.1439384097487
58767,3.5703563594651,0.0037513383588,0.0508033172200,0.0702720616781,0.0001036338206,15.1439384097487
58772,3.5705694086014,0.0037900352366,0.0506066434690,0.0702214200600,0.0001036338206,15.1439384097487
58773,3.5707151269220,0.0037850328498,0.0505043110608,0.0701847907957,0.0001036338206,15.1439384097487
58815,3.5704836674585,0.0036508003004,0.0506463101895,0.0701747013989,0.0001015611441,15.1439384097487
58937,3.5702337514109,0.0035361641054,0.0506853511060,0.0701359784902,0.0000975393228,15.1439384097487
58938,3.5702983293275,0.0034893300852,0.0507204953720,0.0701293720640,0.0000975393228,15.1439384097487
58942,3.5701300313894,0.0034971587104,0.0506084518406,0.0700903302376,0.0000975393228,15.1439384097487
58985,3.5702906338179,0.0033671241992,0.0507066541835,0.0700719459403,0.0000975393228,15.1439384097487
58987,3.5703792497525,0.0033885881850,0.0506115925827,0.0700484481291,0.0000975393228,15.1439384097487
58988,3.5703907596378,0.0034094186085,0.0504917041632,0.0700147210250,0.0000975393228,15.1439384097487
59176,3.5706888430557,0.0033808807630,0.0502355182267,0.0699152134028,0.0000899671657,15.1439384097487
59178,3.5707154839854,0.0032300488837,0.0503997379384,0.0699095980332,0.0000899671657,15.1439384097487
59196,3.5706195399357,0.0031800966355,0.0504140872306,0.0698919570722,0.0000899671657,15.1439384097487
59199,3.5709330779028,0.0032629390261,0.0502621422810,0.0698776314417,0.0000899671657,15.1439384097487
59203,3.5707799448078,0.0033097730463,0.0501981406853,0.0698726786289,0.0000899671657,15.1439384097487
59225,3.5707546295735,0.0031483028312,0.0503535442186,0.0698586201611,0.0000899671657,15.1439384097487
59226,3.5707594650449,0.0031483028312,0.0502342586344,0.0698160865884,0.0000899671657,15.1439384097487
59256,3.5699374564904,0.0032582286288,0.0500819269207,0.0697971620950,0.0000881678224,15.1439384097487
59263,3.5699133337335,0.0031911977473,0.0500095362393,0.0697422394242,0.0000881678224,15.1439384097487
59267,3.5699283062220,0.0031911977473,0.0498913869659,0.0697002551148,0.0000881678224,15.1439384097487
59272,3.5697186638171,0.0032544603110,0.0497835737328,0.0696858964900,0.0000881678224,15.1439384097487
59277,3.5696716028644,0.0031607922705,0.0498395344828,0.0696650731169,0.0000881678224,15.1439384097487
59278,3.5694241665597,0.0031607922705,0.0498288235474,0.0696577465757,0.0000881678224,15.1439384097487
59287,3.5693955411483,0.0032062049077,0.0496896949176,0.0696271152905,0.0000881678224,15.1439384097487
59294,3.5697558649930,0.0032243798792,0.0496248996432,0.0696168619529,0.0000881678224,15.1439384097487
59401,3.5703014516353,0.0030018232488,0.0497891062282,0.0695878457632,0.0000846763767,15.1439384097487
59562,3.5718196153368,0.0030651188679,0.0496030826969,0.0695700173963,0.0000813231921,15.1439384097487
59564,3.5717321519264,0.0030651188679,0.0495187897849,0.0695386751835,0.0000813231921,15.1439384097487
59567,3.5717577456442,0.0031313619287,0.0493136338174,0.0694941572277,0.0000813231921,15.1439384097487
59600,3.5722052481022,0.0029825849946,0.0493904692325,0.0694641690340,0.0000796967283,15.1439384097487
59601,3.5723223952992,0.0029993551108,0.0493070227419,0.0694432115336,0.0000796967283,15.1439384097487
59606,3.5724117171520,0.0030461891310,0.0491494210198,0.0694082608255,0.0000796967283,15.1439384097487
59608,3.5723937967218,0.0030458806138,0.0491437846551,0.0694058620435,0.0000796967283,15.1439384097487
59703,3.5731223009184,0.0031929441753,0.0488993286494,0.0693918918534,0.0000765407379,15.1439384097487
59711,3.5731505938416,0.0032817475598,0.0487641786859,0.0693820829456,0.0000765407379,15.1439384097487
59714,3.5731168176730,0.0032858078672,0.0486671427308,0.0693486894486,0.0000765407379,15.1439384097487
59730,3.5727452431343,0.0032862706431,0.0486717906846,0.0693452900098,0.0000765407379,15.1439384097487
59732,3.5728064695740,0.0033240254414,0.0485506098965,0.0693190581348,0.0000765407379,15.1439384097487
59740,3.5726093365320,0.0032229750239,0.0486429804655,0.0693059508826,0.0000765407379,15.1439384097487
59742,3.5725987441483,0.0032229750239,0.0486176547166,0.0692967560907,0.0000765407379,15.1439384097487
60387,3.5759796515130,0.0034186520890,0.0482072830199,0.0692818959826,0.0000625393555,15.1439384097487
60392,3.5758087516122,0.0034654861093,0.0480778620657,0.0692533277140,0.0000625393555,15.1439384097487
60588,3.5757470129826,0.0031363808432,0.0484506180175,0.0692445361282,0.0000600627970,15.1439384097487
60591,3.5757310241393,0.0030187476236,0.0483927351655,0.0691732232030,0.0000600627970,15.1439384097487
60594,3.5757521170162,0.0030419249819,0.0483400351557,0.0691646333873,0.0000600627970,15.1439384097487
60625,3.5757202064372,0.0030707382893,0.0482094199398,0.0691298821237,0.0000600627970,15.1439384097487
60631,3.5756065184826,0.0030707382893,0.0481857090549,0.0691198052735,0.0000600627970,15.1439384097487
60642,3.5752796141070,0.0030248298208,0.0482349253966,0.0691130818055,0.0000588615411,15.1439384097487
60669,3.5750209471736,0.0028746315037,0.0482607215898,0.0690542639045,0.0000588615411,15.1439384097487
60672,3.5747585724317,0.0029922647233,0.0481236628071,0.0690520159912,0.0000588615411,15.1439384097487
60677,3.5747511376841,0.0029728556828,0.0481314670293,0.0690463798520,0.0000588615411,15.1439384097487
60680,3.5746344154310,0.0029711423102,0.0480009790904,0.0689973911021,0.0000588615411,15.1439384097487
60681,3.5745548753908,0.0029825849946,0.0479509754172,0.0689833111687,0.0000588615411,15.1439384097487
60685,3.5746877347525,0.0029825849946,0.0478703533512,0.0689563975248,0.0000588615411,15.1439384097487
60687,3.5747466988281,0.0029357509744,0.0478431784207,0.0689274548073,0.0000588615411,15.1439384097487
60796,3.5743226063591,0.0030284604077,0.0477051062904,0.0689118750664,0.0000565306241,15.1439384097487
60935,3.5742935171425,0.0027136405921,0.0479414761685,0.0688609584914,0.0000542920114,15.1439384097487
60943,3.5742744759553,0.0026530169527,0.0479843792662,0.0688500300351,0.0000542920114,15.1439384097487
60944,3.5743153042234,0.0026580358672,0.0479607194934,0.0688443087969,0.0000542920114,15.1439384097487
60945,3.5744438960788,0.0026754230179,0.0477440335056,0.0687761921462,0.0000542920114,15.1439384097487
60946,3.5744740047186,0.0026459761484,0.0477554629973,0.0687680800558,0.0000542920114,15.1439384097487
61091,3.5746376626771,0.0029247710659,0.0473916178500,0.0687599346456,0.0000521420477,15.1439384097487
61114,3.5744502511897,0.0030076465119,0.0472911225742,0.0687569096639,0.0000521420477,15.1439384097487
61116,3.5744533515234,0.0030076465119,0.0472882122187,0.0687559141208,0.0000521420477,15.1439384097487
61141,3.5744210149081,0.0027437044962,0.0475478598726,0.0687350698581,0.0000510992068,15.1439384097487
61143,3.5744224550741,0.0027437044962,0.0475371489372,0.0687312649023,0.0000510992068,15.1439384097487
61144,3.5744222312850,0.0027905385164,0.0474097865803,0.0687058469026,0.0000510992068,15.1439384097487
61158,3.5744718701836,0.0028260841109,0.0473317708036,0.0686939203384,0.0000510992068,15.1439384097487
61171,3.5743070362671,0.0028594700846,0.0471840095625,0.0686531243522,0.0000510992068,15.1439384097487
61174,3.5743866289284,0.0028170048890,0.0472068763873,0.0686442179366,0.0000510992068,15.1439384097487
61511,3.5738435402606,0.0028292353942,0.0469999776250,0.0685678824983,0.0000471322813,15.1439384097487
61515,3.5738395463780,0.0028882833920,0.0468776159211,0.0685494316614,0.0000471322813,15.1439384097487
61518,3.5738029062059,0.0028986297383,0.0466987448389,0.0684894648245,0.0000471322813,15.1439384097487
61534,3.5737918679657,0.0027809965186,0.0468216677287,0.0684827954292,0.0000461896357,15.1439384097487
61550,3.5736349933542,0.0029038029114,0.0466286005789,0.0684642544216,0.0000452658430,15.1439384097487
61551,3.5736676560552,0.0029038029114,0.0464881510463,0.0684145560493,0.0000452658430,15.1439384097487
61619,3.5733100574814,0.0028887461678,0.0465029868707,0.0684083416720,0.0000452658430,15.1439384097487
61660,3.5738729304968,0.0025715959452,0.0467258528967,0.0683599797728,0.0000443605261,15.1439384097487
61675,3.5737731660917,0.0025449587863,0.0467521218777,0.0683565339668,0.0000443605261,15.1439384097487
61678,3.5738826652302,0.0025449587863,0.0465464650877,0.0682846345187,0.0000443605261,15.1439384097487
61679,3.5738232380629,0.0025501319594,0.0464748311845,0.0682604271657,0.0000443605261,15.1439384097487
61686,3.5739038266126,0.0025424410652,0.0464311889826,0.0682426848900,0.0000443605261,15.1439384097487
62217,3.5741963281600,0.0028546219564,0.0460408252471,0.0682411999581,0.0000392964341,15.1439384097487
62221,3.5740990082141,0.0028546219564,0.0459780400275,0.0682173995946,0.0000385105054,15.1439384097487
62227,3.5740284041720,0.0029006681558,0.0459233486551,0.0682166020046,0.0000385105054,15.1439384097487
62231,3.5740555602166,0.0028821846671,0.0459041413797,0.0682022050244,0.0000385105054,15.1439384097487
62244,3.5740251883821,0.0028821846671,0.0459019149694,0.0682009801185,0.0000385105054,15.1439384097487
62411,3.5743903241694,0.0029063041048,0.0458464784296,0.0681966849031,0.0000362457796,15.1439384097487
62413,3.5744685940074,0.0028856279399,0.0458248067566,0.0681811913193,0.0000362457796,15.1439384097487
62423,3.5743747185903,0.0028184262720,0.0457694546652,0.0681312936696,0.0000362457796,15.1439384097487
62458,3.5747313301976,0.0028311030254,0.0457066388945,0.0681193383904,0.0000362457796,15.1439384097487
62467,3.5745839853316,0.0027393191439,0.0457914369427,0.0681082025384,0.0000362457796,15.1439384097487
62475,3.5745551478246,0.0027029692009,0.0458239768876,0.0681038373515,0.0000362457796,15.1439384097487
62476,3.5745919651188,0.0026670985614,0.0458100735674,0.0680840197110,0.0000362457796,15.1439384097487
62504,3.5744544813075,0.0025751604213,0.0458846690920,0.0680693135231,0.0000362457796,15.1439384097487
62506,3.5745227149208,0.0026219944415,0.0457573518371,0.0680448802989,0.0000362457796,15.1439384097487
62545,3.5744431082821,0.0024575272016,0.0458110729760,0.0679924540314,0.0000362457796,15.1439384097487
62551,3.5743540016843,0.0024821259430,0.0457670170037,0.0679860012209,0.0000355208640,15.1439384097487
62553,3.5743853477514,0.0025289599632,0.0456326606769,0.0679585320862,0.0000355208640,15.1439384097487
62559,3.5741897099804,0.0025043612219,0.0456006309584,0.0679337823219,0.0000355208640,15.1439384097487
62572,3.5744945607320,0.0025043612219,0.0454681903964,0.0678907957389,0.0000348104467,15.1439384097487
62621,3.5740582211687,0.0025803335944,0.0453470632762,0.0678739214657,0.0000348104467,15.1439384097487
62634,3.5741879486459,0.0025248831282,0.0453753383195,0.0678620908451,0.0000348104467,15.1439384097487
62819,3.5740375208610,0.0026719632173,0.0451312606493,0.0678358260294,0.0000334319530,15.1439384097487
62822,3.5739694383485,0.0026913722578,0.0450364120005,0.0678093063092,0.0000334319530,15.1439384097487
62859,3.5739046655615,0.0026843314535,0.0449784468830,0.0677846704634,0.0000334319530,15.1439384097487
62873,3.5735050936146,0.0025906634130,0.0450644582204,0.0677695914359,0.0000327633140,15.1439384097487
62892,3.5737060101444,0.0026497114108,0.0449616892118,0.0677610374588,0.0000327633140,15.1439384097487
62896,3.5736361608921,0.0026788497631,0.0448744776159,0.0677413899633,0.0000327633140,15.1439384097487
62900,3.5735765843009,0.0026879289850,0.0448331586157,0.0677296812678,0.0000327633140,15.1439384097487
62904,3.5735686794417,0.0026656937061,0.0448493700157,0.0677258297951,0.0000321080477,15.1439384097487
62907,3.5735757039143,0.0026879289850,0.0446646597528,0.0676694906451,0.0000321080477,15.1439384097487
62974,3.5732506828283,0.0027438422271,0.0445504630013,0.0676480698824,0.0000321080477,15.1439384097487
62998,3.5735917637797,0.0027358593433,0.0445360672403,0.0676443335759,0.0000321080477,15.1439384097487
63089,3.5736714860418,0.0026556558770,0.0446258375512,0.0676431495518,0.0000308365690,15.1439384097487
63136,3.5734265002252,0.0029124028297,0.0442325143876,0.0676092448688,0.0000308365690,15.1439384097487
63146,3.5733484919500,0.0028483359175,0.0442580369793,0.0675897990201,0.0000302198376,15.1439384097487
63152,3.5733533089052,0.0028483359175,0.0441813634677,0.0675624837827,0.0000302198376,15.1439384097487
63183,3.5734013676889,0.0028951699377,0.0440258168627,0.0675276831753,0.0000302198376,15.1439384097487
63224,3.5734115919643,0.0028901675509,0.0440278217653,0.0675264000047,0.0000302198376,15.1439384097487
63244,3.5733352322255,0.0027725343312,0.0441395759084,0.0675148174765,0.0000296154409,15.1439384097487
63246,3.5733201146547,0.0027725343312,0.0441234950824,0.0675088604117,0.0000296154409,15.1439384097487
63249,3.5734868994111,0.0027556264842,0.0439721116031,0.0674499086563,0.0000296154409,15.1439384097487
63255,3.5733338111453,0.0027305649669,0.0439767773132,0.0674386681425,0.0000296154409,15.1439384097487
63308,3.5734077260883,0.0028117105126,0.0437668163368,0.0673995046334,0.0000290231320,15.1439384097487
63316,3.5733409708940,0.0028117105126,0.0437079615681,0.0673775404916,0.0000290231320,15.1439384097487
63760,3.5743520364248,0.0028572443530,0.0435981928696,0.0673721583976,0.0000262346126,15.1439384097487
63892,3.5743564772601,0.0027701378133,0.0436799466462,0.0673640876383,0.0000257099204,15.1439384097487
63896,3.5746356505919,0.0028044493388,0.0435142184441,0.0673235542181,0.0000257099204,15.1439384097487
63910,3.5746157255881,0.0028512833590,0.0433954278145,0.0673009187788,0.0000257099204,15.1439384097487
64129,3.5746523351033,0.0028610126708,0.0433559481283,0.0672915066181,0.0000241979714,15.1439384097487
64179,3.5744383067706,0.0029183472960,0.0432771227570,0.0672848981954,0.0000237140120,15.1439384097487
64180,3.5744142836662,0.0029457557480,0.0431907989208,0.0672654748080,0.0000237140120,15.1439384097487
64181,3.5744790142587,0.0029080009497,0.0432153224087,0.0672589685022,0.0000237140120,15.1439384097487
64183,3.5745488212480,0.0028813637908,0.0431782710294,0.0672353077058,0.0000237140120,15.1439384097487
64184,3.5745021099663,0.0028345297706,0.0431514684304,0.0672050026645,0.0000237140120,15.1439384097487
64209,3.5742376854012,0.0029479484242,0.0430047626944,0.0671974741633,0.0000237140120,15.1439384097487
64219,3.5741164257857,0.0029479484242,0.0430042361786,0.0671955703065,0.0000237140120,15.1439384097487
64225,3.5741810761178,0.0029947824444,0.0429393003472,0.0671933654590,0.0000237140120,15.1439384097487
64303,3.5740948890201,0.0029308532631,0.0430156847419,0.0671920278377,0.0000232397317,15.1439384097487
64318,3.5740152909841,0.0029776872833,0.0428523247420,0.0671526303967,0.0000232397317,15.1439384097487
64347,3.5740772636792,0.0029344507946,0.0428488879185,0.0671337499455,0.0000227749371,15.1439384097487
64350,3.5739625443364,0.0028876167743,0.0428306702206,0.0671055486308,0.0000227749371,15.1439384097487
64399,3.5737826532803,0.0029006351004,0.0427554135129,0.0670817050714,0.0000227749371,15.1439384097487
64417,3.5737700090617,0.0028851321086,0.0427447964562,0.0670710902113,0.0000227749371,15.1439384097487
64421,3.5737455034536,0.0029319661289,0.0426794079475,0.0670674621427,0.0000227749371,15.1439384097487
64423,3.5736312821962,0.0029894550127,0.0425482928901,0.0670436572064,0.0000227749371,15.1439384097487
64431,3.5735237194865,0.0029894550127,0.0424907931790,0.0670215995901,0.0000223194383,15.1439384097487
64434,3.5735621261497,0.0029426209924,0.0424609081335,0.0669913980883,0.0000223194383,15.1439384097487
64529,3.5737480136578,0.0029842653118,0.0423125704970,0.0669588982223,0.0000218730496,15.1439384097487
64722,3.5741142942540,0.0029968043343,0.0422551116903,0.0669489339326,0.0000210068768,15.1439384097487
64724,3.5741164111036,0.0029968043343,0.0422534981978,0.0669483876385,0.0000210068768,15.1439384097487
64725,3.5741032233430,0.0029968043343,0.0422414839780,0.0669439102398,0.0000210068768,15.1439384097487
64763,3.5738945288141,0.0029745525277,0.0422537813368,0.0669358126515,0.0000210068768,15.1439384097487
64773,3.5741679388002,0.0030088640532,0.0421235902999,0.0669078895251,0.0000205867393,15.1439384097487
64774,3.5740833564046,0.0030088640532,0.0420972641815,0.0668972905047,0.0000205867393,15.1439384097487
64790,3.5740822771888,0.0030556980734,0.0420293496828,0.0668930917787,0.0000205867393,15.1439384097487
64806,3.5741283184116,0.0030088640532,0.0419988770557,0.0668627884549,0.0000205867393,15.1439384097487
64814,3.5741653706647,0.0029035990697,0.0420795563416,0.0668470132081,0.0000205867393,15.1439384097487
64817,3.5741844689073,0.0028895009332,0.0420922721413,0.0668457827456,0.0000205867393,15.1439384097487
64828,3.5742422444908,0.0028895009332,0.0420344965560,0.0668259661286,0.0000205867393,15.1439384097487
64833,3.5742103454537,0.0028171426199,0.0420683587078,0.0668065976793,0.0000205867393,15.1439384097487
64842,3.5743523640067,0.0027718677136,0.0418953873401,0.0667274282125,0.0000205867393,15.1439384097487
64912,3.5748124175135,0.0027128362436,0.0419375397470,0.0667236931685,0.0000201750045,15.1439384097487
64939,3.5748510732531,0.0028204316341,0.0417736236186,0.0667118109804,0.0000201750045,15.1439384097487
64950,3.5748226150387,0.0028065042840,0.0417094570175,0.0666825227910,0.0000197715044,15.1439384097487
64964,3.5746828988701,0.0028533383043,0.0415891763885,0.0666576601720,0.0000197715044,15.1439384097487
65130,3.5749853177539,0.0026460973516,0.0417269971653,0.0666223435338,0.0000189885528,15.1439384097487
65132,3.5749499721395,0.0026929313718,0.0416658170047,0.0666200650613,0.0000189885528,15.1439384097487
65146,3.5751778061798,0.0026929313718,0.0416564507334,0.0666199438008,0.0000189885528,15.1439384097487
65220,3.5747015496291,0.0027804841596,0.0415304483258,0.0666057265661,0.0000189885528,15.1439384097487
65221,3.5748291077487,0.0027336501394,0.0415251962835,0.0665855840526,0.0000189885528,15.1439384097487
65298,3.5749004050089,0.0028096059842,0.0412851802521,0.0665334253977,0.0000182366061,15.1439384097487
65428,3.5747610843464,0.0026747398726,0.0414238238002,0.0665231698104,0.0000182366061,15.1439384097487
65434,3.5750003531514,0.0027079550600,0.0412823992689,0.0664902817671,0.0000182366061,15.1439384097487
65527,3.5747202822710,0.0026957410825,0.0412996476889,0.0664872443712,0.0000175144365,15.1439384097487
65535,3.5747521937023,0.0027425751027,0.0411908634644,0.0664689161300,0.0000175144365,15.1439384097487
65582,3.5746760493457,0.0027425751027,0.0411908634644,0.0664678386924,0.0000175144365,15.1439384097487
65608,3.5746174440738,0.0027425751027,0.0411908634644,0.0664670094317,0.0000175144365,15.1439384097487
65609,3.5745266949336,0.0027894091229,0.0410720728348,0.0664433718356,0.0000175144365,15.1439384097487
65663,3.5745972573372,0.0027566732391,0.0410787681104,0.0664327317942,0.0000171641478,15.1439384097487
65686,3.5746572215304,0.0027566732391,0.0410197169255,0.0664124905747,0.0000171641478,15.1439384097487
65753,3.5744588049110,0.0028035072593,0.0409234125758,0.0663953603051,0.0000168208649,15.1439384097487
65820,3.5742738552317,0.0026592534085,0.0410741356793,0.0663847498805,0.0000164844476,15.1439384097487
65822,3.5741782959976,0.0026592534085,0.0410284820054,0.0663670928402,0.0000164844476,15.1439384097487
65824,3.5741574967005,0.0026592534085,0.0410072604668,0.0663592194106,0.0000164844476,15.1439384097487
65940,3.5742311161279,0.0026313656529,0.0410142412224,0.0663508023523,0.0000161547586,15.1439384097487
66192,3.5745362985257,0.0026468686447,0.0409737565798,0.0663473060012,0.0000152047296,15.1439384097487
66195,3.5743706151366,0.0026580028118,0.0409127425559,0.0663279426554,0.0000152047296,15.1439384097487
66207,3.5745138199701,0.0026854112639,0.0408147755150,0.0663067272448,0.0000152047296,15.1439384097487
66328,3.5744914102658,0.0025574482256,0.0408584937773,0.0662671825120,0.0000149006350,15.1439384097487
66329,3.5743528234462,0.0025574482256,0.0407640073562,0.0662314763674,0.0000149006350,15.1439384097487
66343,3.5742774564890,0.0026042822459,0.0406922639373,0.0662248590033,0.0000149006350,15.1439384097487
66398,3.5740442268555,0.0026672528201,0.0405072036637,0.0661824532537,0.0000146026223,15.1439384097487
66455,3.5740847556396,0.0025937981686,0.0405840123148,0.0661789778295,0.0000146026223,15.1439384097487
66493,3.5743143970543,0.0025937981686,0.0405493795809,0.0661698584066,0.0000143105698,15.1439384097487
66518,3.5745753916833,0.0025770280525,0.0405580919002,0.0661694758131,0.0000143105698,15.1439384097487
66575,3.5747325779503,0.0025715298343,0.0405492832405,0.0661661976591,0.0000140243584,15.1439384097487
66624,3.5750029494163,0.0026127279055,0.0404495839630,0.0661520728287,0.0000140243584,15.1439384097487
66642,3.5749786067562,0.0025715298343,0.0404509003880,0.0661345422172,0.0000137438713,15.1439384097487
66669,3.5751352996530,0.0024930562684,0.0404317025622,0.0660962715166,0.0000137438713,15.1439384097487
66677,3.5751908560516,0.0024930562684,0.0404077663032,0.0660885089720,0.0000137438713,15.1439384097487
66724,3.5753779294643,0.0025823554842,0.0402499070106,0.0660730488220,0.0000137438713,15.1439384097487
66755,3.5756634125915,0.0025398902886,0.0402727738354,0.0660670557427,0.0000134689938,15.1439384097487
66762,3.5757112971771,0.0025510244558,0.0402117598115,0.0660507143695,0.0000134689938,15.1439384097487
66956,3.5756451069708,0.0024116187331,0.0403511254826,0.0660398059267,0.0000131996140,15.1439384097487
66973,3.5757126335053,0.0023647847129,0.0403653409488,0.0660257666519,0.0000129356217,15.1439384097487
66978,3.5755816917563,0.0023647847129,0.0403431448312,0.0660159866501,0.0000129356217,15.1439384097487
67185,3.5757059194985,0.0023293768494,0.0403749373814,0.0660139241479,0.0000124233711,15.1439384097487
67187,3.5757181764950,0.0022825428291,0.0404087778992,0.0660061117598,0.0000121749036,15.1439384097487
67190,3.5756777206794,0.0023293768494,0.0403467628335,0.0660034627980,0.0000121749036,15.1439384097487
67213,3.5756322278415,0.0024011181282,0.0402107033811,0.0659849726782,0.0000121749036,15.1439384097487
67225,3.5756589084499,0.0023542841080,0.0400990215719,0.0659253921236,0.0000121749036,15.1439384097487
67260,3.5755510594113,0.0024011181282,0.0400410972891,0.0659232505460,0.0000121749036,15.1439384097487
67299,3.5756040710210,0.0023519371732,0.0400410972891,0.0659029231046,0.0000121749036,15.1439384097487
67301,3.5756698007839,0.0023314152669,0.0400124627240,0.0658848314432,0.0000121749036,15.1439384097487
67395,3.5755582433501,0.0023589945053,0.0399407917470,0.0658694758091,0.0000119314056,15.1439384097487
67443,3.5755353299605,0.0023589945053,0.0399395482623,0.0658687074845,0.0000116927775,15.1439384097487
67473,3.5753368010906,0.0023470890450,0.0399476167722,0.0658636775848,0.0000116927775,15.1439384097487
67500,3.5752451729049,0.0023002550248,0.0400055410550,0.0658629965731,0.0000114589219,15.1439384097487
67551,3.5753255773698,0.0023470890450,0.0399045121203,0.0658481242514,0.0000114589219,15.1439384097487
67554,3.5753648929478,0.0023907883096,0.0398088004944,0.0658332260969,0.0000114589219,15.1439384097487
67562,3.5754118405726,0.0024171004236,0.0396986922241,0.0658058426407,0.0000114589219,15.1439384097487
67733,3.5749531693722,0.0024362174745,0.0396853485855,0.0658027799106,0.0000110051486,15.1439384097487
67737,3.5748897593392,0.0024059827841,0.0397234660172,0.0658025383068,0.0000110051486,15.1439384097487
67751,3.5748733245444,0.0023937522789,0.0396472936846,0.0657698597060,0.0000110051486,15.1439384097487
67755,3.5748063946388,0.0024405862991,0.0395238398408,0.0657448937168,0.0000110051486,15.1439384097487
67767,3.5749521785589,0.0024405862991,0.0395143772362,0.0657435770478,0.0000110051486,15.1439384097487
67923,3.5747392378689,0.0024691076169,0.0394638768423,0.0657347515183,0.0000105693447,15.1439384097487
67941,3.5750073267669,0.0023807670083,0.0395572845427,0.0657340445904,0.0000105693447,15.1439384097487
67985,3.5744586368149,0.0024276010285,0.0394963812766,0.0657246012208,0.0000105693447,15.1439384097487
67994,3.5744098853282,0.0023807670083,0.0395350884251,0.0657176636492,0.0000105693447,15.1439384097487
68019,3.5743414118526,0.0024153705233,0.0394594882835,0.0657045247814,0.0000103579578,15.1439384097487
68023,3.5743390619482,0.0024153705233,0.0394565132546,0.0657034290201,0.0000103579578,15.1439384097487
68041,3.5744007379753,0.0024622045435,0.0393516348808,0.0656869168926,0.0000103579578,15.1439384097487
68107,3.5743243102439,0.0024866324985,0.0393194238560,0.0656848006315,0.0000101507987,15.1439384097487
68108,3.5743246440574,0.0024866324985,0.0393141718136,0.0656829296255,0.0000101507987,15.1439384097487
68189,3.5742484149890,0.0024988630038,0.0392880398454,0.0656777597886,0.0000099477827,15.1439384097487
68212,3.5742475649514,0.0024988630038,0.0392659825656,0.0656698701607,0.0000099477827,15.1439384097487
68216,3.5740780140991,0.0025456970240,0.0392037346354,0.0656653113468,0.0000099477827,15.1439384097487
68226,3.5741232952084,0.0025456970240,0.0391941331931,0.0656625229849,0.0000099477827,15.1439384097487
68262,3.5741039139248,0.0024988630038,0.0392424417839,0.0656594300862,0.0000099477827,15.1439384097487
68266,3.5740409499216,0.0024794539633,0.0391179209554,0.0656057492651,0.0000099477827,15.1439384097487
68503,3.5738972830357,0.0024939983478,0.0390352899601,0.0655804386262,0.0000093627735,15.1439384097487
68507,3.5739421452393,0.0024939983478,0.0390256885178,0.0655776443369,0.0000093627735,15.1439384097487
68599,3.5741795509439,0.0024963452826,0.0389866091253,0.0655680525150,0.0000091755180,15.1439384097487
68616,3.5742649607794,0.0024482606657,0.0390231400596,0.0655617001277,0.0000091755180,15.1439384097487
68631,3.5742237324332,0.0024927477511,0.0389677642350,0.0655604055629,0.0000091755180,15.1439384097487
68774,3.5738243074815,0.0023737096762,0.0391256772119,0.0655601349005,0.0000088121675,15.1439384097487
68783,3.5738301592595,0.0024175797271,0.0390444882266,0.0655500230870,0.0000088121675,15.1439384097487
68796,3.5737244228103,0.0024302564805,0.0388997191064,0.0655022565605,0.0000088121675,15.1439384097487
68820,3.5738831727847,0.0024031565458,0.0389234806096,0.0655013748554,0.0000088121675,15.1439384097487
68873,3.5739513534376,0.0024985544865,0.0387839534572,0.0654933933129,0.0000086359242,15.1439384097487
68943,3.5740884807510,0.0024697246514,0.0387063336502,0.0654552566520,0.0000084632057,15.1439384097487
69109,3.5740718651398,0.0024228906312,0.0387193153521,0.0654395861413,0.0000082939416,15.1439384097487
69139,3.5740833428912,0.0023711919551,0.0387426354122,0.0654259205681,0.0000082939416,15.1439384097487
69156,3.5740087736564,0.0023928267271,0.0385984504639,0.0653826428393,0.0000082939416,15.1439384097487
69185,3.5738496542793,0.0023760566110,0.0386023080213,0.0653745818172,0.0000082939416,15.1439384097487
69195,3.5738667186847,0.0023654182751,0.0385632332683,0.0653563087216,0.0000081280627,15.1439384097487
69255,3.5738332623179,0.0024122522954,0.0384756181323,0.0653446159192,0.0000079655015,15.1439384097487
69267,3.5736700183512,0.0024122522954,0.0384662518610,0.0653389609311,0.0000079655015,15.1439384097487
69278,3.5736807131412,0.0024832222811,0.0383371639366,0.0653234251397,0.0000079655015,15.1439384097487
69294,3.5735809985733,0.0024407570855,0.0383867980103,0.0653215412706,0.0000079655015,15.1439384097487
69310,3.5736391910465,0.0024122522954,0.0384132728599,0.0653196036550,0.0000079655015,15.1439384097487
69336,3.5736059647014,0.0024119437781,0.0383941607629,0.0653121755339,0.0000079655015,15.1439384097487
69386,3.5736585151369,0.0023730926417,0.0384304684568,0.0653092356655,0.0000078061914,15.1439384097487
69419,3.5737675132861,0.0023837309775,0.0383345860683,0.0652810935586,0.0000078061914,15.1439384097487
69427,3.5738250775199,0.0023837309775,0.0383049775782,0.0652713336279,0.0000078061914,15.1439384097487
69431,3.5738125401400,0.0024305649978,0.0382173624422,0.0652599368278,0.0000078061914,15.1439384097487
69435,3.5736321442177,0.0024540674011,0.0380988466837,0.0652251296395,0.0000078061914,15.1439384097487
69446,3.5736015315315,0.0024357381709,0.0380230452461,0.0651897691457,0.0000078061914,15.1439384097487
69450,3.5736325787219,0.0024357381709,0.0380131829840,0.0651866862249,0.0000078061914,15.1439384097487
69584,3.5737089302744,0.0024825721912,0.0379040420199,0.0651688594015,0.0000074970663,15.1439384097487
69667,3.5736931643283,0.0024825721912,0.0378822494457,0.0651608532522,0.0000074970663,15.1439384097487
69746,3.5736864850235,0.0024072333808,0.0379521869735,0.0651534483674,0.0000072001824,15.1439384097487
69758,3.5737174663308,0.0024072333808,0.0379423247113,0.0651503645143,0.0000072001824,15.1439384097487
69776,3.5737760915410,0.0022697118171,0.0378352780979,0.0650540253108,0.0000072001824,15.1439384097487
69778,3.5739206229218,0.0022582691327,0.0378135483768,0.0650434057978,0.0000072001824,15.1439384097487
69814,3.5739412918826,0.0022944648171,0.0377513742852,0.0650370056657,0.0000072001824,15.1439384097487
69871,3.5737851765815,0.0023428579513,0.0376536761656,0.0650206443737,0.0000070561788,15.1439384097487
69875,3.5739431762501,0.0023534962871,0.0375733888970,0.0649987653207,0.0000070561788,15.1439384097487
69904,3.5739731626231,0.0023542841080,0.0375524095768,0.0649920346491,0.0000070561788,15.1439384097487
69970,3.5740380038636,0.0024053492219,0.0374382129992,0.0649740527051,0.0000070561788,15.1439384097487
69982,3.5741308092601,0.0023585152017,0.0374727912987,0.0649676435650,0.0000070561788,15.1439384097487
70029,3.5742642842706,0.0023585152017,0.0373297964463,0.0649184626373,0.0000069150552,15.1439384097487
70042,3.5741806896661,0.0023657267924,0.0372209232469,0.0648814871754,0.0000067767541,15.1439384097487
70110,3.5741690696014,0.0023763651282,0.0371395689937,0.0648568269487,0.0000067767541,15.1439384097487
70119,3.5742112455285,0.0023843645398,0.0370996113545,0.0648465814690,0.0000067767541,15.1439384097487
70153,3.5741273700627,0.0024011181282,0.0369900147625,0.0648134331061,0.0000067767541,15.1439384097487
70224,3.5740161345684,0.0023957906964,0.0369480661964,0.0647945943156,0.0000066412190,15.1439384097487
70227,3.5741435275218,0.0023675944236,0.0369689379848,0.0647917670105,0.0000066412190,15.1439384097487
70233,3.5742161774216,0.0024144284438,0.0368259540657,0.0647618010393,0.0000066412190,15.1439384097487
70255,3.5739639461805,0.0023523999491,0.0368576255706,0.0647429595953,0.0000065083946,15.1439384097487
70312,3.5739978628142,0.0023523999491,0.0367849492422,0.0647174836818,0.0000065083946,15.1439384097487
70415,3.5740007268708,0.0023992339693,0.0366984427464,0.0647067007539,0.0000063782268,15.1439384097487
70425,3.5739331083376,0.0023542841080,0.0366753294569,0.0646782249837,0.0000063782268,15.1439384097487
70432,3.5739533973695,0.0023329909086,0.0366503359289,0.0646604601552,0.0000063782268,15.1439384097487
70484,3.5738586907382,0.0023798249288,0.0365923562672,0.0646584847636,0.0000063782268,15.1439384097487
70497,3.5739897916685,0.0023516286559,0.0366132280556,0.0646557099262,0.0000063782268,15.1439384097487
70512,3.5739802242890,0.0023516286559,0.0366121194154,0.0646551786055,0.0000063782268,15.1439384097487
70530,3.5737689680936,0.0023984626762,0.0365435756667,0.0646477811572,0.0000062506622,15.1439384097487
70549,3.5736633279268,0.0023492817212,0.0365756939749,0.0646366796281,0.0000062506622,15.1439384097487
70552,3.5737134310416,0.0023492817212,0.0365444267170,0.0646262217060,0.0000061256490,15.1439384097487
70558,3.5737027871286,0.0023961157414,0.0364563067287,0.0646146713939,0.0000061256490,15.1439384097487
70573,3.5738419369870,0.0023961157414,0.0364420856956,0.0646115614147,0.0000061256490,15.1439384097487
70588,3.5737714214009,0.0024006553523,0.0364281463563,0.0646075308360,0.0000061256490,15.1439384097487
70620,3.5738383119371,0.0024006553523,0.0363799485233,0.0645912638208,0.0000061256490,15.1439384097487
70646,3.5738137933877,0.0024006553523,0.0363808672631,0.0645912450063,0.0000061256490,15.1439384097487
70660,3.5737870062007,0.0023796706702,0.0363569537352,0.0645733319885,0.0000061256490,15.1439384097487
70690,3.5738067093319,0.0024265046904,0.0362677251067,0.0645618151422,0.0000061256490,15.1439384097487
70778,3.5738311479472,0.0024265046904,0.0362665422949,0.0645617385141,0.0000060031360,15.1439384097487
70789,3.5737835136043,0.0024280803321,0.0361526052483,0.0645210479640,0.0000060031360,15.1439384097487
70813,3.5736907442900,0.0024265046904,0.0360587884504,0.0644855540102,0.0000058830733,15.1439384097487
70845,3.5736844045183,0.0024243120142,0.0360601331144,0.0644850048216,0.0000058830733,15.1439384097487
70850,3.5735304357143,0.0024243120142,0.0359979774825,0.0644606277334,0.0000058830733,15.1439384097487
70869,3.5735161625034,0.0024243120142,0.0359861236941,0.0644561922725,0.0000058830733,15.1439384097487
70887,3.5736164806814,0.0024243120142,0.0358732899394,0.0644173139985,0.0000058830733,15.1439384097487
71035,3.5735743049643,0.0024243120142,0.0357887162727,0.0643865123340,0.0000057654118,15.1439384097487
71049,3.5735364552818,0.0024487564970,0.0357038574002,0.0643661462302,0.0000057654118,15.1439384097487
71071,3.5734692090609,0.0023947108861,0.0357480032829,0.0643577986827,0.0000056501036,15.1439384097487
71130,3.5735098977929,0.0023947108861,0.0357254116880,0.0643503059988,0.0000055371015,15.1439384097487
71176,3.5732903082115,0.0023947108861,0.0356632745157,0.0643250069737,0.0000055371015,15.1439384097487
71402,3.5735884111798,0.0023290848598,0.0357221736613,0.0643221350800,0.0000052114756,15.1439384097487
72897,3.5734226744226,0.0023290848598,0.0357221736613,0.0643197899160,0.0000040077414,15.1439384097487
73007,3.5733657738290,0.0023543006357,0.0356917828902,0.0643189376907,0.0000039275866,15.1439384097487
73277,3.5733415877902,0.0023290848598,0.0357221736613,0.0643186425456,0.0000036966131,15.1439384097487
73386,3.5733467586341,0.0023120062264,0.0357399622635,0.0643177493706,0.0000036226808,15.1439384097487
73642,3.5730693806168,0.0023336244708,0.0357221736613,0.0643167363799,0.0000034096382,15.1439384097487
75039,3.5730624268167,0.0023336244708,0.0357221736613,0.0643166379841,0.0000026220881,15.1439384097487
75221,3.5730386265307,0.0023120062264,0.0357399622635,0.0643133893220,0.0000025696464,15.1439384097487
78104,3.5728108259998,0.0023098135502,0.0357399622635,0.0643092262413,0.0000014892836,15.1439384097487
78381,3.5725595067103,0.0023098135502,0.0357399622635,0.0643056700902,0.0000014017018,15.1439384097487
82901,3.5725510176510,0.0023098135502,0.0357399622635,0.0643055499706,0.0000005999994,15.1439384097487
