0,3.12456,0.555358,0.320124,0.396553,100000.000000
1,3.1244291991669,0.5553584234398,0.3199800587325,0.3964998092278,100000.0000000000000,15.1439384097487
2,3.1244600228637,0.5552407902202,0.3199488550254,0.3964386869629,100000.0000000000000,15.1439384097487
3,3.1245285145252,0.5551939562000,0.3199012048548,0.3964025664743,100000.0000000000000,15.1439384097487
4,3.1245660037446,0.5550763229804,0.3198352324056,0.3963291211183,100000.0000000000000,15.1439384097487
5,3.1246095514779,0.5549586897607,0.3195126909451,0.3961641297001,100000.0000000000000,15.1439384097487
6,3.1245667733435,0.5549118557405,0.3194752766850,0.3961300904336,100000.0000000000000,15.1439384097487
7,3.1245581003413,0.5548650217203,0.3194610731363,0.3961048232923,100000.0000000000000,15.1439384097487
17187,3.4284764169000,0.1129959354175,0.7839444739836,0.3769197104334,219.5335674630527,15.1439384097487
17188,3.4284197318490,0.1129959354175,0.7837051341326,0.3768334298255,219.5335674630527,15.1439384097487
17189,3.4284083182293,0.1129959354175,0.7836971322489,0.3768304105080,219.5335674630527,15.1439384097487
17191,3.4284099306347,0.1130427694377,0.7835972180613,0.3768148214079,219.5335674630527,15.1439384097487
17192,3.4283917942124,0.1130427694377,0.7835396800605,0.3767940154928,219.5335674630527,15.1439384097487
17193,3.4284286480033,0.1130427694377,0.7835232306546,0.3767886621836,219.5335674630527,15.1439384097487
17194,3.4284305156457,0.1130335194295,0.7834755314323,0.3767676888849,219.5335674630527,15.1439384097487
17195,3.4284445705163,0.1130335194295,0.7833016928489,0.3767058025520,219.5335674630527,15.1439384097487
17197,3.4283908268596,0.1130375797368,0.7832774767816,0.3766981336191,219.5335674630527,15.1439384097487
17202,3.4288491117806,0.1131223228140,0.7831383225456,0.3766912388403,219.5335674630527,15.1439384097487
17203,3.4288473910160,0.1131223228140,0.7830662861665,0.3766654872133,219.5335674630527,15.1439384097487
17204,3.4287344557018,0.1131223228140,0.7829893609897,0.3766364159088,219.5335674630527,15.1439384097487
17205,3.4286748012113,0.1131223228140,0.7828039441803,0.3765693515126,219.5335674630527,15.1439384097487
17206,3.4286311518005,0.1130046895944,0.7825184786193,0.3764163676534,219.5335674630527,15.1439384097487
17207,3.4287484192024,0.1130046895944,0.7821387166632,0.3762823977092,219.5335674630527,15.1439384097487
17208,3.4289111801608,0.1130515236146,0.7819001989442,0.3762195875892,219.5335674630527,15.1439384097487
17209,3.4289034009482,0.1130983576349,0.7816569741711,0.3761526832464,219.5335674630527,15.1439384097487
17212,3.4289375054907,0.1130942973275,0.7814295813293,0.3760702139624,219.5335674630527,15.1439384097487
17213,3.4288449803084,0.1130942973275,0.7812643691816,0.3760099003989,219.5335674630527,15.1439384097487
17214,3.4287469851250,0.1130942973275,0.7811776918397,0.3759775575800,219.5335674630527,15.1439384097487
17218,3.4290877127841,0.1130892949407,0.7811302174194,0.3759632798234,219.5335674630527,15.1439384097487
17225,3.4293056700314,0.1128999204422,0.7811140345195,0.3758794237974,219.5335674630527,15.1439384097487
17226,3.4292061555566,0.1129147898718,0.7810038221622,0.3758450267307,219.5335674630527,15.1439384097487
17229,3.4290353965199,0.1129147898718,0.7808767982517,0.3757972448195,219.5335674630527,15.1439384097487
17232,3.4292001624482,0.1129616238920,0.7807777302474,0.3757842665392,219.5335674630527,15.1439384097487
17235,3.4292059991777,0.1128729582384,0.7807377667804,0.3757320768959,219.5335674630527,15.1439384097487
17237,3.4292769450195,0.1128729582384,0.7805391922595,0.3756621613031,219.5335674630527,15.1439384097487
17238,3.4293396934334,0.1128261242181,0.7804334322230,0.3756052060243,219.5335674630527,15.1439384097487
17243,3.4296437859869,0.1127084909985,0.7803818222810,0.3755406625545,219.5335674630527,15.1439384097487
17244,3.4296944274338,0.1127084909985,0.7802923087033,0.3755094099927,219.5335674630527,15.1439384097487
17245,3.4296929935691,0.1127084909985,0.7802616703464,0.3754984474333,219.5335674630527,15.1439384097487
17246,3.4297430185440,0.1127553250187,0.7801030111190,0.3754625629965,219.5335674630527,15.1439384097487
17247,3.4298324345929,0.1127246110248,0.7800617628836,0.3754359335747,219.5335674630527,15.1439384097487
17257,3.4294299843829,0.1126234228764,0.6665413978552,0.3348438850717,215.1428961137917,15.1439384097487
17258,3.4294725198860,0.1126184204895,0.6664841594314,0.3348219007719,215.1428961137917,15.1439384097487
17259,3.4294626824642,0.1126079198846,0.6664548742721,0.3348068023283,215.1428961137917,15.1439384097487
17301,3.4305395439857,0.1119520893427,0.6671354457161,0.3347840308445,215.1428961137917,15.1439384097487
17302,3.4304820299607,0.1118344561231,0.6672515318818,0.3347742621328,215.1428961137917,15.1439384097487
17303,3.4306850827286,0.1118812901433,0.6669660663208,0.3346952550528,215.1428961137917,15.1439384097487
17307,3.4307677759319,0.1118812901433,0.6669540910305,0.3346921482667,215.1428961137917,15.1439384097487
17320,3.4306125296144,0.1117647532618,0.6670158107592,0.3346620499241,215.1428961137917,15.1439384097487
17321,3.4307606630313,0.1117179192416,0.6669851445745,0.3346331220703,215.1428961137917,15.1439384097487
17322,3.4305761772269,0.1117179192416,0.6667196609210,0.3345356960179,215.1428961137917,15.1439384097487
17323,3.4306126162107,0.1117179192416,0.6663841432628,0.3344163838921,215.1428961137917,15.1439384097487
17324,3.4306268086998,0.1117179192416,0.6663036449592,0.3343878353207,215.1428961137917,15.1439384097487
17325,3.4304953176319,0.1117179192416,0.6662807482631,0.3343777973394,215.1428961137917,15.1439384097487
17326,3.4305692206402,0.1116002860219,0.6663023047210,0.3343361275600,215.1428961137917,15.1439384097487
17327,3.4304124169391,0.1116002860219,0.6661706898809,0.3342869034981,215.1428961137917,15.1439384097487
17328,3.4305294874402,0.1116002860219,0.6661515635596,0.3342817292088,215.1428961137917,15.1439384097487
17329,3.4305518959000,0.1116002860219,0.6660722015319,0.3342537027057,215.1428961137917,15.1439384097487
17528,3.4321960854726,0.1083084400315,0.6670085335182,0.3332005810201,194.4721380810382,15.1439384097487
17529,3.4322298837340,0.1083084400315,0.6669202349147,0.3331695240477,194.4721380810382,15.1439384097487
17530,3.4323869463711,0.1082616060112,0.6669276531074,0.3331543241051,194.4721380810382,15.1439384097487
17531,3.4323654430185,0.1083084400315,0.6666538196340,0.3330762938880,194.4721380810382,15.1439384097487
17532,3.4323600667855,0.1083084400315,0.6664617403854,0.3330076180830,194.4721380810382,15.1439384097487
17533,3.4321985766254,0.1082616060112,0.6664486263308,0.3329805776942,194.4721380810382,15.1439384097487
17534,3.4322077433065,0.1082147719910,0.6662915004267,0.3329045192848,194.4721380810382,15.1439384097487
17535,3.4322980217054,0.1082147719910,0.6660555889380,0.3328215426150,194.4721380810382,15.1439384097487
17537,3.4324442175780,0.1082147719910,0.6660440106794,0.3328194761844,194.4721380810382,15.1439384097487
17538,3.4324637009182,0.1082147719910,0.6658401728577,0.3327469526504,194.4721380810382,15.1439384097487
17553,3.4319264422851,0.1081505508201,0.5643030506801,0.2964485691971,194.4721380810382,15.1439384097487
17555,3.4320453488410,0.1081973848403,0.5637791852731,0.2962832286517,194.4721380810382,15.1439384097487
17556,3.4321092058352,0.1081973848403,0.5637220134422,0.2962637137128,194.4721380810382,15.1439384097487
17557,3.4322045953859,0.1081973848403,0.5637068090098,0.2962596333142,194.4721380810382,15.1439384097487
17558,3.4321635373079,0.1081505508201,0.5633269078893,0.2961033016506,194.4721380810382,15.1439384097487
17559,3.4323083607004,0.1081505508201,0.5631180723409,0.2960307667674,194.4721380810382,15.1439384097487
17578,3.4325184751213,0.1075534597587,0.5636685993047,0.2959744604761,194.4721380810382,15.1439384097487
17588,3.4328962877805,0.1077179269986,0.5634312871567,0.2959655381213,194.4721380810382,15.1439384097487
17597,3.4328759285708,0.1074597917182,0.5634137886721,0.2958483711752,190.5826953194174,15.1439384097487
17600,3.4330310021238,0.1074597917182,0.5628626594052,0.2956537335745,190.5826953194174,15.1439384097487
17601,3.4329978108412,0.1073421584986,0.5628667631344,0.2956043153007,190.5826953194174,15.1439384097487
17604,3.4332292290910,0.1071685955092,0.5629364779094,0.2955581038490,190.5826953194174,15.1439384097487
17610,3.4336871947065,0.1072138704154,0.5625698458945,0.2954530475577,190.5826953194174,15.1439384097487
17611,3.4337950360441,0.1072138704154,0.5625194653670,0.2954365804599,190.5826953194174,15.1439384097487
17612,3.4337532314334,0.1072138704154,0.5624238307703,0.2954018337143,190.5826953194174,15.1439384097487
17613,3.4336947552571,0.1072607044357,0.5618088640864,0.2952014470448,190.5826953194174,15.1439384097487
17617,3.4337852398840,0.1071040823487,0.5616354440237,0.2950736679080,190.5826953194174,15.1439384097487
17618,3.4339280560304,0.1071509163690,0.5613546588294,0.2949954800433,190.5826953194174,15.1439384097487
17619,3.4340691024646,0.1071509163690,0.5609541838993,0.2948544490801,190.5826953194174,15.1439384097487
17620,3.4340770437112,0.1071509163690,0.5609514315992,0.2948535784839,190.5826953194174,15.1439384097487
17626,3.4340199312777,0.1071004848172,0.5608802856484,0.2948057475565,190.5826953194174,15.1439384097487
17627,3.4340733526205,0.1071004848172,0.5608507174198,0.2947959433833,190.5826953194174,15.1439384097487
17628,3.4340010004841,0.1071004848172,0.5608010713508,0.2947771888665,190.5826953194174,15.1439384097487
17643,3.4339780068812,0.1069599827565,0.4678502913996,0.2615199412142,190.5826953194174,15.1439384097487
17645,3.4341028431332,0.1068423495369,0.4678935810116,0.2614867539776,190.5826953194174,15.1439384097487
17671,3.4343789545324,0.1063965696584,0.4675581950883,0.2611798317291,190.5826953194174,15.1439384097487
17672,3.4344142509552,0.1063965696584,0.4675169253149,0.2611655919664,190.5826953194174,15.1439384097487
17673,3.4343629178466,0.1062789364388,0.4675549366759,0.2611280268554,190.5826953194174,15.1439384097487
17674,3.4343728140684,0.1062924010130,0.4675316843161,0.2611256330039,190.5826953194174,15.1439384097487
17675,3.4343703315414,0.1064100342326,0.4670638152271,0.2610089160100,190.5826953194174,15.1439384097487
17676,3.4344700739469,0.1064100342326,0.4670285097261,0.2609977182509,190.5826953194174,15.1439384097487
17677,3.4344073374668,0.1064100342326,0.3834496547993,0.2311472394886,190.5826953194174,15.1439384097487
17678,3.4342896392971,0.1064100342326,0.3832875480137,0.2310876787869,190.5826953194174,15.1439384097487
17679,3.4343020322050,0.1064433871509,0.3831291571257,0.2310455800792,190.5826953194174,15.1439384097487
17680,3.4343774369853,0.1064433871509,0.3828487310455,0.2309464948803,190.5826953194174,15.1439384097487
17681,3.4343072546836,0.1064433871509,0.3828336734957,0.2309401241091,183.0356205847685,15.1439384097487
17682,3.4344198319800,0.1063965531307,0.3828203787494,0.2309168972237,183.0356205847685,15.1439384097487
17683,3.4344418337861,0.1063965531307,0.3826963088781,0.2308728978794,183.0356205847685,15.1439384097487
17746,3.4349822719858,0.1052250690627,0.3839309625279,0.2308194281752,183.0356205847685,15.1439384097487
17747,3.4350967507473,0.1051782350425,0.3838634970178,0.2307768814941,183.0356205847685,15.1439384097487
17748,3.4349529526354,0.1051782350425,0.3837704197291,0.2307416048716,183.0356205847685,15.1439384097487
17749,3.4350873861551,0.1051633656129,0.3837563941083,0.2307321253339,183.0356205847685,15.1439384097487
17761,3.4354655799072,0.1047636319338,0.3840608056631,0.2306748807287,183.0356205847685,15.1439384097487
17766,3.4356297864006,0.1048289329151,0.3839670442964,0.2306717041720,179.3749081730731,15.1439384097487
17767,3.4356651703065,0.1048757669353,0.3834689390460,0.2305143818426,179.3749081730731,15.1439384097487
17772,3.4354722334209,0.1048253353836,0.3834869517745,0.2304964713938,179.3749081730731,15.1439384097487
17773,3.4356424512699,0.1048253353836,0.3834358883679,0.2304806430340,179.3749081730731,15.1439384097487
17776,3.4357699353999,0.1045432349241,0.3832924484842,0.2303103181991,179.3749081730731,15.1439384097487
17777,3.4356667649469,0.1044256017045,0.3830134503720,0.2301588019242,179.3749081730731,15.1439384097487
17780,3.4356444655273,0.1043079684849,0.3829573743281,0.2300880449934,179.3749081730731,15.1439384097487
17872,3.4369929451061,0.1022037596441,0.3840894046610,0.2296096186477,172.2716618094194,15.1439384097487
17873,3.4370219326042,0.1020861264245,0.3842179432370,0.2296055212161,172.2716618094194,15.1439384097487
17880,3.4373047075229,0.1019310634515,0.3842269120735,0.2295462700583,172.2716618094194,15.1439384097487
17881,3.4374007702815,0.1019310634515,0.3841513179384,0.2295206314345,172.2716618094194,15.1439384097487
17883,3.4373059671410,0.1017665962116,0.3843038502392,0.2295032798382,172.2716618094194,15.1439384097487
17885,3.4372971024353,0.1017197621914,0.3843395509625,0.2294958329386,172.2716618094194,15.1439384097487
17891,3.4374580377099,0.1016589842933,0.3843321459612,0.2294694178480,172.2716618094194,15.1439384097487
17892,3.4374326102125,0.1016589842933,0.3837668107013,0.2292671526007,172.2716618094194,15.1439384097487
17895,3.4373778759826,0.1015314840310,0.3838901907385,0.2292557994444,172.2716618094194,15.1439384097487
17900,3.4377130817327,0.1012962175918,0.3838083007289,0.2291304676774,172.2716618094194,15.1439384097487
17901,3.4376072803173,0.1012493835715,0.3838041842124,0.2291074286870,172.2716618094194,15.1439384097487
17955,3.4386819329258,0.1006865875079,0.3125604134079,0.2034372327777,168.8262285732310,15.1439384097487
17956,3.4386825458794,0.1006865875079,0.3120099141501,0.2032406345732,168.8262285732310,15.1439384097487
17957,3.4386027715066,0.1006865875079,0.3118194206280,0.2031714723704,168.8262285732310,15.1439384097487
17959,3.4386516680122,0.1006876838460,0.2493038724161,0.1808456526076,168.8262285732310,15.1439384097487
18048,3.4405170554005,0.0993279216176,0.2504057220150,0.1806828101874,162.1407099217311,15.1439384097487
18051,3.4405828580636,0.0992342535771,0.2505041082325,0.1806787357796,162.1407099217311,15.1439384097487
18052,3.4405697703078,0.0992342535771,0.2504162149411,0.1806471601275,162.1407099217311,15.1439384097487
18053,3.4406441795715,0.0991166203575,0.2505258966798,0.1806369708261,162.1407099217311,15.1439384097487
18054,3.4405629644505,0.0991166203575,0.2503087048541,0.1805582531284,162.1407099217311,15.1439384097487
18055,3.4407484209155,0.0991166203575,0.2499773596103,0.1804425397379,162.1407099217311,15.1439384097487
18056,3.4408105377512,0.0991166203575,0.2498234467510,0.1803884498087,162.1407099217311,15.1439384097487
18057,3.4407792986785,0.0991216227443,0.2497558458660,0.1803660084847,162.1407099217311,15.1439384097487
18058,3.4407497370020,0.0991216227443,0.2497117448258,0.1803498398175,162.1407099217311,15.1439384097487
18065,3.4408282675276,0.0991684567645,0.2494195060801,0.1802666517615,162.1407099217311,15.1439384097487
18066,3.4408372026546,0.0991684567645,0.2494113884655,0.1802638790449,162.1407099217311,15.1439384097487
18080,3.4409889510865,0.0988351369325,0.2497924599509,0.1802592718775,162.1407099217311,15.1439384097487
18081,3.4408813010493,0.0987883029123,0.2497854630784,0.1802351780307,162.1407099217311,15.1439384097487
18101,3.4410662811494,0.0985339359498,0.2499712631338,0.1801951382369,162.1407099217311,15.1439384097487
18102,3.4410808240631,0.0984871019296,0.2499753407449,0.1801767285849,162.1407099217311,15.1439384097487
18103,3.4410992130995,0.0984402679093,0.2491938046661,0.1798777970374,162.1407099217311,15.1439384097487
18104,3.4410087109342,0.0984402679093,0.2489554269422,0.1797913815364,162.1407099217311,15.1439384097487
18114,3.4411865260016,0.0980987944071,0.2493573478113,0.1797910949886,158.8978957232964,15.1439384097487
18124,3.4410398950272,0.0982054642460,0.1993732266412,0.1619832639689,158.8978957232964,15.1439384097487
18128,3.4410745124921,0.0980994114416,0.1993896111881,0.1619441542257,158.8978957232964,15.1439384097487
18145,3.4412767519195,0.0979156728922,0.1994130605163,0.1618766455675,158.8978957232964,15.1439384097487
18146,3.4413651560582,0.0979094199087,0.1994024846254,0.1618714395262,158.8978957232964,15.1439384097487
18157,3.4412215167185,0.0977084484672,0.1991958272579,0.1617094702187,158.8978957232964,15.1439384097487
18158,3.4413356634472,0.0977084484672,0.1989346337938,0.1616178020073,158.8978957232964,15.1439384097487
18189,3.4419318568888,0.0974177480894,0.1985419231080,0.1613613984120,158.8978957232964,15.1439384097487
18191,3.4422581508168,0.0974177480894,0.1985118838746,0.1613552871516,152.6055390526539,15.1439384097487
18192,3.4424694340073,0.0974177480894,0.1984703209213,0.1613434328827,152.6055390526539,15.1439384097487
18193,3.4424456018898,0.0974177480894,0.1980955110500,0.1612092349915,152.6055390526539,15.1439384097487
18194,3.4424595486762,0.0973991103420,0.1980760293815,0.1611944869928,152.6055390526539,15.1439384097487
18195,3.4423716463998,0.0973325422363,0.1981547797300,0.1611928391178,152.6055390526539,15.1439384097487
18197,3.4423387125070,0.0973325422363,0.1981265165191,0.1611822791015,152.6055390526539,15.1439384097487
18198,3.4421651849030,0.0973325422363,0.1981108169460,0.1611742167071,152.6055390526539,15.1439384097487
18200,3.4422581508000,0.0972857082161,0.1981493387737,0.1611692182410,152.6055390526539,15.1439384097487
18201,3.4421620795938,0.0973317544155,0.1976893416065,0.1610233082228,152.6055390526539,15.1439384097487
18202,3.4422527519811,0.0973317544155,0.1976596791227,0.1610139974867,152.6055390526539,15.1439384097487
18203,3.4423148438177,0.0973317544155,0.1976532169445,0.1610125681613,152.6055390526539,15.1439384097487
18204,3.4424707813091,0.0972849203953,0.1975008952176,0.1609403023267,152.6055390526539,15.1439384097487
28700,3.5466134667258,0.0142997469409,0.2372118380220,0.1410313195861,3.7082433340607,15.1439384097487
28701,3.5465331711529,0.0142997469409,0.2371062621253,0.1409924777317,3.7082433340607,15.1439384097487
28704,3.5466898500072,0.0143298108450,0.2368502017999,0.1409161291411,3.7082433340607,15.1439384097487
28705,3.5466042144514,0.0143298108450,0.2367331674445,0.1408731194197,3.7082433340607,15.1439384097487
28707,3.5467084938962,0.0143298108450,0.2355098658938,0.1404377015559,3.7082433340607,15.1439384097487
28710,3.5469591371054,0.0143207316231,0.2354265946522,0.1404076173163,3.7082433340607,15.1439384097487
28711,3.5469380699733,0.0142030984035,0.2353339096444,0.1403238031923,3.7082433340607,15.1439384097487
28712,3.5468996928256,0.0142030984035,0.2351433243097,0.1402551939673,3.7082433340607,15.1439384097487
28714,3.5470490737032,0.0141562643832,0.2351905816247,0.1402541135862,3.7082433340607,15.1439384097487
28718,3.5470955026754,0.0141410533810,0.2350483877725,0.1401974680335,3.7082433340607,15.1439384097487
28719,3.5471827093066,0.0141410533810,0.2349488458479,0.1401631513141,3.7082433340607,15.1439384097487
28720,3.5470984178559,0.0141878874013,0.2348559545005,0.1401488548375,3.7082433340607,15.1439384097487
28727,3.5470580634663,0.0141032985827,0.2346826931550,0.1400501524228,3.7082433340607,15.1439384097487
28728,3.5471254741373,0.0141032985827,0.2346697657457,0.1400464893474,3.7082433340607,15.1439384097487
28729,3.5471790935343,0.0141032985827,0.2346371156492,0.1400355873095,3.7082433340607,15.1439384097487
28730,3.5471335351738,0.0141032985827,0.2344417249138,0.1399651602562,3.7082433340607,15.1439384097487
28733,3.5471288835760,0.0141032985827,0.2338594778427,0.1397571490539,3.5613968980319,15.1439384097487
28734,3.5472346396303,0.0141032985827,0.2338400664464,0.1397517128535,3.5613968980319,15.1439384097487
32602,3.5660116477759,0.0079912192906,0.2349945747230,0.1378102680919,0.9199568287738,15.1439384097487
32603,3.5658807532560,0.0079912192906,0.2349465916554,0.1377912791334,0.9199568287738,15.1439384097487
32604,3.5659353803410,0.0079821400687,0.2342072364506,0.1375241055776,0.9199568287738,15.1439384097487
32605,3.5659496162868,0.0079353060484,0.2340328210224,0.1374419440680,0.9199568287738,15.1439384097487
32607,3.5658566255422,0.0079443852703,0.2337089682505,0.1373288576460,0.9199568287738,15.1439384097487
32613,3.5658962433636,0.0081292366856,0.2334353853003,0.1373109320741,0.9199568287738,15.1439384097487
32614,3.5659803548726,0.0081292366856,0.2334204352636,0.1373067829475,0.9199568287738,15.1439384097487
32615,3.5659315375961,0.0081441061151,0.2333110564339,0.1372734009312,0.9199568287738,15.1439384097487
32616,3.5657814526593,0.0081441061151,0.2332486126995,0.1372489759057,0.9199568287738,15.1439384097487
32617,3.5657343757719,0.0081909401354,0.2331391354914,0.1372292824910,0.9199568287738,15.1439384097487
32618,3.5657786452887,0.0082966678947,0.2321893539900,0.1369360131195,0.9199568287738,15.1439384097487
32620,3.5658610873986,0.0082966678947,0.2320932178112,0.1369028453202,0.9199568287738,15.1439384097487
32622,3.5657206029992,0.0082498338745,0.2318925728257,0.1368091268290,0.9199568287738,15.1439384097487
32624,3.5655098410901,0.0083206330739,0.2318110349829,0.1368073664180,0.9199568287738,15.1439384097487
32625,3.5655464525360,0.0082737990536,0.2317769107008,0.1367756255009,0.9199568287738,15.1439384097487
32626,3.5654873228680,0.0083206330739,0.2316106615682,0.1367354858528,0.9199568287738,15.1439384097487
32627,3.5654800369207,0.0083206330739,0.2314472485261,0.1366770209565,0.9199568287738,15.1439384097487
32628,3.5654110172280,0.0083156141593,0.2312777591398,0.1366133614454,0.9199568287738,15.1439384097487
32629,3.5652894700380,0.0083156141593,0.2312039451351,0.1365852794162,0.9199568287738,15.1439384097487
32630,3.5652073707866,0.0082889770004,0.2311283599135,0.1365457070701,0.9199568287738,15.1439384097487
32631,3.5652650549628,0.0083240763467,0.2306850210023,0.1364032305488,0.9199568287738,15.1439384097487
32632,3.5652960635120,0.0083709103670,0.2306081349797,0.1363962817469,0.9199568287738,15.1439384097487
32643,3.5654278867145,0.0085386335656,0.2303675459504,0.1363841037540,0.9015576921983,15.1439384097487
32685,3.5653373503100,0.0081395334488,0.2304331923366,0.1362352249006,0.8835265383544,15.1439384097487
32686,3.5653530297182,0.0081863674690,0.2302682324896,0.1361966042550,0.8835265383544,15.1439384097487
32703,3.5660314205927,0.0079183320905,0.2305563751695,0.1361942392354,0.8835265383544,15.1439384097487
32984,3.5670243394809,0.0076727523604,0.1845481723754,0.1196715395175,0.7826652522924,15.1439384097487
32985,3.5670177587541,0.0077195863806,0.1844837872943,0.1196685234518,0.7826652522924,15.1439384097487
32986,3.5670370591414,0.0076727523604,0.1844000755446,0.1196188277746,0.7826652522924,15.1439384097487
32988,3.5671956628245,0.0076951584256,0.1843551390094,0.1196146258429,0.7826652522924,15.1439384097487
32989,3.5671693987688,0.0076951584256,0.1838403489844,0.1194304006279,0.7826652522924,15.1439384097487
33021,3.5674523097678,0.0074114823245,0.1839954322996,0.1193682152259,0.7826652522924,15.1439384097487
33022,3.5674814263516,0.0074114823245,0.1422942942613,0.1044753636385,0.7826652522924,15.1439384097487
33023,3.5674667300581,0.0074114823245,0.1422013078653,0.1044419462598,0.7826652522924,15.1439384097487
33024,3.5675004545143,0.0075291155441,0.1420305147558,0.1044318401565,0.7826652522924,15.1439384097487
33025,3.5674921345872,0.0074822815238,0.1420844029048,0.1044308964746,0.7826652522924,15.1439384097487
33026,3.5675270033590,0.0074822815238,0.1420476395549,0.1044182600976,0.7826652522924,15.1439384097487
33027,3.5674147050670,0.0075291155441,0.1419939772214,0.1044175776881,0.7826652522924,15.1439384097487
33075,3.5668178888472,0.0074738523919,0.1418980267079,0.1043511805299,0.7670119472465,15.1439384097487
33077,3.5667165796233,0.0075795636235,0.1417667822071,0.1043481787888,0.7670119472465,15.1439384097487
33079,3.5667933049818,0.0076124537659,0.1416321228819,0.1043152676066,0.7670119472465,15.1439384097487
33086,3.5668512276607,0.0075999312712,0.1415820730015,0.1042928454679,0.7670119472465,15.1439384097487
33087,3.5670625369065,0.0076467652914,0.1414617605681,0.1042729384763,0.7670119472465,15.1439384097487
33088,3.5670692455189,0.0076467652914,0.1411792231358,0.1041721271769,0.7670119472465,15.1439384097487
33089,3.5670181510210,0.0076167013873,0.1411654919872,0.1041536156813,0.7670119472465,15.1439384097487
33115,3.5674309208238,0.0078337763274,0.1408721308227,0.1041477166190,0.7670119472465,15.1439384097487
33116,3.5674556543873,0.0078337763274,0.1406733843901,0.1040770857285,0.7670119472465,15.1439384097487
33125,3.5675900765969,0.0076982766535,0.1408289070285,0.1040764603044,0.7670119472465,15.1439384097487
33126,3.5676444745606,0.0076719645396,0.1407856174165,0.1040504928360,0.7670119472465,15.1439384097487
33128,3.5676578599313,0.0076515968919,0.1407905242653,0.1040437056922,0.7670119472465,15.1439384097487
33132,3.5676064943902,0.0076513049024,0.1406974369538,0.1040096082665,0.7670119472465,15.1439384097487
33140,3.5674991327415,0.0077449729428,0.1405050512356,0.1039795233672,0.7670119472465,15.1439384097487
33141,3.5674793297404,0.0077529558266,0.1404267459551,0.1039546982203,0.7670119472465,15.1439384097487
33142,3.5674758900903,0.0077997898469,0.1403259964516,0.1039387393070,0.7670119472465,15.1439384097487
33146,3.5674467169361,0.0077997898469,0.1402814632407,0.1039224217906,0.7670119472465,15.1439384097487
33147,3.5673818342132,0.0079174230665,0.1397199225892,0.1037713677087,0.7670119472465,15.1439384097487
33148,3.5675595185731,0.0078705890463,0.1396790609152,0.1037392167525,0.7670119472465,15.1439384097487
33149,3.5675777012480,0.0079174230665,0.1395890262159,0.1037273905094,0.7670119472465,15.1439384097487
33151,3.5675887335385,0.0079056883926,0.1395135025864,0.1036955447448,0.7516717083016,15.1439384097487
33152,3.5674698650734,0.0078684128978,0.1395143368301,0.1036781854961,0.7516717083016,15.1439384097487
33153,3.5675416568760,0.0078306580995,0.1395114477469,0.1036619889020,0.7516717083016,15.1439384097487
33154,3.5674461058301,0.0078306580995,0.1393318231150,0.1035964852068,0.7366382741355,15.1439384097487
33158,3.5675311019482,0.0078620056557,0.1376972389437,0.1030273425020,0.7366382741355,15.1439384097487
33159,3.5676419613444,0.0078078057861,0.1376443353723,0.1029867885068,0.7366382741355,15.1439384097487
33165,3.5675254034522,0.0077900935905,0.1361966614367,0.1024605218739,0.7366382741355,15.1439384097487
33166,3.5675035869021,0.0078369276107,0.1360007027937,0.1024102996645,0.7366382741355,15.1439384097487
33178,3.5667753118063,0.0077780338716,0.1352932162805,0.1021220806920,0.7366382741355,15.1439384097487
41746,3.5957654217281,0.0044702937335,0.1261852929699,0.0978618561358,0.0355766977364,15.1439384097487
41748,3.5956132018198,0.0044339437905,0.1261904135650,0.0978459524713,0.0355766977364,15.1439384097487
41749,3.5955497338191,0.0044339437905,0.1256055745588,0.0976361833297,0.0355766977364,15.1439384097487
41750,3.5955100725301,0.0043871097703,0.1255907038318,0.0976102394282,0.0355766977364,15.1439384097487
41755,3.5953707508686,0.0045284161795,0.1251291963099,0.0975040038108,0.0355766977364,15.1439384097487
41756,3.5954388891904,0.0045284161795,0.1250699600441,0.0974838121542,0.0355766977364,15.1439384097487
41757,3.5955733318463,0.0045284161795,0.1250578246159,0.0974813804273,0.0355766977364,15.1439384097487
41778,3.5954265556420,0.0045086655664,0.1247661246246,0.0973666604370,0.0348651637817,15.1439384097487
41783,3.5951085246678,0.0044153060432,0.1248795353340,0.0973626529206,0.0348651637817,15.1439384097487
41906,3.5957384352289,0.0040964589756,0.1250168616064,0.0972839624669,0.0334845032959,15.1439384097487
41907,3.5957897345844,0.0040496249554,0.1247873553734,0.0971826501146,0.0334845032959,15.1439384097487
41908,3.5958382366417,0.0040964589756,0.1244688511674,0.0970896566363,0.0334845032959,15.1439384097487
41910,3.5957615498401,0.0041432929959,0.1243228248249,0.0970564909810,0.0334845032959,15.1439384097487
41911,3.5958512120759,0.0041583332118,0.1241935377161,0.0970180315350,0.0334845032959,15.1439384097487
41912,3.5957496558233,0.0041583332118,0.1241525202771,0.0970019454355,0.0334845032959,15.1439384097487
41913,3.5959593827724,0.0041478491345,0.1240752082162,0.0969728084315,0.0334845032959,15.1439384097487
41916,3.5957926364234,0.0041010151143,0.1240910315203,0.0969560284389,0.0334845032959,15.1439384097487
41917,3.5957715599076,0.0041060175011,0.1239353178792,0.0969022620730,0.0334845032959,15.1439384097487
41918,3.5956669556450,0.0041761831383,0.1238396573797,0.0968966884529,0.0334845032959,15.1439384097487
41954,3.5955751695651,0.0038240217171,0.1242419420767,0.0968881364688,0.0328148132300,15.1439384097487
42655,3.5963107333891,0.0049792315003,0.0922883111887,0.0859816235232,0.0257503327278,15.1439384097487
43885,3.6039436275194,0.0040528809142,0.0916188842031,0.0854535400037,0.0165103587592,15.1439384097487
43888,3.6041074316022,0.0040279736556,0.0914113875978,0.0853710773506,0.0165103587592,15.1439384097487
43924,3.6037490197775,0.0041495129240,0.0912324925049,0.0853542030005,0.0161801515840,15.1439384097487
45450,3.6092746950211,0.0051873484216,0.0875187839624,0.0845508530976,0.0093774904316,15.1439384097487
45451,3.6094157401553,0.0051405144014,0.0873802829642,0.0844833125116,0.0093774904316,15.1439384097487
45452,3.6094508235613,0.0050640792530,0.0872085615639,0.0843897219472,0.0093774904316,15.1439384097487
45454,3.6091851270473,0.0050172452327,0.0869284842881,0.0842658630378,0.0093774904316,15.1439384097487
45455,3.6091847329118,0.0049339235386,0.0869628841677,0.0842424338346,0.0093774904316,15.1439384097487
45456,3.6091834015701,0.0049295381863,0.0869362843697,0.0842310356317,0.0093774904316,15.1439384097487
45457,3.6091190725238,0.0048827041660,0.0869804336240,0.0842258212478,0.0093774904316,15.1439384097487
45527,3.6096693248834,0.0045475001751,0.0676896862363,0.0772003957901,0.0091899406230,15.1439384097487
45556,3.6091128464297,0.0046325517695,0.0672244779459,0.0770628265226,0.0091899406230,15.1439384097487
45558,3.6092143830236,0.0044947216886,0.0673745920871,0.0770588054172,0.0091899406230,15.1439384097487
46094,3.6104378732337,0.0050794775692,0.0666116818230,0.0770542594334,0.0075088505800,15.1439384097487
46095,3.6104064340128,0.0050794775692,0.0665291262876,0.0770243304508,0.0075088505800,15.1439384097487
46096,3.6103049961398,0.0050794775692,0.0664891467106,0.0770086166913,0.0075088505800,15.1439384097487
46097,3.6104132836864,0.0050326435490,0.0665235094286,0.0770023496292,0.0075088505800,15.1439384097487
46102,3.6105321974024,0.0049858095288,0.0662098884893,0.0768719530490,0.0075088505800,15.1439384097487
46110,3.6107741002274,0.0050553250760,0.0659477741181,0.0768115560597,0.0075088505800,15.1439384097487
46111,3.6108969755308,0.0050553250760,0.0658532501106,0.0767795361629,0.0075088505800,15.1439384097487
46114,3.6109355426913,0.0051039055243,0.0654607798219,0.0766607341175,0.0075088505800,15.1439384097487
46123,3.6107619456195,0.0051032719621,0.0654456438614,0.0766526005037,0.0075088505800,15.1439384097487
46124,3.6107601705077,0.0051032719621,0.0653999147803,0.0766362435714,0.0075088505800,15.1439384097487
46125,3.6109324204990,0.0052209051817,0.0650661106928,0.0765698793886,0.0073586735684,15.1439384097487
46132,3.6109366563725,0.0052209051817,0.0650030307524,0.0765474107758,0.0073586735684,15.1439384097487
46133,3.6109516328699,0.0052209051817,0.0649124792325,0.0765152828637,0.0073586735684,15.1439384097487
46134,3.6110506282818,0.0052677392019,0.0646518252902,0.0764436646715,0.0073586735684,15.1439384097487
46148,3.6110518386224,0.0052741464441,0.0643068778513,0.0763232322447,0.0073586735684,15.1439384097487
46203,3.6115099946020,0.0052327941142,0.0643268646529,0.0763191308375,0.0073586735684,15.1439384097487
46204,3.6114560881963,0.0052063112140,0.0642195778852,0.0762687015483,0.0073586735684,15.1439384097487
46230,3.6102948382033,0.0051197005056,0.0643651646102,0.0762671463226,0.0072115000970,15.1439384097487
46231,3.6103959122516,0.0051665345258,0.0641528370788,0.0762128169754,0.0072115000970,15.1439384097487
46245,3.6106005764339,0.0050518818032,0.0642785832777,0.0762114854355,0.0070672700951,15.1439384097487
46247,3.6106028373032,0.0049342485835,0.0642590361714,0.0761541220802,0.0070672700951,15.1439384097487
46249,3.6105194106178,0.0049140517222,0.0642351760926,0.0761357643438,0.0070672700951,15.1439384097487
46252,3.6104144673562,0.0048300964659,0.0643206845667,0.0761288373203,0.0070672700951,15.1439384097487
46286,3.6110971810319,0.0050207215610,0.0640231162112,0.0761139197298,0.0070672700951,15.1439384097487
46479,3.6115604082300,0.0044405714022,0.0644888263769,0.0760381636404,0.0065186249138,15.1439384097487
46482,3.6115621258180,0.0042869132845,0.0645878339377,0.0760076943083,0.0065186249138,15.1439384097487
46483,3.6114679359628,0.0042400792643,0.0646071131895,0.0759931752522,0.0065186249138,15.1439384097487
46486,3.6115019446035,0.0041932452440,0.0646288878119,0.0759813614001,0.0065186249138,15.1439384097487
46487,3.6114923138533,0.0041916861301,0.0644409363657,0.0759134314175,0.0065186249138,15.1439384097487
46488,3.6113864361986,0.0041916861301,0.0644353883426,0.0759099518189,0.0065186249138,15.1439384097487
46496,3.6114345504641,0.0042659286023,0.0643176385493,0.0759003973373,0.0065186249138,15.1439384097487
46497,3.6113886339017,0.0042444811443,0.0643050005599,0.0758860422857,0.0065186249138,15.1439384097487
46499,3.6115219579687,0.0042444811443,0.0642970327527,0.0758850831669,0.0065186249138,15.1439384097487
46500,3.6114489473204,0.0042913151645,0.0641405324377,0.0758482288244,0.0065186249138,15.1439384097487
46501,3.6114831537328,0.0042913151645,0.0635408067458,0.0756345250957,0.0065186249138,15.1439384097487
46502,3.6113779894223,0.0042913151645,0.0635363505434,0.0756314455269,0.0065186249138,15.1439384097487
46504,3.6112845980900,0.0042577914599,0.0634765136304,0.0755943864178,0.0065186249138,15.1439384097487
47041,3.6096331007345,0.0044958676098,0.0631144704105,0.0755437493265,0.0054348889340,15.1439384097487
47646,3.6145195261807,0.0045871887155,0.0627300436023,0.0755147342474,0.0043518859573,15.1439384097487
47647,3.6144900209948,0.0046340227357,0.0626450583120,0.0755040365846,0.0043518859573,15.1439384097487
47654,3.6146480377227,0.0045712064201,0.0627034700875,0.0755002125810,0.0043518859573,15.1439384097487
47656,3.6148060122273,0.0046648744606,0.0623921580149,0.0754314084725,0.0043518859573,15.1439384097487
47751,3.6142922919703,0.0048752501689,0.0620457732615,0.0753905915426,0.0042648482382,15.1439384097487
47753,3.6143552580748,0.0047689053751,0.0621391906961,0.0753792695380,0.0042648482382,15.1439384097487
47754,3.6143740400618,0.0047920827334,0.0621055688550,0.0753774606551,0.0042648482382,15.1439384097487
47755,3.6142976352842,0.0048338978391,0.0619725883637,0.0753468072596,0.0042648482382,15.1439384097487
47807,3.6138159224660,0.0046627148398,0.0620854733454,0.0753069429778,0.0040959602480,15.1439384097487
48367,3.6103927430912,0.0043052094592,0.0626340975763,0.0753012258525,0.0034149976905,15.1439384097487
48369,3.6105459242555,0.0043052094592,0.0625788508235,0.0752836623726,0.0033466977367,15.1439384097487
48370,3.6105330927765,0.0043196161129,0.0625300509813,0.0752722265731,0.0033466977367,15.1439384097487
48388,3.6109712310709,0.0043553159660,0.0621960636862,0.0751744449608,0.0033466977367,15.1439384097487
48389,3.6109009541408,0.0044633906601,0.0617403142513,0.0750570006177,0.0033466977367,15.1439384097487
48390,3.6107391742634,0.0044633906601,0.0616971658407,0.0750393012967,0.0033466977367,15.1439384097487
48391,3.6107458224456,0.0044290791346,0.0616336759120,0.0750020154540,0.0033466977367,15.1439384097487
48392,3.6107497948765,0.0044290791346,0.0615755924279,0.0749813275621,0.0033466977367,15.1439384097487
48393,3.6106969832636,0.0044290791346,0.0615735213364,0.0749798406058,0.0033466977367,15.1439384097487
48394,3.6106765940754,0.0044759131549,0.0613994905388,0.0749374699668,0.0033466977367,15.1439384097487
48395,3.6106030764659,0.0044201541714,0.0614565722320,0.0749329193094,0.0033466977367,15.1439384097487
48396,3.6104516898959,0.0044204626886,0.0613902080429,0.0749072079251,0.0033466977367,15.1439384097487
48701,3.6109340137581,0.0048711568061,0.0606472622044,0.0748418495978,0.0030251496848,15.1439384097487
49315,3.6092364624495,0.0049604064389,0.0601857262041,0.0746912449172,0.0024223321933,15.1439384097487
49317,3.6093825334970,0.0049604064389,0.0601256012460,0.0746718386134,0.0024223321933,15.1439384097487
49318,3.6093822616239,0.0049981612372,0.0599498566094,0.0746252494527,0.0024223321933,15.1439384097487
49319,3.6094068952028,0.0049513272170,0.0599807388081,0.0746165556499,0.0024223321933,15.1439384097487
49892,3.6114540195242,0.0049739205962,0.0598684834512,0.0746151139999,0.0019792217644,15.1439384097487
50143,3.6121030593862,0.0048686721404,0.0598668953951,0.0745786242265,0.0018255711371,15.1439384097487
50285,3.6129015354775,0.0047950301750,0.0599169551173,0.0745762402396,0.0017532785201,15.1439384097487
50463,3.6125842097999,0.0043559825836,0.0599046993492,0.0743792097890,0.0016171682825,15.1439384097487
50464,3.6123651073596,0.0043091485634,0.0596299575173,0.0742579156984,0.0016171682825,15.1439384097487
50465,3.6123847027347,0.0042855084292,0.0595247926180,0.0742105025930,0.0016171682825,15.1439384097487
50467,3.6124122115129,0.0042855084292,0.0595166750034,0.0742079926922,0.0016171682825,15.1439384097487
50915,3.6102227242848,0.0039968464689,0.0599299717208,0.0742009052964,0.0013758269760,15.1439384097487
50917,3.6102102474152,0.0039717849517,0.0599288082634,0.0741895725788,0.0013758269760,15.1439384097487
50918,3.6103217519973,0.0039734983242,0.0599164448136,0.0741874691459,0.0013758269760,15.1439384097487
50919,3.6104086952622,0.0040203323445,0.0598109660035,0.0741711001067,0.0013758269760,15.1439384097487
50924,3.6106311048650,0.0041211954479,0.0595718097282,0.0741320612765,0.0013758269760,15.1439384097487
50930,3.6106464777978,0.0039532849352,0.0597434472410,0.0741216162659,0.0013758269760,15.1439384097487
51183,3.6115605908898,0.0034695959997,0.0602081385226,0.0740932168189,0.0012436386164,15.1439384097487
51184,3.6114084414359,0.0034695959997,0.0599534514154,0.0740001042332,0.0012436386164,15.1439384097487
51185,3.6114286578652,0.0034227619795,0.0598860944658,0.0739562625179,0.0012436386164,15.1439384097487
51186,3.6114441886993,0.0034695959997,0.0597843467686,0.0739402155378,0.0012436386164,15.1439384097487
51528,3.6102118631106,0.0036421177435,0.0595014274551,0.0738956734915,0.0011016677929,15.1439384097487
51529,3.6101869196231,0.0036687549024,0.0594580202699,0.0738912339019,0.0011016677929,15.1439384097487
51531,3.6100652834125,0.0036687549024,0.0594423639928,0.0738839212301,0.0011016677929,15.1439384097487
51535,3.6101724279391,0.0036264770208,0.0594876460196,0.0738834903783,0.0011016677929,15.1439384097487
51565,3.6100770550352,0.0035096150943,0.0596269416258,0.0738818056061,0.0011016677929,15.1439384097487
51567,3.6102757683998,0.0034627810741,0.0596090283137,0.0738581480525,0.0011016677929,15.1439384097487
51568,3.6104316476550,0.0034505505689,0.0595087954550,0.0738193146389,0.0011016677929,15.1439384097487
51571,3.6105334429685,0.0034613596910,0.0594782692854,0.0738144853133,0.0011016677929,15.1439384097487
51572,3.6105179205775,0.0035081937113,0.0593359163827,0.0737834970730,0.0011016677929,15.1439384097487
51575,3.6106270489947,0.0036165769227,0.0591700648620,0.0737722584946,0.0011016677929,15.1439384097487
51585,3.6111446945463,0.0035755331101,0.0590643364941,0.0737242328077,0.0011016677929,15.1439384097487
51586,3.6111473884913,0.0035532978312,0.0590421179771,0.0737068063370,0.0011016677929,15.1439384097487
55995,3.6239106273842,0.0037244092104,0.0582811568888,0.0736889669435,0.0002421064335,15.1439384097487
55996,3.6239119136323,0.0037477408274,0.0582263711881,0.0736794180865,0.0002421064335,15.1439384097487
55997,3.6239360149349,0.0037176769233,0.0581965870310,0.0736562373891,0.0002421064335,15.1439384097487
56341,3.6251233051698,0.0034351302157,0.0582706971725,0.0735784139280,0.0002188450402,15.1439384097487
56343,3.6250203478401,0.0034351302157,0.0582374397184,0.0735650794265,0.0002188450402,15.1439384097487
56351,3.6248257261844,0.0033087428191,0.0580661656697,0.0734469902129,0.0002188450402,15.1439384097487
56419,3.6262640079537,0.0033691956722,0.0578442466356,0.0734139933713,0.0002144681394,15.1439384097487
56420,3.6262597737292,0.0034160296924,0.0577736338035,0.0734087863117,0.0002144681394,15.1439384097487
56421,3.6262213183262,0.0034036614563,0.0577309370539,0.0733876926585,0.0002144681394,15.1439384097487
56422,3.6259742278824,0.0034504954765,0.0575615908046,0.0733437872649,0.0002144681394,15.1439384097487
56425,3.6260420823354,0.0034489363625,0.0574862460653,0.0733171703737,0.0002144681394,15.1439384097487
56426,3.6260234446494,0.0034021023423,0.0575247408104,0.0733105830520,0.0002144681394,15.1439384097487
56787,3.6258027747557,0.0033063297735,0.0576387250186,0.0733071238469,0.0001861852679,15.1439384097487
58727,3.6322138521812,0.0031945914370,0.0575187061833,0.0733070884349,0.0001015611441,15.1439384097487
58762,3.6331612637174,0.0033036247383,0.0573490619859,0.0733066355890,0.0001015611441,15.1439384097487
58773,3.6331504050584,0.0031369648223,0.0574427040487,0.0732684998553,0.0001015611441,15.1439384097487
58976,3.6325594033235,0.0029797422285,0.0575897394842,0.0732452687642,0.0000955885364,15.1439384097487
58978,3.6325547868020,0.0030088640532,0.0575454440859,0.0732418644376,0.0000955885364,15.1439384097487
58981,3.6326056207928,0.0030088640532,0.0574295460064,0.0732011915640,0.0000955885364,15.1439384097487
58982,3.6325025342023,0.0029886671918,0.0573890491767,0.0731766139444,0.0000955885364,15.1439384097487
58983,3.6324902193474,0.0030286146663,0.0573112588683,0.0731657777833,0.0000955885364,15.1439384097487
58988,3.6323063245601,0.0030831230531,0.0572354320341,0.0731594554093,0.0000955885364,15.1439384097487
59047,3.6327607008486,0.0031166302300,0.0570118532831,0.0731003954681,0.0000936767657,15.1439384097487
59269,3.6335606017169,0.0033701212239,0.0565616858486,0.0730595789255,0.0000881678224,15.1439384097487
59303,3.6340574074667,0.0033220035516,0.0564346641997,0.0730006219594,0.0000864044660,15.1439384097487
59305,3.6340697791825,0.0033265596902,0.0563892544418,0.0729865318785,0.0000864044660,15.1439384097487
62690,3.6359378959043,0.0032371062157,0.0562551553432,0.0729267358665,0.0000355208640,15.1439384097487
62703,3.6359178385379,0.0031902721955,0.0562907012561,0.0729190753020,0.0000355208640,15.1439384097487
62725,3.6359295246335,0.0030886047435,0.0563805877604,0.0729077712173,0.0000355208640,15.1439384097487
62729,3.6359547643400,0.0031174345786,0.0562591733622,0.0728771217160,0.0000355208640,15.1439384097487
62743,3.6360531347068,0.0031656734541,0.0561768566114,0.0728697886143,0.0000348104467,15.1439384097487
62744,3.6360533852142,0.0031476527413,0.0561874944450,0.0728658682226,0.0000348104467,15.1439384097487
62761,3.6361891434854,0.0031377856985,0.0561836138164,0.0728621745217,0.0000341142378,15.1439384097487
62846,3.6352828962015,0.0030442884444,0.0563125120397,0.0728553160113,0.0000341142378,15.1439384097487
62847,3.6351418299463,0.0029974544242,0.0563344988321,0.0728411006361,0.0000341142378,15.1439384097487
63885,3.6353922813552,0.0035264017382,0.0556602133370,0.0728305199645,0.0000267700129,15.1439384097487
63937,3.6356567495713,0.0036006442105,0.0555262069344,0.0728182209450,0.0000262346126,15.1439384097487
63942,3.6356814920136,0.0036319587112,0.0554767824800,0.0728143399583,0.0000262346126,15.1439384097487
64094,3.6365563908498,0.0037920901819,0.0552017747836,0.0727971304570,0.0000251957220,15.1439384097487
64095,3.6365428975683,0.0037452561617,0.0551374671421,0.0727539007902,0.0000251957220,15.1439384097487
64198,3.6366361087953,0.0035279608522,0.0552625907951,0.0727067801805,0.0000251957220,15.1439384097487
64213,3.6363662352528,0.0036183564061,0.0550569992133,0.0726682768747,0.0000251957220,15.1439384097487
64436,3.6357827537530,0.0036430928784,0.0550130788519,0.0726549361525,0.0000237140120,15.1439384097487
64437,3.6357347982408,0.0036899268986,0.0548899934038,0.0726303702196,0.0000237140120,15.1439384097487
64444,3.6356822132729,0.0036574995320,0.0548927640511,0.0726167182199,0.0000237140120,15.1439384097487
64466,3.6357374363763,0.0037521096520,0.0547503178900,0.0726071731883,0.0000232397317,15.1439384097487
64603,3.6352680579847,0.0033316832802,0.0552304924073,0.0725918396839,0.0000227749371,15.1439384097487
64608,3.6351809722230,0.0033785173005,0.0551102117783,0.0725677217816,0.0000227749371,15.1439384097487
64609,3.6351678003437,0.0033454728994,0.0551472947244,0.0725666174236,0.0000227749371,15.1439384097487
64624,3.6353331319968,0.0032115653949,0.0549853805158,0.0724537414218,0.0000227749371,15.1439384097487
64625,3.6353391799553,0.0032817310321,0.0548611494731,0.0724395297578,0.0000227749371,15.1439384097487
64627,3.6352719804012,0.0032550938732,0.0547133596817,0.0723743808950,0.0000227749371,15.1439384097487
64629,3.6354233885586,0.0033019278934,0.0545753086486,0.0723472910929,0.0000227749371,15.1439384097487
64636,3.6354284041824,0.0032665365576,0.0545855871972,0.0723358652585,0.0000227749371,15.1439384097487
64645,3.6354944929087,0.0033019278934,0.0545019449486,0.0723220958933,0.0000223194383,15.1439384097487
64659,3.6355255955620,0.0033019278934,0.0544956268996,0.0723202795477,0.0000223194383,15.1439384097487
64818,3.6356433028567,0.0033082139324,0.0543463452825,0.0722713242514,0.0000218730496,15.1439384097487
64826,3.6356647519827,0.0032613799122,0.0543966955852,0.0722695382831,0.0000218730496,15.1439384097487
64857,3.6361341655425,0.0032458603927,0.0543438156177,0.0722506435283,0.0000214355886,15.1439384097487
64920,3.6362007197965,0.0032040452870,0.0543835506383,0.0722478555857,0.0000214355886,15.1439384097487
64941,3.6363035126241,0.0031617508777,0.0544012292117,0.0722374976981,0.0000210068768,15.1439384097487
64948,3.6362298220073,0.0032085848979,0.0543367016097,0.0722334811316,0.0000210068768,15.1439384097487
64954,3.6363087448715,0.0031617508777,0.0543685287492,0.0722258929975,0.0000210068768,15.1439384097487
64991,3.6363441515294,0.0030611797638,0.0544850491889,0.0722249065361,0.0000210068768,15.1439384097487
65078,3.6365600115710,0.0031590623702,0.0542304054405,0.0721789664339,0.0000205867393,15.1439384097487
65100,3.6367556276896,0.0032657487368,0.0540622321710,0.0721673952354,0.0000205867393,15.1439384097487
65101,3.6368016209059,0.0032657487368,0.0540047198098,0.0721475059073,0.0000205867393,15.1439384097487
65136,3.6369938715019,0.0032685584474,0.0539192824949,0.0721209170753,0.0000201750045,15.1439384097487
65426,3.6369289879582,0.0030473901446,0.0541430979492,0.0721051466529,0.0000193760743,15.1439384097487
65429,3.6371457324055,0.0030110402016,0.0541777156995,0.0721049985075,0.0000193760743,15.1439384097487
65453,3.6371292593538,0.0029822103665,0.0541707368133,0.0720899173120,0.0000189885528,15.1439384097487
65480,3.6365715710835,0.0029255093036,0.0542591594374,0.0720893051134,0.0000186087818,15.1439384097487
65481,3.6366273177702,0.0029087391874,0.0542523060595,0.0720804590976,0.0000186087818,15.1439384097487
65482,3.6367347062959,0.0029087391874,0.0541183808930,0.0720341482215,0.0000186087818,15.1439384097487
65726,3.6371066846504,0.0030505083725,0.0539229895718,0.0720303872978,0.0000178718740,15.1439384097487
65797,3.6369681153272,0.0030249675517,0.0539107617167,0.0720131133939,0.0000175144365,15.1439384097487
65812,3.6370178317375,0.0030531803523,0.0538545941644,0.0720058482380,0.0000175144365,15.1439384097487
65827,3.6370151516237,0.0030368895397,0.0538740907507,0.0720057916043,0.0000175144365,15.1439384097487
65857,3.6369106376076,0.0029485324033,0.0539732669892,0.0720018654789,0.0000175144365,15.1439384097487
65895,3.6369138047270,0.0029953664235,0.0538493691981,0.0719777328053,0.0000175144365,15.1439384097487
65902,3.6367740785723,0.0029953664235,0.0537103405448,0.0719261025991,0.0000175144365,15.1439384097487
65923,3.6366418077246,0.0029747067863,0.0537367499419,0.0719248087728,0.0000175144365,15.1439384097487
65955,3.6366337110568,0.0030100981221,0.0536177748090,0.0718973708019,0.0000175144365,15.1439384097487
66055,3.6366669835075,0.0029949201753,0.0535640277337,0.0718721413865,0.0000168208649,15.1439384097487
66057,3.6366380984966,0.0030085390082,0.0534842124239,0.0718490638404,0.0000168208649,15.1439384097487
66250,3.6368376823201,0.0029915981057,0.0534776925612,0.0718422990290,0.0000164844476,15.1439384097487
66311,3.6369672030237,0.0030453351994,0.0534029982701,0.0718404853887,0.0000158316634,15.1439384097487
66317,3.6369334210288,0.0030453351994,0.0533026504578,0.0718041688713,0.0000158316634,15.1439384097487
66318,3.6369576094522,0.0031047082421,0.0531912980259,0.0717901880000,0.0000158316634,15.1439384097487
66319,3.6369575577902,0.0030801095007,0.0532148173413,0.0717880447067,0.0000158316634,15.1439384097487
66468,3.6372487095187,0.0030865497983,0.0531280813056,0.0717639474561,0.0000158316634,15.1439384097487
66476,3.6372252090604,0.0030492577758,0.0531564079359,0.0717577492845,0.0000155150302,15.1439384097487
66807,3.6373034763085,0.0030787377008,0.0530658405210,0.0717391455091,0.0000149006350,15.1439384097487
66896,3.6371119587483,0.0031582910771,0.0529632616597,0.0717338945450,0.0000146026223,15.1439384097487
66897,3.6370900798996,0.0031490410689,0.0529743835817,0.0717335927865,0.0000146026223,15.1439384097487
66962,3.6368052439728,0.0030818394010,0.0530231733785,0.0717181865898,0.0000143105698,15.1439384097487
66986,3.6367823316535,0.0030509876761,0.0529821129628,0.0716899757800,0.0000140243584,15.1439384097487
67069,3.6366064377091,0.0030115029775,0.0529386171533,0.0716550306611,0.0000140243584,15.1439384097487
67328,3.6370274976520,0.0030293529040,0.0528549537396,0.0716387588091,0.0000131996140,15.1439384097487
67763,3.6350323204264,0.0030596206498,0.0528797312826,0.0716323481985,0.0000124233711,15.1439384097487
67771,3.6351763513754,0.0030220201101,0.0529083521750,0.0716284934570,0.0000124233711,15.1439384097487
67783,3.6352031851529,0.0030597749085,0.0528381114517,0.0716199678084,0.0000124233711,15.1439384097487
67808,3.6352363605959,0.0030229787173,0.0528570095648,0.0716114167686,0.0000124233711,15.1439384097487
67863,3.6350147933388,0.0030135744504,0.0527685625761,0.0715726629964,0.0000121749036,15.1439384097487
67876,3.6350731744723,0.0030813931528,0.0526472333189,0.0715592223662,0.0000121749036,15.1439384097487
67943,3.6350386718185,0.0030470816274,0.0526667799409,0.0715510101529,0.0000121749036,15.1439384097487
67957,3.6351119190027,0.0030939156476,0.0525778929602,0.0715403729683,0.0000121749036,15.1439384097487
67958,3.6350547342689,0.0030939156476,0.0525673324815,0.0715357922087,0.0000121749036,15.1439384097487
67959,3.6349978765900,0.0031031491281,0.0525539592870,0.0715341687413,0.0000121749036,15.1439384097487
68163,3.6351696141927,0.0029125570884,0.0527345372202,0.0715194086332,0.0000116927775,15.1439384097487
68174,3.6350908035208,0.0029075547015,0.0525533681978,0.0714514463651,0.0000114589219,15.1439384097487
68281,3.6352143525895,0.0027797293942,0.0526942022853,0.0714487101900,0.0000114589219,15.1439384097487
68338,3.6351847899793,0.0027487234107,0.0527103856928,0.0714407833908,0.0000112297435,15.1439384097487
68340,3.6352757603720,0.0027280472458,0.0527145703116,0.0714347039089,0.0000112297435,15.1439384097487
68341,3.6353484487865,0.0027502825247,0.0526618279773,0.0714264253024,0.0000110051486,15.1439384097487
68352,3.6355835955540,0.0027866324677,0.0526003000433,0.0714233568982,0.0000110051486,15.1439384097487
68363,3.6355775709552,0.0027866324677,0.0525504457145,0.0714054665331,0.0000110051486,15.1439384097487
68365,3.6357502856235,0.0027397984474,0.0525737513251,0.0713961621435,0.0000110051486,15.1439384097487
68366,3.6355453934726,0.0027034485044,0.0525142883604,0.0713564476132,0.0000110051486,15.1439384097487
68399,3.6355190824187,0.0027808257323,0.0524194230980,0.0713553565318,0.0000110051486,15.1439384097487
68405,3.6354059528852,0.0028276597525,0.0523099401328,0.0713347264204,0.0000110051486,15.1439384097487
68438,3.6354036497468,0.0027971165449,0.0523171478438,0.0713241780675,0.0000110051486,15.1439384097487
68440,3.6354089950578,0.0027930397098,0.0522058764023,0.0712827666877,0.0000110051486,15.1439384097487
68687,3.6354783546324,0.0027249124902,0.0522659924136,0.0712760207453,0.0000105693447,15.1439384097487
68720,3.6354760638831,0.0027322618118,0.0522330854549,0.0712673855553,0.0000105693447,15.1439384097487
68750,3.6354723929094,0.0026970247346,0.0522665948857,0.0712641996606,0.0000105693447,15.1439384097487
68783,3.6355232925490,0.0027438587548,0.0521976206449,0.0712603579527,0.0000103579578,15.1439384097487
68945,3.6354106237347,0.0028002513005,0.0521280672046,0.0712580914160,0.0000101507987,15.1439384097487
69022,3.6353506008715,0.0027708044310,0.0521195733954,0.0712415885062,0.0000099477827,15.1439384097487
69789,3.6356368166709,0.0026882209745,0.0522045428758,0.0712405917737,0.0000088121675,15.1439384097487
69804,3.6355365981882,0.0026943362271,0.0521602469094,0.0712259745234,0.0000088121675,15.1439384097487
69822,3.6353909898737,0.0027300526079,0.0521155168608,0.0712232461785,0.0000088121675,15.1439384097487
69866,3.6354219747416,0.0028104103328,0.0519935991816,0.0712145816090,0.0000088121675,15.1439384097487
69873,3.6355178898964,0.0028351633328,0.0519157489068,0.0711987435610,0.0000086359242,15.1439384097487
70068,3.6353840873407,0.0027372641986,0.0519960940941,0.0711835882018,0.0000084632057,15.1439384097487
70108,3.6354826482598,0.0027372641986,0.0519638956186,0.0711734833766,0.0000084632057,15.1439384097487
70241,3.6357888575749,0.0027704628583,0.0518073806917,0.0711361460268,0.0000081280627,15.1439384097487
70397,3.6358620744281,0.0027870787158,0.0517513737172,0.0711243006312,0.0000079655015,15.1439384097487
70497,3.6358396784683,0.0027704628583,0.0517533295442,0.0711175611577,0.0000079655015,15.1439384097487
70812,3.6358718236703,0.0026952783066,0.0516843207285,0.0710611480539,0.0000074970663,15.1439384097487
70829,3.6359161210030,0.0026595784535,0.0517102648655,0.0710557406843,0.0000074970663,15.1439384097487
70879,3.6358831786579,0.0026127444333,0.0517544253656,0.0710509744366,0.0000074970663,15.1439384097487
70880,3.6359047421003,0.0026595784535,0.0516869330228,0.0710472468727,0.0000074970663,15.1439384097487
70887,3.6361052234356,0.0027064124737,0.0516079638328,0.0710419521109,0.0000074970663,15.1439384097487
71014,3.6360896853030,0.0026721174760,0.0516202513863,0.0710314228032,0.0000073471249,15.1439384097487
71015,3.6360945025435,0.0027064124737,0.0515762807866,0.0710304850374,0.0000073471249,15.1439384097487
71112,3.6361654710120,0.0026862156124,0.0515931218506,0.0710288481045,0.0000072001824,15.1439384097487
71461,3.6362545128443,0.0027653227406,0.0514932063409,0.0710283269848,0.0000067767541,15.1439384097487
71462,3.6362417692027,0.0027653227406,0.0514933538832,0.0710281993568,0.0000067767541,15.1439384097487
71467,3.6362348219377,0.0027764403800,0.0514381799152,0.0710131607675,0.0000067767541,15.1439384097487
71481,3.6363100038479,0.0027640556161,0.0513567280683,0.0709798268852,0.0000067767541,15.1439384097487
71511,3.6362686501442,0.0027831561394,0.0513128005198,0.0709717392614,0.0000067767541,15.1439384097487
71596,3.6362602140902,0.0027756525592,0.0512876309468,0.0709594149385,0.0000066412190,15.1439384097487
71597,3.6362959351451,0.0027095472293,0.0512317561932,0.0709116342643,0.0000066412190,15.1439384097487
71709,3.6361647522857,0.0026743101521,0.0512791330440,0.0709115967349,0.0000065083946,15.1439384097487
71775,3.6361159294975,0.0026743101521,0.0512349182221,0.0708951148879,0.0000063782268,15.1439384097487
71789,3.6362235769906,0.0027045283148,0.0511878198819,0.0708927678981,0.0000063782268,15.1439384097487
71793,3.6362974004424,0.0027126654572,0.0511442567112,0.0708817415665,0.0000063782268,15.1439384097487
72068,3.6361131547768,0.0026653686611,0.0512062468489,0.0708810037821,0.0000062506622,15.1439384097487
72118,3.6362794389493,0.0026485985450,0.0512101044063,0.0708775471984,0.0000061256490,15.1439384097487
72146,3.6361857330029,0.0026611375674,0.0511010240187,0.0708426378511,0.0000061256490,15.1439384097487
72154,3.6362191142726,0.0026827558118,0.0510555755377,0.0708361435553,0.0000061256490,15.1439384097487
72778,3.6366454888996,0.0027142410989,0.0510002899668,0.0708359255754,0.0000054263595,15.1439384097487
72976,3.6365371022570,0.0027245874452,0.0509587855547,0.0708240030558,0.0000053178323,15.1439384097487
73015,3.6365095696060,0.0026918515614,0.0509657603703,0.0708120748117,0.0000053178323,15.1439384097487
73035,3.6364388575534,0.0027043905839,0.0509223501807,0.0708009444685,0.0000053178323,15.1439384097487
73386,3.6366662654899,0.0026612918261,0.0509448106965,0.0707937129922,0.0000050051012,15.1439384097487
73873,3.6366436575261,0.0026771198628,0.0509024830285,0.0707850595110,0.0000046165460,15.1439384097487
73906,3.6366478457675,0.0026647516266,0.0509017862413,0.0707795692492,0.0000046165460,15.1439384097487
74053,3.6366401152507,0.0026821387773,0.0508779538535,0.0707783999318,0.0000045242151,15.1439384097487
74797,3.6365962840951,0.0026915265165,0.0508672028935,0.0707779634121,0.0000040077414,15.1439384097487
75043,3.6365185674081,0.0027187807099,0.0508233575242,0.0707728850343,0.0000038490349,15.1439384097487
75056,3.6364690487522,0.0026719466896,0.0508795876123,0.0707721948000,0.0000038490349,15.1439384097487
75085,3.6365353285146,0.0026789874940,0.0508232165978,0.0707560176366,0.0000038490349,15.1439384097487
75088,3.6367325450564,0.0027187807099,0.0507670049693,0.0707557868913,0.0000038490349,15.1439384097487
75089,3.6366382866260,0.0026956033515,0.0507346987319,0.0707329820453,0.0000038490349,15.1439384097487
75166,3.6366472125730,0.0026487693313,0.0507469975576,0.0707174290616,0.0000037720542,15.1439384097487
75395,3.6366012119791,0.0026193224617,0.0507561637007,0.0707074316919,0.0000036226808,15.1439384097487
75545,3.6365484812853,0.0025804713253,0.0507924713947,0.0707030021026,0.0000035502272,15.1439384097487
75767,3.6365344164425,0.0026273053456,0.0507234464860,0.0706982230559,0.0000034792227,15.1439384097487
75940,3.6365420460858,0.0026373431746,0.0506995151478,0.0706940860351,0.0000034096382,15.1439384097487
76664,3.6364789480642,0.0025662354580,0.0507717000836,0.0706884988008,0.0000030204020,15.1439384097487
76879,3.6364227719733,0.0026384395127,0.0506584629559,0.0706782066764,0.0000029007941,15.1439384097487
76955,3.6364241428126,0.0026498656694,0.0506091896804,0.0706655253996,0.0000029007941,15.1439384097487
77196,3.6363374307966,0.0026966996896,0.0505525678170,0.0706641480593,0.0000027859227,15.1439384097487
77202,3.6362721742867,0.0026677155959,0.0505390025900,0.0706459582057,0.0000027859227,15.1439384097487
77234,3.6362581923640,0.0027145496162,0.0504822645319,0.0706455684932,0.0000027859227,15.1439384097487
77469,3.6362837846271,0.0027131447608,0.0504249758122,0.0706248682841,0.0000026756001,15.1439384097487
77503,3.6362354066114,0.0026663107406,0.0504817138702,0.0706243756076,0.0000026756001,15.1439384097487
77622,3.6362000553530,0.0026475187346,0.0504936697220,0.0706200916199,0.0000026220881,15.1439384097487
77653,3.6361182994251,0.0026020895697,0.0505376020638,0.0706151552590,0.0000026220881,15.1439384097487
77807,3.6360551084901,0.0026323077324,0.0504692563610,0.0706028025730,0.0000025696464,15.1439384097487
77812,3.6360853722911,0.0025854737121,0.0504940385517,0.0705920098632,0.0000025696464,15.1439384097487
78900,3.6360023441910,0.0026652144025,0.0503744464752,0.0705822981469,0.0000021424369,15.1439384097487
79028,3.6359933006453,0.0026728887691,0.0503495225496,0.0705765577935,0.0000021424369,15.1439384097487
79035,3.6359504874089,0.0026260547489,0.0503739561564,0.0705646065543,0.0000021424369,15.1439384097487
79065,3.6359725805981,0.0026614626124,0.0503162259935,0.0705594760548,0.0000020995882,15.1439384097487
79178,3.6359669079397,0.0026738308485,0.0502676920249,0.0705473628995,0.0000020575964,15.1439384097487
79265,3.6359957391668,0.0026877747263,0.0502209192147,0.0705370422320,0.0000020164445,15.1439384097487
79304,3.6359462354591,0.0026827723395,0.0501497091264,0.0705087657034,0.0000020164445,15.1439384097487
79351,3.6359719255566,0.0026827723395,0.0501022308012,0.0704921726718,0.0000020164445,15.1439384097487
79667,3.6359873250165,0.0026890253231,0.0500898420779,0.0704906458792,0.0000018978614,15.1439384097487
79842,3.6359813395820,0.0026581735982,0.0501107373457,0.0704848016135,0.0000018599042,15.1439384097487
80148,3.6359288029509,0.0026227822623,0.0501313192201,0.0704762411778,0.0000017505269,15.1439384097487
80220,3.6359331724669,0.0025759482421,0.0501793250447,0.0704733762205,0.0000017505269,15.1439384097487
80222,3.6359969185823,0.0026227822623,0.0501075573188,0.0704687186161,0.0000017505269,15.1439384097487
80226,3.6359744553923,0.0026227822623,0.0500591094064,0.0704510979376,0.0000017505269,15.1439384097487
80350,3.6359482465556,0.0026696162826,0.0499992953131,0.0704494366311,0.0000017155164,15.1439384097487
80351,3.6358729303533,0.0027164503028,0.0499176588697,0.0704392867622,0.0000017155164,15.1439384097487
80491,3.6359594447539,0.0027164503028,0.0498834816473,0.0704283047843,0.0000016812061,15.1439384097487
80516,3.6360388429689,0.0027164503028,0.0498490218933,0.0704171212087,0.0000016812061,15.1439384097487
80682,3.6359495411312,0.0027632843230,0.0497835343901,0.0704125409226,0.0000016146303,15.1439384097487
80683,3.6360116393907,0.0027632843230,0.0497487736447,0.0704010050569,0.0000016146303,15.1439384097487
80751,3.6359923458781,0.0027164503028,0.0497954591092,0.0703973337122,0.0000015823377,15.1439384097487
80838,3.6360260767159,0.0026696162826,0.0498176792841,0.0703856750551,0.0000015823377,15.1439384097487
80862,3.6360110903335,0.0026227822623,0.0498476322855,0.0703760887764,0.0000015823377,15.1439384097487
81209,3.6359091697985,0.0026633632990,0.0497881608193,0.0703707986711,0.0000014892836,15.1439384097487
81253,3.6358905519517,0.0026259335456,0.0498098528502,0.0703622410609,0.0000014892836,15.1439384097487
81313,3.6358181077034,0.0026574188327,0.0497737532850,0.0703618169722,0.0000014594979,15.1439384097487
81534,3.6357873834159,0.0026633632990,0.0497162073014,0.0703433777170,0.0000014303080,15.1439384097487
81581,3.6358116080158,0.0026633632990,0.0496920060839,0.0703350772015,0.0000014303080,15.1439384097487
81590,3.6358016617273,0.0026321865292,0.0496958506346,0.0703229480432,0.0000014303080,15.1439384097487
81671,3.6358982438140,0.0026790205494,0.0496302892928,0.0703209716313,0.0000013736678,15.1439384097487
81749,3.6359126943618,0.0026696162826,0.0496337887811,0.0703183955228,0.0000013736678,15.1439384097487
81898,3.6359514113252,0.0026696162826,0.0496187026123,0.0703135554478,0.0000013461944,15.1439384097487
81929,3.6359057688081,0.0027164503028,0.0495377108872,0.0703040557161,0.0000013461944,15.1439384097487
81942,3.6358162567827,0.0027632843230,0.0494801464439,0.0703023021201,0.0000013192705,15.1439384097487
81952,3.6358549483389,0.0027632843230,0.0494646188321,0.0702973040274,0.0000013192705,15.1439384097487
81995,3.6358268320947,0.0027330661603,0.0494897293608,0.0702929235892,0.0000013192705,15.1439384097487
82205,3.6358812139103,0.0027893044474,0.0493805441718,0.0702788005010,0.0000012670274,15.1439384097487
82670,3.6358005177591,0.0027424704272,0.0494381086151,0.0702781456626,0.0000011925161,15.1439384097487
82885,3.6358305875155,0.0026442462481,0.0494642641722,0.0702458163413,0.0000011452924,15.1439384097487
83028,3.6358072010825,0.0026910802683,0.0494029050281,0.0702436431677,0.0000011223866,15.1439384097487
83045,3.6357445907880,0.0026821387773,0.0493289300869,0.0702125055468,0.0000011223866,15.1439384097487
83051,3.6357277604151,0.0027289727975,0.0492506689905,0.0702043887296,0.0000011223866,15.1439384097487
83052,3.6358023482772,0.0027289727975,0.0491929883526,0.0701848439150,0.0000011223866,15.1439384097487
83106,3.6358797334531,0.0026821387773,0.0492381577202,0.0701819991041,0.0000011223866,15.1439384097487
83135,3.6358747186890,0.0026706960929,0.0492253403550,0.0701724465075,0.0000010999388,15.1439384097487
83142,3.6358979091950,0.0026556724047,0.0492035638123,0.0701585585914,0.0000010999388,15.1439384097487
83796,3.6359649036484,0.0026973332518,0.0491382705556,0.0701540421870,0.0000010145486,15.1439384097487
83809,3.6359816650640,0.0026064749220,0.0491856005064,0.0701322436295,0.0000009942576,15.1439384097487
83814,3.6359161442773,0.0026533089423,0.0490850180582,0.0701154659348,0.0000009743724,15.1439384097487
84127,3.6358934083865,0.0026016267938,0.0491140382645,0.0701033590907,0.0000009548850,15.1439384097487
84729,3.6359436605226,0.0026182426514,0.0490815843499,0.0700996005531,0.0000008631404,15.1439384097487
84914,3.6359544099182,0.0026650766716,0.0489988268526,0.0700902681302,0.0000008289600,15.1439384097487
85380,3.6358991260379,0.0026981210727,0.0489407791712,0.0700829164384,0.0000007646064,15.1439384097487
85512,3.6358495885149,0.0026512870524,0.0489483185896,0.0700648364122,0.0000007493142,15.1439384097487
85566,3.6358785659059,0.0026425163478,0.0489225108931,0.0700522705325,0.0000007493142,15.1439384097487
85574,3.6357821167488,0.0025956823275,0.0489785379252,0.0700508437147,0.0000007493142,15.1439384097487
85584,3.6358260816222,0.0025776616147,0.0489955552088,0.0700498202534,0.0000007493142,15.1439384097487
85603,3.6357902089686,0.0025942774722,0.0489460286317,0.0700387456763,0.0000007493142,15.1439384097487
85685,3.6356016013104,0.0026122981851,0.0488900200593,0.0700237969916,0.0000007343279,15.1439384097487
86194,3.6355546783474,0.0026265505801,0.0488530359799,0.0700160326044,0.0000006773207,15.1439384097487
86268,3.6356281566114,0.0026733846004,0.0487872773065,0.0700136587994,0.0000006773207,15.1439384097487
86597,3.6356694184465,0.0027202186206,0.0487116061168,0.0700072889496,0.0000006374888,15.1439384097487
86811,3.6356943389050,0.0027670526408,0.0486489226435,0.0700053263407,0.0000006247391,15.1439384097487
86822,3.6356557188598,0.0027670526408,0.0486355980109,0.0700000210722,0.0000006247391,15.1439384097487
86964,3.6355644849641,0.0027347795329,0.0486726005500,0.0699981139793,0.0000005999994,15.1439384097487
87247,3.6355382595796,0.0027816135531,0.0486096963552,0.0699953488309,0.0000005762394,15.1439384097487
87326,3.6355323808388,0.0027070460359,0.0486620257910,0.0699819972240,0.0000005762394,15.1439384097487
87337,3.6355401781857,0.0026833893740,0.0486338654185,0.0699619117107,0.0000005762394,15.1439384097487
87343,3.6354471855730,0.0027014100869,0.0485917961854,0.0699532943080,0.0000005762394,15.1439384097487
87361,3.6354888998004,0.0026833893740,0.0486096963552,0.0699525543166,0.0000005762394,15.1439384097487
87380,3.6355960910623,0.0026378059505,0.0486306384151,0.0699420146200,0.0000005647146,15.1439384097487
87418,3.6357075657867,0.0026680241132,0.0485835400748,0.0699397217852,0.0000005534203,15.1439384097487
87466,3.6356658490592,0.0026519040869,0.0485699830529,0.0699273811201,0.0000005534203,15.1439384097487
87562,3.6357494490238,0.0026685199445,0.0485374552998,0.0699240680811,0.0000005423519,15.1439384097487
87654,3.6355560563069,0.0026841771949,0.0484677886384,0.0699031608868,0.0000005423519,15.1439384097487
87660,3.6355700155612,0.0026727345105,0.0484801522104,0.0699028699631,0.0000005423519,15.1439384097487
87871,3.6355005608462,0.0026841771949,0.0484350435256,0.0698906809466,0.0000005315049,15.1439384097487
88015,3.6355967280212,0.0026987381072,0.0484089765272,0.0698889724544,0.0000005104573,15.1439384097487
88526,3.6355583673424,0.0027310112151,0.0483538715565,0.0698825806386,0.0000004804383,15.1439384097487
88714,3.6355764227999,0.0027002972211,0.0483799010603,0.0698789692332,0.0000004614130,15.1439384097487
89213,3.6356372627007,0.0027310112151,0.0483027776791,0.0698654491893,0.0000004255926,15.1439384097487
89221,3.6355875222423,0.0027704959137,0.0482513820897,0.0698633118112,0.0000004255926,15.1439384097487
89222,3.6355303275954,0.0027310112151,0.0481996847884,0.0698271171752,0.0000004255926,15.1439384097487
89308,3.6355340808106,0.0026841771949,0.0482119142991,0.0698114662423,0.0000004170808,15.1439384097487
89720,3.6356129565669,0.0026996967143,0.0481787642343,0.0698073942428,0.0000003925531,15.1439384097487
89881,3.6356032096348,0.0026882540299,0.0481145357103,0.0697794135582,0.0000003847020,15.1439384097487
89884,3.6355502362855,0.0027350880502,0.0480555454490,0.0697776677614,0.0000003847020,15.1439384097487
90008,3.6355378360705,0.0027028149422,0.0480471148815,0.0697606500502,0.0000003770080,15.1439384097487
90073,3.6355163841858,0.0026559809220,0.0480604082974,0.0697450224330,0.0000003770080,15.1439384097487
90704,3.6354976142927,0.0026443839790,0.0480013995765,0.0697187121787,0.0000003407854,15.1439384097487
90760,3.6353619595780,0.0026100724535,0.0480427387771,0.0697168517343,0.0000003407854,15.1439384097487
90821,3.6352887521279,0.0025977042174,0.0479834792073,0.0696893510491,0.0000003272903,15.1439384097487
91038,3.6352672464672,0.0026320157428,0.0479375370826,0.0696873437832,0.0000003207445,15.1439384097487
91203,3.6352580929068,0.0026407864475,0.0478913865979,0.0696744908184,0.0000003143296,15.1439384097487
91230,3.6351608434732,0.0026282639527,0.0478706408733,0.0696603387746,0.0000003143296,15.1439384097487
91254,3.6351279822563,0.0025851817226,0.0478242820286,0.0696248532475,0.0000003143296,15.1439384097487
91415,3.6351919234525,0.0025806421117,0.0478104146086,0.0696188598135,0.0000003018821,15.1439384097487
91603,3.6350953240504,0.0026274761319,0.0477444713389,0.0696140134937,0.0000002958445,15.1439384097487
91659,3.6351369848440,0.0026223029587,0.0477311834165,0.0696076402303,0.0000002899276,15.1439384097487
92037,3.6350458828131,0.0026545760667,0.0476939778214,0.0696068947621,0.0000002728775,15.1439384097487
92081,3.6350507716441,0.0026232615659,0.0477266418089,0.0696052091483,0.0000002728775,15.1439384097487
92271,3.6350691360966,0.0026378224782,0.0476978856746,0.0696014393471,0.0000002674200,15.1439384097487
92657,3.6350056659637,0.0026846564984,0.0476194146287,0.0695925875984,0.0000002466597,15.1439384097487
92664,3.6350865583135,0.0026066457084,0.0476612438865,0.0695752380446,0.0000002466597,15.1439384097487
92731,3.6350707512273,0.0026066457084,0.0476383991524,0.0695668555417,0.0000002466597,15.1439384097487
92992,3.6350155765034,0.0026332663395,0.0475787779759,0.0695561903877,0.0000002321541,15.1439384097487
93201,3.6349539471553,0.0026448467549,0.0475000745407,0.0695321730020,0.0000002275110,15.1439384097487
93552,3.6349949573941,0.0026182261237,0.0474808877552,0.0695144920288,0.0000002185016,15.1439384097487
93597,3.6349796444642,0.0026323242601,0.0474543688506,0.0695108463730,0.0000002141316,15.1439384097487
93784,3.6350679980327,0.0026443839790,0.0474171263363,0.0695039641230,0.0000002098489,15.1439384097487
94004,3.6351191587858,0.0026130694782,0.0473643841680,0.0694724310553,0.0000002056519,15.1439384097487
94098,3.6350767421976,0.0026599034984,0.0473043959480,0.0694704782220,0.0000002015389,15.1439384097487
94159,3.6349724193625,0.0026885625472,0.0472709433771,0.0694693371636,0.0000001975081,15.1439384097487
94308,3.6349487735330,0.0026782162009,0.0472840693187,0.0694692562646,0.0000001935580,15.1439384097487
94310,3.6349208505238,0.0026313821806,0.0473325711610,0.0694661115194,0.0000001935580,15.1439384097487
94373,3.6349325461704,0.0026063206634,0.0473384838546,0.0694576480381,0.0000001896868,15.1439384097487
94653,3.6348825711923,0.0025651391199,0.0473441568606,0.0694413177362,0.0000001858931,15.1439384097487
94725,3.6348752058081,0.0025797000322,0.0473210810307,0.0694392125396,0.0000001785317,15.1439384097487
94731,3.6348664462371,0.0026082048223,0.0472193733274,0.0694149807512,0.0000001785317,15.1439384097487
94764,3.6348633600913,0.0025717171484,0.0472548302185,0.0694119626833,0.0000001785317,15.1439384097487
94896,3.6348177065672,0.0026185511686,0.0471691061128,0.0694007726599,0.0000001749611,15.1439384097487
94918,3.6347660650712,0.0026066457084,0.0471318082195,0.0693816189199,0.0000001749611,15.1439384097487
95268,3.6348114275335,0.0026450340689,0.0470780799251,0.0693795242736,0.0000001680326,15.1439384097487
95324,3.6348527370774,0.0026534797286,0.0470649260640,0.0693790305618,0.0000001646720,15.1439384097487
95535,3.6348050645228,0.0026009932316,0.0469842011319,0.0693270314525,0.0000001613785,15.1439384097487
95681,3.6347903010780,0.0026155541439,0.0469393641716,0.0693170497416,0.0000001581510,15.1439384097487
95838,3.6347845544241,0.0026155541439,0.0469123910705,0.0693073351764,0.0000001518882,15.1439384097487
95872,3.6347458154131,0.0025687201237,0.0469256259220,0.0692914420317,0.0000001518882,15.1439384097487
95977,3.6348033505355,0.0025504074213,0.0469308341495,0.0692862679301,0.0000001488504,15.1439384097487
96055,3.6347059230230,0.0025972414415,0.0468699771881,0.0692832264312,0.0000001458734,15.1439384097487
96103,3.6347132863083,0.0026440754617,0.0468026535895,0.0692793582018,0.0000001458734,15.1439384097487
96277,3.6346244890682,0.0026368638710,0.0467416619739,0.0692532283252,0.0000001400968,15.1439384097487
96296,3.6345748675978,0.0025900298508,0.0467959566895,0.0692518454316,0.0000001400968,15.1439384097487
96318,3.6344674583708,0.0025602744640,0.0468355529708,0.0692517148186,0.0000001400968,15.1439384097487
96333,3.6345519209639,0.0025925475719,0.0467439049830,0.0692340098664,0.0000001400968,15.1439384097487
96355,3.6346280961751,0.0026268590974,0.0466768708221,0.0692258519083,0.0000001400968,15.1439384097487
96500,3.6346963220097,0.0026523833905,0.0466297392204,0.0692209235672,0.0000001372949,15.1439384097487
96609,3.6346711252504,0.0026042987736,0.0466624130045,0.0692116285503,0.0000001345490,15.1439384097487
97055,3.6346886034965,0.0026052408530,0.0466522733339,0.0692086583038,0.0000001266364,15.1439384097487
97355,3.6346719388533,0.0026188596859,0.0466337803633,0.0692076545105,0.0000001216216,15.1439384097487
97492,3.6346574376762,0.0026520748733,0.0465656663421,0.0691973579640,0.0000001168054,15.1439384097487
97493,3.6346971269606,0.0026715004415,0.0465074712700,0.0691854608539,0.0000001168054,15.1439384097487
97541,3.6347296731863,0.0026246664212,0.0465559731122,0.0691831717443,0.0000001168054,15.1439384097487
97544,3.6347733138832,0.0026520748733,0.0464688011843,0.0691644029053,0.0000001168054,15.1439384097487
97566,3.6347636569990,0.0025961451034,0.0464261776300,0.0691250736617,0.0000001168054,15.1439384097487
97877,3.6347117805162,0.0026345334640,0.0463711250064,0.0691211301162,0.0000001121799,15.1439384097487
98065,3.6347191280580,0.0026345334640,0.0463550441804,0.0691154909313,0.0000001077376,15.1439384097487
98191,3.6347001355722,0.0026284182114,0.0463514602888,0.0691113214050,0.0000001055828,15.1439384097487
98250,3.6346809333379,0.0026420370442,0.0463328438251,0.0691102376003,0.0000001055828,15.1439384097487
98284,3.6347061869783,0.0026752522316,0.0462638469178,0.0691001882653,0.0000001034712,15.1439384097487
98361,3.6347300261199,0.0026752522316,0.0462421406914,0.0690927733639,0.0000001014018,15.1439384097487
98494,3.6346433248969,0.0025770280525,0.0462838222720,0.0690643367494,0.0000000993737,15.1439384097487
98969,3.6346320942208,0.0026429791237,0.0462045048875,0.0690641149436,0.0000000935298,15.1439384097487
99019,3.6346240445791,0.0025961451034,0.0462607310847,0.0690640101034,0.0000000916592,15.1439384097487
