0,3.12456,0.555358,0.320124,0.396553,100000.000000
1,3.1245978506641,0.5553584234398,0.3200004975388,0.3965094952088,100000.0000000000000,15.1439384097487
2,3.1245921953506,0.5553115894196,0.3199875816465,0.3964847306449,100000.0000000000000,15.1439384097487
3,3.1245308507116,0.5553115894196,0.3199891038845,0.3964844062788,100000.0000000000000,15.1439384097487
4,3.1245436455178,0.5551939562000,0.3199623956501,0.3964246344323,100000.0000000000000,15.1439384097487
5,3.1245934981929,0.5551471221798,0.3199681675484,0.3964073295136,100000.0000000000000,15.1439384097487
6,3.1247039012372,0.5551471221798,0.3199443934107,0.3964004009458,100000.0000000000000,15.1439384097487
7,3.1246896005144,0.5551471221798,0.3198241078655,0.3963572394683,100000.0000000000000,15.1439384097487
8,3.1247408323195,0.5550294889601,0.3197944164340,0.3962969460752,100000.0000000000000,15.1439384097487
9,3.1247752404562,0.5550294889601,0.3195147311570,0.3961975453491,100000.0000000000000,15.1439384097487
10,3.1250002257095,0.5550294889601,0.3190284085405,0.3960270422266,100000.0000000000000,15.1439384097487
11,3.1250221113411,0.5549118557405,0.3189420479788,0.3959460946122,100000.0000000000000,15.1439384097487
12,3.1250413216481,0.5549118557405,0.3187945028193,0.3958936717369,100000.0000000000000,15.1439384097487
13,3.1249138230974,0.5549118557405,0.3187096102931,0.3958615488816,100000.0000000000000,15.1439384097487
14,3.1250632762235,0.5549118557405,0.3186578031558,0.3958451610843,100000.0000000000000,15.1439384097487
15,3.1250869865089,0.5547942225209,0.3185610977025,0.3957605446843,100000.0000000000000,15.1439384097487
16,3.1250726198699,0.5547473885007,0.3185396717146,0.3957326175359,100000.0000000000000,15.1439384097487
17,3.1251214690938,0.5547473885007,0.3185230665479,0.3957273783324,100000.0000000000000,15.1439384097487
18,3.1250520070021,0.5547005544804,0.3185475926517,0.3957150830483,100000.0000000000000,15.1439384097487
19,3.1250972534043,0.5547005544804,0.3182678715864,0.3956158229014,100000.0000000000000,15.1439384097487
20,3.1250638947005,0.5547005544804,0.3182137234286,0.3955960122502,100000.0000000000000,15.1439384097487
21,3.1250199402962,0.5547473885007,0.3180811165787,0.3955681024320,100000.0000000000000,15.1439384097487
22,3.1250211921419,0.5546297552810,0.3177540489171,0.3954008960295,100000.0000000000000,15.1439384097487
23,3.1249558933668,0.5545121220614,0.3177537843825,0.3953494633425,100000.0000000000000,15.1439384097487
24,3.1250222807160,0.5543944888418,0.3174429540713,0.3951889776567,100000.0000000000000,15.1439384097487
25,3.1250381607271,0.5543944888418,0.3174282741870,0.3951839595419,100000.0000000000000,15.1439384097487
26,3.1249397771466,0.5543944888418,0.3173907857886,0.3951691787071,100000.0000000000000,15.1439384097487
27,3.1250946502022,0.5543944888418,0.3170549337887,0.3950514230077,100000.0000000000000,15.1439384097487
28,3.1251358904336,0.5543944888418,0.3156985684984,0.3945675903791,100000.0000000000000,15.1439384097487
29,3.1251367736727,0.5542768556222,0.3156377798213,0.3944954783981,100000.0000000000000,15.1439384097487
30,3.1252099448004,0.5542300216019,0.3156273418070,0.3944727141794,100000.0000000000000,15.1439384097487
31,3.1250887031030,0.5541831875817,0.3156675909778,0.3944653015984,100000.0000000000000,15.1439384097487
32,3.1250609751257,0.5543008208013,0.3155249366392,0.3944643755083,100000.0000000000000,15.1439384097487
33,3.1252507669111,0.5543008208013,0.3153981548783,0.3944217818490,100000.0000000000000,15.1439384097487
34,3.1253550604071,0.5541831875817,0.3152746152495,0.3943287220620,100000.0000000000000,15.1439384097487
35,3.1253050342843,0.5540655543621,0.3152860140770,0.3942816709686,100000.0000000000000,15.1439384097487
36,3.1253738800728,0.5540187203419,0.3152661600897,0.3942554826992,100000.0000000000000,15.1439384097487
37,3.1254358008143,0.5539010871222,0.3153135277288,0.3942228616505,100000.0000000000000,15.1439384097487
38,3.1255882659173,0.5537834539026,0.3148200507053,0.3939983629904,100000.0000000000000,15.1439384097487
39,3.1255906532202,0.5536658206830,0.3148267159060,0.3939503629624,100000.0000000000000,15.1439384097487
40,3.1256060287275,0.5535481874634,0.3148022646225,0.3938914336866,100000.0000000000000,15.1439384097487
41,3.1255712577806,0.5534305542437,0.3142510589223,0.3936436682644,100000.0000000000000,15.1439384097487
42,3.1256979203828,0.5533129210241,0.3141079860438,0.3935439488381,100000.0000000000000,15.1439384097487
43,3.1257804029023,0.5531952878045,0.3140812514942,0.3934851536699,100000.0000000000000,15.1439384097487
44,3.1259141427717,0.5531952878045,0.3140460647498,0.3934744793856,100000.0000000000000,15.1439384097487
45,3.1259707176676,0.5530776545849,0.3137163901035,0.3933071247345,100000.0000000000000,15.1439384097487
46,3.1258972960552,0.5530776545849,0.3135258953257,0.3932380519744,100000.0000000000000,15.1439384097487
47,3.1259466425293,0.5530308205646,0.3135098359544,0.3932129430110,100000.0000000000000,15.1439384097487
48,3.1258498823236,0.5529839865444,0.3135008704550,0.3931883001736,100000.0000000000000,15.1439384097487
49,3.1259439201314,0.5528663533248,0.3131835658485,0.3930258934915,100000.0000000000000,15.1439384097487
50,3.1258958688110,0.5527487201052,0.3131611172932,0.3929667819904,100000.0000000000000,15.1439384097487
51,3.1259514747842,0.5527487201052,0.3130730733605,0.3929361245495,100000.0000000000000,15.1439384097487
52,3.1259600977697,0.5526310868856,0.3130185930059,0.3928663750577,100000.0000000000000,15.1439384097487
53,3.1260356779876,0.5525842528653,0.3130520272763,0.3928593136006,100000.0000000000000,15.1439384097487
54,3.1261436878412,0.5525842528653,0.3130291211535,0.3928526611747,100000.0000000000000,15.1439384097487
55,3.1260949628327,0.5525842528653,0.3129919267359,0.3928386879985,100000.0000000000000,15.1439384097487
56,3.1260480987867,0.5525374188451,0.3129414344168,0.3927999201813,100000.0000000000000,15.1439384097487
57,3.1261649121507,0.5524197856255,0.3126503789785,0.3926472104748,100000.0000000000000,15.1439384097487
58,3.1262079036899,0.5523729516052,0.3126395654430,0.3926238851023,100000.0000000000000,15.1439384097487
22230,3.4886177034555,0.0498457601069,0.9010275492340,0.3925217287811,37.1018526053234,15.1439384097487
22231,3.4885174417420,0.0498788210357,0.9009319310064,0.3925003296870,37.1018526053234,15.1439384097487
22235,3.4883631898608,0.0498099059952,0.9010135405767,0.3924977582910,37.1018526053234,15.1439384097487
22236,3.4883959273786,0.0498099059952,0.9009458728386,0.3924740544753,37.1018526053234,15.1439384097487
22237,3.4884231314155,0.0497594744435,0.9009558807716,0.3924564001503,37.1018526053234,15.1439384097487
22238,3.4884576921722,0.0497594744435,0.9008064815453,0.3924035323161,37.1018526053234,15.1439384097487
22239,3.4884740844826,0.0497594744435,0.9007533125979,0.3923847753564,37.1018526053234,15.1439384097487
22249,3.4886964792313,0.0497807841706,0.7760178037286,0.3478486589427,37.1018526053234,15.1439384097487
22250,3.4887519509864,0.0497807841706,0.7759897951034,0.3478394407839,37.1018526053234,15.1439384097487
22251,3.4888691420537,0.0497807841706,0.7759804341435,0.3478377558297,37.1018526053234,15.1439384097487
22252,3.4886865579771,0.0497339501504,0.7759975454536,0.3478212117364,37.1018526053234,15.1439384097487
22253,3.4887986249687,0.0497339501504,0.7759559112270,0.3478079281102,37.1018526053234,15.1439384097487
22369,3.4910762141771,0.0494095387539,0.7750470834918,0.3473765410553,34.9199668573096,15.1439384097487
22370,3.4910073673475,0.0494095387539,0.7748563096471,0.3473074333613,34.9199668573096,15.1439384097487
22371,3.4909427694696,0.0494563727742,0.7746386101605,0.3472488412120,34.9199668573096,15.1439384097487
22372,3.4909827595046,0.0494095387539,0.7742883205187,0.3471042319019,34.9199668573096,15.1439384097487
22373,3.4909713680815,0.0494095387539,0.7742809325237,0.3471014321444,34.9199668573096,15.1439384097487
22392,3.4906394159828,0.0489654722480,0.6602712074591,0.3061886618759,34.9199668573096,15.1439384097487
22407,3.4908912992872,0.0488334323747,0.6602504539902,0.3061282255375,34.9199668573096,15.1439384097487
22431,3.4911922262701,0.0488044317533,0.5574041456326,0.2693892303830,34.9199668573096,15.1439384097487
22432,3.4913004817014,0.0488512657736,0.5573085615659,0.2693766967464,34.9199668573096,15.1439384097487
22433,3.4914492344479,0.0488512657736,0.5570376566221,0.2692820498221,34.9199668573096,15.1439384097487
22435,3.4914549880490,0.0488512657736,0.5569366694498,0.2692460643879,34.9199668573096,15.1439384097487
22436,3.4916279412071,0.0488512657736,0.5567345589775,0.2691763293520,34.9199668573096,15.1439384097487
22439,3.4916731844984,0.0488550340914,0.5567275257887,0.2691760726818,34.9199668573096,15.1439384097487
22447,3.4912774392893,0.0486180542796,0.5569611842075,0.2691523595723,33.5371361697601,15.1439384097487
22448,3.4911401306722,0.0486180542796,0.5569095289669,0.2691319683644,33.5371361697601,15.1439384097487
22450,3.4910471302744,0.0485845140472,0.5566192275117,0.2690125989386,33.5371361697601,15.1439384097487
22461,3.4911324345323,0.0484974405629,0.5564570921320,0.2689185832878,33.5371361697601,15.1439384097487
22465,3.4911236948824,0.0483950018178,0.5565211328954,0.2688974290042,33.5371361697601,15.1439384097487
22474,3.4909636610920,0.0482150315862,0.5564428530571,0.2687900773525,33.5371361697601,15.1439384097487
22478,3.4910680181255,0.0482902161379,0.5558829220590,0.2686238005918,33.5371361697601,15.1439384097487
22484,3.4908864555491,0.0484456041559,0.5554060154667,0.2685175025753,33.5371361697601,15.1439384097487
22487,3.4907569157822,0.0484658010172,0.5552716268000,0.2684763294416,33.5371361697601,15.1439384097487
22488,3.4908700639921,0.0484189669970,0.5552020620178,0.2684330141932,33.5371361697601,15.1439384097487
22492,3.4908552124262,0.0485110759235,0.5550848754573,0.2684304269557,33.5371361697601,15.1439384097487
22493,3.4909939215127,0.0485110759235,0.5550774572645,0.2684297403254,33.5371361697601,15.1439384097487
22495,3.4909110310064,0.0485110759235,0.5550567856103,0.2684211846966,33.5371361697601,15.1439384097487
22496,3.4911067075675,0.0484642419033,0.5550455221962,0.2683998591360,33.5371361697601,15.1439384097487
22498,3.4911403082287,0.0483572800749,0.5551631326895,0.2683964975472,33.5371361697601,15.1439384097487
22501,3.4914034164328,0.0483120051686,0.5551989169112,0.2683935970586,33.5371361697601,15.1439384097487
22504,3.4913712793841,0.0483120051686,0.5551715066305,0.2683833529355,33.5371361697601,15.1439384097487
22519,3.4914973102705,0.0483640288897,0.5550968202735,0.2683807584457,33.5371361697601,15.1439384097487
22520,3.4914101891925,0.0483640288897,0.5550959583997,0.2683792178762,33.5371361697601,15.1439384097487
22521,3.4914688288663,0.0482568797473,0.5550814783658,0.2683289551219,33.5371361697601,15.1439384097487
22523,3.4915306194368,0.0482513980569,0.5550775591206,0.2683260804280,33.5371361697601,15.1439384097487
22524,3.4915129950916,0.0482513980569,0.5549479891343,0.2682795560496,33.5371361697601,15.1439384097487
25521,3.5132242133709,0.0284109182227,0.5533502386326,0.2595130803690,11.2650743289937,15.1439384097487
25522,3.5131527996709,0.0285285514423,0.5529735736523,0.2594279608996,11.2650743289937,15.1439384097487
25524,3.5130061328277,0.0285753854626,0.5528186797466,0.2593906380445,11.2650743289937,15.1439384097487
25525,3.5130598681261,0.0286050031184,0.5525619663149,0.2593124083080,11.2650743289937,15.1439384097487
25527,3.5130492840106,0.0286050031184,0.5524643811266,0.2592774066906,11.2650743289937,15.1439384097487
25529,3.5129679958070,0.0285822885360,0.5521304407001,0.2591472572088,11.2650743289937,15.1439384097487
25530,3.5130680575419,0.0285354545158,0.5520509306802,0.2591002049170,11.2650743289937,15.1439384097487
25531,3.5130354202556,0.0285370136297,0.5519581771597,0.2590672850360,11.2650743289937,15.1439384097487
25532,3.5130631540841,0.0285370136297,0.5519147102462,0.2590521535701,11.2650743289937,15.1439384097487
25533,3.5131294001079,0.0285370136297,0.5518936384083,0.2590455652906,11.2650743289937,15.1439384097487
25534,3.5132283595100,0.0284193804101,0.5517424172596,0.2589425437694,11.2650743289937,15.1439384097487
25535,3.5131917699191,0.0284193804101,0.5516697970102,0.2589160902257,11.2650743289937,15.1439384097487
25539,3.5133596767481,0.0284298644873,0.5515406837969,0.2588768474102,11.2650743289937,15.1439384097487
25540,3.5134722368754,0.0284766985076,0.5511860750738,0.2587718658789,11.2650743289937,15.1439384097487
25541,3.5133776281275,0.0284790289146,0.5511443257662,0.2587566154503,11.2650743289937,15.1439384097487
37130,3.5813273391550,0.0043509801968,0.5394596969566,0.2452044252853,0.1827483661610,15.1439384097487
37135,3.5815792129622,0.0043755789381,0.5392247349189,0.2451346165871,0.1827483661610,15.1439384097487
37229,3.5813632828454,0.0042706059442,0.5392688882985,0.2451023418285,0.1790933988378,15.1439384097487
37239,3.5806629798868,0.0043141509502,0.5392066582752,0.2450888697257,0.1755115308611,15.1439384097487
37240,3.5806692431016,0.0042973808340,0.5392240878896,0.2450879960194,0.1755115308611,15.1439384097487
37242,3.5806954243386,0.0043442148542,0.5391416439683,0.2450789939475,0.1720013002438,15.1439384097487
37243,3.5806910767165,0.0042265816346,0.5392243481903,0.2450580554141,0.1720013002438,15.1439384097487
37244,3.5807833590704,0.0042195243025,0.5389081562910,0.2449434109540,0.1720013002438,15.1439384097487
37245,3.5808810100188,0.0042070018078,0.5388460625444,0.2449172495869,0.1720013002438,15.1439384097487
37250,3.5805383788304,0.0041601677875,0.5389157778864,0.2449172279920,0.1720013002438,15.1439384097487
37286,3.5801780084488,0.0043973183857,0.5384059488454,0.2448316829455,0.1720013002438,15.1439384097487
37358,3.5810980681093,0.0045248186481,0.4461407427377,0.2119474853734,0.1685612742390,15.1439384097487
37366,3.5811100080155,0.0046502804929,0.4459055175410,0.2119174146856,0.1685612742390,15.1439384097487
37367,3.5810429246441,0.0046502804929,0.4458831318715,0.2119084705784,0.1685612742390,15.1439384097487
37368,3.5812295061990,0.0046502804929,0.4457756466509,0.2118727231161,0.1685612742390,15.1439384097487
37369,3.5810210363484,0.0046968059958,0.4451852034548,0.2116788402129,0.1685612742390,15.1439384097487
37371,3.5809432878552,0.0046968059958,0.4451238780530,0.2116558381477,0.1685612742390,15.1439384097487
37381,3.5807243923232,0.0045993861653,0.3626066494227,0.1821405506381,0.1685612742390,15.1439384097487
37383,3.5808600669927,0.0045993861653,0.3625628805612,0.1821268386893,0.1685612742390,15.1439384097487
37385,3.5808540708182,0.0045525521450,0.3624160921776,0.1820542576982,0.1685612742390,15.1439384097487
37400,3.5806595828638,0.0042826656631,0.3625773472019,0.1819934311517,0.1685612742390,15.1439384097487
37401,3.5808024235390,0.0043294996833,0.3622065270788,0.1818830883024,0.1651900487542,15.1439384097487
37471,3.5817426745240,0.0043913243363,0.3620698221766,0.1818740658913,0.1618862477791,15.1439384097487
37472,3.5817081771678,0.0043444903161,0.3620940258060,0.1818621501864,0.1618862477791,15.1439384097487
37473,3.5817844228695,0.0042976562958,0.3621418716152,0.1818602451241,0.1618862477791,15.1439384097487
37474,3.5816083683765,0.0042976562958,0.3621332012068,0.1818546573903,0.1618862477791,15.1439384097487
37475,3.5818335708993,0.0042511307928,0.3621537717034,0.1818452510956,0.1618862477791,15.1439384097487
37476,3.5820482442083,0.0042979648131,0.3618533447191,0.1817610650800,0.1618862477791,15.1439384097487
37479,3.5821722485504,0.0041289579623,0.3618924223826,0.1817043445340,0.1618862477791,15.1439384097487
37480,3.5822295799323,0.0040877764188,0.3619168570045,0.1816962331870,0.1618862477791,15.1439384097487
37497,3.5819140335244,0.0041374201497,0.3618503091199,0.1816892770095,0.1586485228235,15.1439384097487
37498,3.5818117117823,0.0041374201497,0.3616047214285,0.1816001192739,0.1586485228235,15.1439384097487
37521,3.5821781611075,0.0042006827134,0.2892678015113,0.1557978027785,0.1586485228235,15.1439384097487
37522,3.5822752126062,0.0041538486932,0.2892933989094,0.1557882462556,0.1586485228235,15.1439384097487
37523,3.5821688472318,0.0041538486932,0.2892809234488,0.1557822856711,0.1586485228235,15.1439384097487
37538,3.5822696803550,0.0040926410747,0.2891253861238,0.1557019315719,0.1586485228235,15.1439384097487
37539,3.5823869842867,0.0040458070545,0.2890630199479,0.1556612460574,0.1586485228235,15.1439384097487
37540,3.5824023059642,0.0040926410747,0.2889542581661,0.1556426910876,0.1586485228235,15.1439384097487
37541,3.5824041880409,0.0040945252336,0.2888453367650,0.1556046247151,0.1586485228235,15.1439384097487
37543,3.5824519424477,0.0041252061722,0.2887023041697,0.1555673663407,0.1586485228235,15.1439384097487
37544,3.5823649608833,0.0040783721519,0.2882126828262,0.1553711990689,0.1586485228235,15.1439384097487
37545,3.5822263391897,0.0040780636347,0.2879864555397,0.1552883099001,0.1586485228235,15.1439384097487
37551,3.5823349356070,0.0040046089833,0.2879676015724,0.1552516324075,0.1586485228235,15.1439384097487
37558,3.5819559876170,0.0039693553783,0.2879992357073,0.1552424595363,0.1586485228235,15.1439384097487
37560,3.5818689994033,0.0038891519121,0.2880405015705,0.1552215935531,0.1586485228235,15.1439384097487
37561,3.5818542278855,0.0038891519121,0.2880023804111,0.1552077698373,0.1586485228235,15.1439384097487
37668,3.5822394584285,0.0036117783776,0.2266000200268,0.1331649320288,0.1493187204933,15.1439384097487
37669,3.5823287689768,0.0035699467442,0.2265933478555,0.1331458850059,0.1493187204933,15.1439384097487
37671,3.5824620919767,0.0035528846385,0.2265568980811,0.1331274414098,0.1493187204933,15.1439384097487
37672,3.5825134791056,0.0035770040763,0.2264262474289,0.1330918444889,0.1493187204933,15.1439384097487
37673,3.5825045320901,0.0035770040763,0.2261893248346,0.1330071026770,0.1493187204933,15.1439384097487
37677,3.5823652591220,0.0036186649233,0.2260176982706,0.1329616914211,0.1493187204933,15.1439384097487
37679,3.5822819624955,0.0036249344346,0.2259600912704,0.1329426257842,0.1493187204933,15.1439384097487
37680,3.5822400771569,0.0036186649233,0.2258608347019,0.1329038974016,0.1493187204933,15.1439384097487
37692,3.5819861494623,0.0033470650688,0.2258201671069,0.1327693802630,0.1493187204933,15.1439384097487
37693,3.5820213917626,0.0033575491460,0.2256795845686,0.1327241640658,0.1493187204933,15.1439384097487
42081,3.5988737719833,0.0040985690133,0.2235637072690,0.1325245335962,0.0315153466261,15.1439384097487
42083,3.5991429513206,0.0039431809953,0.2236415224325,0.1324895387308,0.0315153466261,15.1439384097487
42084,3.5991006210919,0.0039979978994,0.2227652742282,0.1321994869325,0.0315153466261,15.1439384097487
42088,3.5992510108784,0.0040598721355,0.2223031100141,0.1320630738198,0.0315153466261,15.1439384097487
42176,3.6006363629221,0.0041414969848,0.2200165547513,0.1313010316571,0.0302673388997,15.1439384097487
42177,3.6007562027115,0.0041883310050,0.2199236197451,0.1312896080314,0.0302673388997,15.1439384097487
42182,3.6007203245841,0.0041883310050,0.2198856822459,0.1312755512515,0.0302673388997,15.1439384097487
42184,3.6007249098436,0.0042029084450,0.2198010336543,0.1312516319670,0.0302673388997,15.1439384097487
42188,3.6006919874013,0.0041617269015,0.2195979824086,0.1311609985817,0.0302673388997,15.1439384097487
42189,3.6006985861008,0.0042085609217,0.2195072205960,0.1311487487427,0.0302673388997,15.1439384097487
42190,3.6008327105622,0.0041617269015,0.2192271776027,0.1310305595172,0.0302673388997,15.1439384097487
42383,3.6023350090786,0.0039217500650,0.1689104690140,0.1129787166576,0.0279176296890,15.1439384097487
42385,3.6023482984135,0.0039349061219,0.1685047192776,0.1128396323907,0.0279176296890,15.1439384097487
42386,3.6022487636752,0.0038880721017,0.1683892318934,0.1127769067635,0.0279176296890,15.1439384097487
42389,3.6022538171612,0.0038880721017,0.1683529117978,0.1127640068073,0.0279176296890,15.1439384097487
42390,3.6021203343793,0.0040006864068,0.1681646201377,0.1127431342870,0.0279176296890,15.1439384097487
42395,3.6021643271444,0.0038829154563,0.1268675827415,0.0979443415900,0.0279176296890,15.1439384097487
42396,3.6023951288440,0.0038829154563,0.1266401258692,0.0978663728213,0.0279176296890,15.1439384097487
43123,3.6047877054398,0.0044143804914,0.1256996682599,0.0977921206317,0.0219074309040,15.1439384097487
43124,3.6047924393450,0.0044612145116,0.1252380513215,0.0976473961468,0.0219074309040,15.1439384097487
43125,3.6049378250716,0.0045030461451,0.1251655719057,0.0976414956823,0.0219074309040,15.1439384097487
43126,3.6048976269323,0.0045030461451,0.1251304276397,0.0976283753577,0.0219074309040,15.1439384097487
43128,3.6048833464996,0.0045498801653,0.1249978269748,0.0976008876332,0.0219074309040,15.1439384097487
43285,3.6047161426073,0.0047453533887,0.1247100162244,0.0975795063942,0.0206190987074,15.1439384097487
43287,3.6046246863992,0.0047453533887,0.1246049864422,0.0975407016585,0.0206190987074,15.1439384097487
43288,3.6047250092110,0.0047921874089,0.1245047881251,0.0975264078293,0.0206190987074,15.1439384097487
43831,3.6029133283352,0.0042453736406,0.1248665053582,0.0973956086345,0.0168473048564,15.1439384097487
43832,3.6028940392335,0.0042453736406,0.1247955529909,0.0973699955638,0.0168473048564,15.1439384097487
43833,3.6029573729587,0.0042807815042,0.1246529715090,0.0973351445726,0.0168473048564,15.1439384097487
43837,3.6028856674594,0.0043185363025,0.1245121659450,0.0973000228711,0.0168473048564,15.1439384097487
43838,3.6029115122476,0.0043185363025,0.1244746875058,0.0972870034162,0.0168473048564,15.1439384097487
43840,3.6028761789136,0.0043426557403,0.1242492533073,0.0972163281400,0.0168473048564,15.1439384097487
43865,3.6025997109636,0.0044181322815,0.0958909901120,0.0871168120850,0.0165103587592,15.1439384097487
43866,3.6025353629290,0.0044181322815,0.0957434912574,0.0870632234023,0.0165103587592,15.1439384097487
43867,3.6024131784194,0.0043410635709,0.0956519298284,0.0869957645419,0.0165103587592,15.1439384097487
43868,3.6024107630718,0.0043410635709,0.0954929120940,0.0869389383169,0.0165103587592,15.1439384097487
43869,3.6023249481239,0.0043186575057,0.0955063647674,0.0869329259680,0.0165103587592,15.1439384097487
43900,3.6018839091219,0.0046004329202,0.0949231812228,0.0868391663502,0.0165103587592,15.1439384097487
43902,3.6017949461098,0.0047518983617,0.0945104172687,0.0867554055923,0.0165103587592,15.1439384097487
43903,3.6017029612505,0.0047050643415,0.0943061326061,0.0866610734817,0.0165103587592,15.1439384097487
43904,3.6015872468023,0.0047050643415,0.0941304074942,0.0865966771614,0.0165103587592,15.1439384097487
43905,3.6016061971361,0.0047414142845,0.0936341728056,0.0864352971799,0.0165103587592,15.1439384097487
43907,3.6015708235847,0.0046945802643,0.0936668229020,0.0864263856723,0.0165103587592,15.1439384097487
43908,3.6016018479543,0.0045899488430,0.0936896436928,0.0863901329097,0.0165103587592,15.1439384097487
43924,3.6021327639189,0.0047160277223,0.0934516591790,0.0863666846713,0.0161801515840,15.1439384097487
43925,3.6022637169759,0.0047160277223,0.0933409610606,0.0863290026060,0.0161801515840,15.1439384097487
43926,3.6022742372245,0.0047110253355,0.0932169821098,0.0862827293900,0.0161801515840,15.1439384097487
43929,3.6021233107537,0.0046691937021,0.0932014115361,0.0862571050285,0.0161801515840,15.1439384097487
43930,3.6021067110687,0.0046641913152,0.0931854921124,0.0862490407556,0.0161801515840,15.1439384097487
43933,3.6021534384301,0.0047160277223,0.0929771990576,0.0861975271709,0.0161801515840,15.1439384097487
43937,3.6021241481519,0.0047160277223,0.0926988113750,0.0860976885430,0.0161801515840,15.1439384097487
43938,3.6020516046833,0.0047069485004,0.0926705655930,0.0860826831834,0.0161801515840,15.1439384097487
43939,3.6020472193773,0.0046601144802,0.0913931275857,0.0856063215489,0.0161801515840,15.1439384097487
43940,3.6020795416224,0.0046132804599,0.0913708988127,0.0855787683361,0.0161801515840,15.1439384097487
43944,3.6021079853776,0.0045047264622,0.0913343038405,0.0855195780385,0.0161801515840,15.1439384097487
43946,3.6021189438521,0.0044683765192,0.0913507907769,0.0855100427447,0.0161801515840,15.1439384097487
43947,3.6021536614117,0.0045152105394,0.0912084378741,0.0854797653964,0.0161801515840,15.1439384097487
43948,3.6021901078165,0.0045120757838,0.0910513683995,0.0854228414030,0.0161801515840,15.1439384097487
43953,3.6022734335307,0.0043875560185,0.0911483625893,0.0854052956246,0.0161801515840,15.1439384097487
44005,3.6018377054753,0.0043615854772,0.0911199867739,0.0853778656501,0.0158565485524,15.1439384097487
44007,3.6018431814530,0.0043553159660,0.0910361294013,0.0853453071398,0.0158565485524,15.1439384097487
44137,3.6018106649919,0.0044300707972,0.0703919761939,0.0780039729590,0.0152286292297,15.1439384097487
44138,3.6018724273052,0.0044300707972,0.0700211560708,0.0778724111334,0.0152286292297,15.1439384097487
44141,3.6018669545777,0.0044678255956,0.0699631070349,0.0778677825240,0.0152286292297,15.1439384097487
44149,3.6018151117351,0.0044488958586,0.0699353167370,0.0778490111005,0.0152286292297,15.1439384097487
44150,3.6019293745902,0.0044020618384,0.0699511439300,0.0778362087582,0.0152286292297,15.1439384097487
44151,3.6021004040798,0.0043552278182,0.0699928331952,0.0778334461143,0.0152286292297,15.1439384097487
44156,3.6020123706366,0.0043083937979,0.0700375246669,0.0778280899639,0.0152286292297,15.1439384097487
44157,3.6020747323854,0.0043133961848,0.0699067966203,0.0777844276705,0.0152286292297,15.1439384097487
44160,3.6020712409067,0.0042887974434,0.0698678525944,0.0777599273679,0.0152286292297,15.1439384097487
44162,3.6021209176554,0.0042577914599,0.0696581588369,0.0776724513842,0.0152286292297,15.1439384097487
44164,3.6021372762779,0.0042750243519,0.0696260280132,0.0776685930886,0.0152286292297,15.1439384097487
44165,3.6022074943939,0.0042800267387,0.0694837396358,0.0776209132727,0.0152286292297,15.1439384097487
44499,3.6035750749187,0.0041111741466,0.0696306759418,0.0776203763010,0.0134901651741,15.1439384097487
44502,3.6036220728905,0.0040643401263,0.0694744103847,0.0775451604687,0.0134901651741,15.1439384097487
46485,3.6102228625471,0.0043635192192,0.0685909073787,0.0774512440237,0.0066516580753,15.1439384097487
46486,3.6101339970872,0.0044103532395,0.0685100594972,0.0774411840629,0.0066516580753,15.1439384097487
46488,3.6102373514699,0.0044305501008,0.0684356116038,0.0774247137849,0.0066516580753,15.1439384097487
46597,3.6103038353103,0.0044877139396,0.0675843034842,0.0771461147007,0.0062604873672,15.1439384097487
46599,3.6104240074429,0.0044452652717,0.0676173473011,0.0771414242052,0.0062604873672,15.1439384097487
46604,3.6103757340772,0.0044452652717,0.0674886538553,0.0770947791954,0.0062604873672,15.1439384097487
46605,3.6105382098509,0.0044452652717,0.0674637915906,0.0770881988365,0.0062604873672,15.1439384097487
46606,3.6104300207430,0.0043984312515,0.0675043531826,0.0770810825277,0.0062604873672,15.1439384097487
46607,3.6103499669549,0.0043984312515,0.0675066146496,0.0770807574388,0.0062604873672,15.1439384097487
46608,3.6101238219798,0.0044098574082,0.0666996803029,0.0767942635887,0.0062604873672,15.1439384097487
46609,3.6102823149679,0.0043630233879,0.0666646171363,0.0767639119714,0.0062604873672,15.1439384097487
47486,3.6141525732715,0.0042674546609,0.0666060342357,0.0767567953768,0.0046238025369,15.1439384097487
47487,3.6140796759572,0.0042624522740,0.0666140510710,0.0767564831601,0.0046238025369,15.1439384097487
47488,3.6140198854757,0.0042973808340,0.0660307111680,0.0765622708320,0.0046238025369,15.1439384097487
47489,3.6141796350711,0.0043352733633,0.0659782726100,0.0765620428771,0.0046238025369,15.1439384097487
47490,3.6142191433541,0.0042934417298,0.0658713344261,0.0765064818652,0.0046238025369,15.1439384097487
47491,3.6141418646228,0.0043277532553,0.0657202592803,0.0764661379066,0.0046238025369,15.1439384097487
47502,3.6138958306676,0.0044314425971,0.0655157138801,0.0764340429033,0.0046238025369,15.1439384097487
47574,3.6130496344154,0.0044629444119,0.0654479978912,0.0764113857790,0.0045313264862,15.1439384097487
49592,3.6173192102730,0.0044109372185,0.0646317397747,0.0761579904384,0.0022342820881,15.1439384097487
49607,3.6174763375492,0.0043802397523,0.0646579170279,0.0761564067409,0.0022342820881,15.1439384097487
49608,3.6173504625129,0.0044100116668,0.0644939909153,0.0761088399693,0.0022342820881,15.1439384097487
49616,3.6169940899550,0.0042207748992,0.0647048096453,0.0760979882532,0.0022342820881,15.1439384097487
49617,3.6170649717423,0.0042676089195,0.0646359225952,0.0760944604308,0.0022342820881,15.1439384097487
49628,3.6168807044566,0.0043128838258,0.0645741557264,0.0760891969963,0.0022342820881,15.1439384097487
49629,3.6168216152057,0.0043039588625,0.0645697626284,0.0760829669396,0.0022342820881,15.1439384097487
49633,3.6167501603033,0.0043085150011,0.0644360014763,0.0760361366483,0.0022342820881,15.1439384097487
49634,3.6166720031678,0.0043085150011,0.0642306933498,0.0759617063992,0.0022342820881,15.1439384097487
49635,3.6166296119876,0.0043175942230,0.0642060675050,0.0759562027173,0.0022342820881,15.1439384097487
50043,3.6173290691567,0.0043625606121,0.0641057450508,0.0759495418511,0.0019008445825,15.1439384097487
50045,3.6171728955973,0.0044211293062,0.0639279281649,0.0759089268439,0.0019008445825,15.1439384097487
51051,3.6233785439862,0.0049705819988,0.0629801379727,0.0758937195812,0.0013213442278,15.1439384097487
51052,3.6233512139809,0.0049705819988,0.0629481265023,0.0758819001955,0.0013213442278,15.1439384097487
51055,3.6233123779230,0.0050836590798,0.0628064492074,0.0758792132401,0.0013213442278,15.1439384097487
51056,3.6234912242286,0.0050368250596,0.0628281462800,0.0758694211349,0.0013213442278,15.1439384097487
51904,3.6247833111861,0.0039668541849,0.0639551018117,0.0758316292510,0.0009958204292,15.1439384097487
51907,3.6247731920677,0.0038974598409,0.0639971376827,0.0758167584440,0.0009958204292,15.1439384097487
51908,3.6246805523851,0.0039751455860,0.0638655513428,0.0758017463681,0.0009958204292,15.1439384097487
51909,3.6245448112763,0.0040927788056,0.0636843604845,0.0757855288567,0.0009958204292,15.1439384097487
51917,3.6244599415551,0.0040171314780,0.0637088450273,0.0757606521521,0.0009958204292,15.1439384097487
51931,3.6242264283862,0.0039790681624,0.0635788221813,0.0756945983762,0.0009958204292,15.1439384097487
51932,3.6243796675777,0.0039790681624,0.0634969458265,0.0756675251452,0.0009958204292,15.1439384097487
51933,3.6242860093279,0.0039594883356,0.0634997016143,0.0756587927428,0.0009958204292,15.1439384097487
51937,3.6243712926220,0.0038692635680,0.0635063987191,0.0756237235613,0.0009958204292,15.1439384097487
51939,3.6245476929487,0.0038224295478,0.0634372222729,0.0755814420175,0.0009759040206,15.1439384097487
52322,3.6255525664771,0.0038476783791,0.0631848766710,0.0755163584090,0.0008644971411,15.1439384097487
52337,3.6256802132663,0.0039321129390,0.0628248939363,0.0754257855802,0.0008644971411,15.1439384097487
52343,3.6261822836694,0.0039321129390,0.0626877339448,0.0753839041315,0.0008644971411,15.1439384097487
52344,3.6261617640999,0.0039789469592,0.0624756700374,0.0753279483941,0.0008644971411,15.1439384097487
52384,3.6262718896847,0.0041805189075,0.0622260138506,0.0753267317178,0.0008302630543,15.1439384097487
52385,3.6263120706524,0.0041789597935,0.0622151439359,0.0753227499716,0.0008302630543,15.1439384097487
52842,3.6300226540419,0.0040831486601,0.0617796802906,0.0751786698333,0.0007207725568,15.1439384097487
52843,3.6298715483413,0.0041097858190,0.0615610865478,0.0751098784292,0.0007207725568,15.1439384097487
52854,3.6298269779626,0.0040331964119,0.0615702746778,0.0750797052047,0.0007207725568,15.1439384097487
52855,3.6298029728635,0.0040800304321,0.0615025625700,0.0750752543614,0.0007207725568,15.1439384097487
52859,3.6297851978862,0.0040209659067,0.0614296065769,0.0750236337668,0.0007207725568,15.1439384097487
52934,3.6292858751082,0.0039488995829,0.0614269931062,0.0749847494332,0.0006922299635,15.1439384097487
52936,3.6292479998641,0.0038516340109,0.0614307877145,0.0749438834732,0.0006922299635,15.1439384097487
52937,3.6292040649677,0.0038516340109,0.0614207410614,0.0749396737070,0.0006922299635,15.1439384097487
53861,3.6287276634338,0.0039230171894,0.0613184626540,0.0749269974453,0.0005112596630,15.1439384097487
53862,3.6286130828125,0.0038932618026,0.0613533227848,0.0749250738752,0.0005112596630,15.1439384097487
53863,3.6286094872673,0.0039385367089,0.0612720262240,0.0749153920438,0.0005112596630,15.1439384097487
54134,3.6302453911612,0.0038655283056,0.0609697298103,0.0747992876538,0.0004621382419,15.1439384097487
54137,3.6300628239118,0.0038564490837,0.0609705147687,0.0747930935866,0.0004621382419,15.1439384097487
54141,3.6301282736642,0.0038434472854,0.0608040927629,0.0747290110663,0.0004621382419,15.1439384097487
54143,3.6301280439261,0.0038736819757,0.0606962957664,0.0747034666126,0.0004621382419,15.1439384097487
54144,3.6301636728355,0.0039205159960,0.0606271193202,0.0746993366086,0.0004621382419,15.1439384097487
54306,3.6303320727470,0.0031204316033,0.0614947328764,0.0746686881293,0.0004349608162,15.1439384097487
54308,3.6303603873481,0.0030937944444,0.0614999849187,0.0746595485832,0.0004349608162,15.1439384097487
54661,3.6321442961680,0.0033881088814,0.0609733395143,0.0746228378878,0.0003853067250,15.1439384097487
54662,3.6322077270995,0.0033881088814,0.0609576550213,0.0746181338265,0.0003853067250,15.1439384097487
55311,3.6349482458099,0.0038802434765,0.0601127018362,0.0745660578146,0.0003085271744,15.1439384097487
55315,3.6351086724325,0.0038802434765,0.0600391233208,0.0745420497993,0.0003085271744,15.1439384097487
55316,3.6351521114503,0.0038802434765,0.0599380782248,0.0745065769242,0.0003085271744,15.1439384097487
55335,3.6344446202656,0.0036246259173,0.0601663483131,0.0744685406204,0.0003085271744,15.1439384097487
55336,3.6344468733530,0.0036673831025,0.0600135741749,0.0744323348171,0.0003085271744,15.1439384097487
55338,3.6344805983052,0.0036875799638,0.0598622339652,0.0743874177457,0.0003085271744,15.1439384097487
55339,3.6344851518336,0.0035788717075,0.0599865073068,0.0743852762615,0.0003085271744,15.1439384097487
57630,3.6414292124620,0.0036670580575,0.0595269222059,0.0743571908683,0.0001461026934,15.1439384097487
57661,3.6415341665180,0.0036009362000,0.0595830706078,0.0743503910229,0.0001431806396,15.1439384097487
58154,3.6401754534753,0.0039775421039,0.0591677542806,0.0743442405948,0.0001242987691,15.1439384097487
58156,3.6402008295388,0.0039192653993,0.0591904884954,0.0743277432963,0.0001242987691,15.1439384097487
60281,3.6462846308338,0.0033886047127,0.0595644561698,0.0743199625524,0.0000664469689,15.1439384097487
60542,3.6465819137300,0.0034245965553,0.0595011426775,0.0743169821993,0.0000612885684,15.1439384097487
60545,3.6464054010095,0.0034158258507,0.0594942763959,0.0743082734393,0.0000612885684,15.1439384097487
60551,3.6460952544676,0.0034263099279,0.0594515455537,0.0742931170474,0.0000612885684,15.1439384097487
60553,3.6461707373777,0.0034158258507,0.0594334143709,0.0742832165271,0.0000612885684,15.1439384097487
60554,3.6461096636647,0.0033794759076,0.0594535997730,0.0742739828634,0.0000612885684,15.1439384097487
60580,3.6460252670961,0.0034106526775,0.0594148612611,0.0742723149475,0.0000600627970,15.1439384097487
60590,3.6460567997249,0.0033569321115,0.0594445607718,0.0742603450005,0.0000600627970,15.1439384097487
60591,3.6461644849545,0.0033638186573,0.0594093617357,0.0742522490317,0.0000600627970,15.1439384097487
60593,3.6461907113749,0.0033169846370,0.0594202471748,0.0742364360677,0.0000600627970,15.1439384097487
60596,3.6461622310052,0.0032729603275,0.0594312923691,0.0742211102234,0.0000600627970,15.1439384097487
60597,3.6462732119922,0.0033197943477,0.0592126986263,0.0741646831260,0.0000600627970,15.1439384097487
60600,3.6462350458142,0.0033216785066,0.0591334765762,0.0741366569845,0.0000600627970,15.1439384097487
60601,3.6463110058592,0.0032837859774,0.0591752693746,0.0741364181581,0.0000600627970,15.1439384097487
60914,3.6455450576269,0.0031350255710,0.0593342930715,0.0741186197595,0.0000554000116,15.1439384097487
60936,3.6453228807546,0.0030997719661,0.0593094701473,0.0740915019537,0.0000554000116,15.1439384097487
60937,3.6453863960588,0.0030529379459,0.0593619896956,0.0740910859496,0.0000554000116,15.1439384097487
60939,3.6454036600255,0.0030061039256,0.0592870798742,0.0740445050030,0.0000554000116,15.1439384097487
60941,3.6454060493799,0.0030679781617,0.0590799194052,0.0739970704602,0.0000554000116,15.1439384097487
60946,3.6454417788156,0.0030211441415,0.0591143256024,0.0739897922339,0.0000554000116,15.1439384097487
61022,3.6460559366948,0.0029310736325,0.0591693328706,0.0739795263330,0.0000542920114,15.1439384097487
61025,3.6458547878540,0.0029779076528,0.0590785369023,0.0739643246818,0.0000542920114,15.1439384097487
61028,3.6456646113592,0.0029779076528,0.0589837870793,0.0739277944746,0.0000542920114,15.1439384097487
61037,3.6455337432891,0.0028385019302,0.0590827399040,0.0739015376850,0.0000532061711,15.1439384097487
61083,3.6460708999782,0.0028339457915,0.0590592635234,0.0738988013637,0.0000532061711,15.1439384097487
61084,3.6460126976906,0.0028536798769,0.0589986325749,0.0738847813603,0.0000532061711,15.1439384097487
61087,3.6459428305012,0.0028740475246,0.0588537549128,0.0738407797139,0.0000532061711,15.1439384097487
61156,3.6464050852841,0.0028637177060,0.0588414460046,0.0738384974844,0.0000521420477,15.1439384097487
61182,3.6464574487936,0.0028774907975,0.0588001860494,0.0738304054797,0.0000521420477,15.1439384097487
61207,3.6466002774794,0.0025519830629,0.0591369157616,0.0738131837927,0.0000510992068,15.1439384097487
61579,3.6455216259055,0.0026734176558,0.0590281174826,0.0738111078139,0.0000461896357,15.1439384097487
61584,3.6454379164501,0.0026232780936,0.0590623149528,0.0738006483292,0.0000461896357,15.1439384097487
61586,3.6454449827327,0.0025836556641,0.0590801196854,0.0737901261084,0.0000461896357,15.1439384097487
61587,3.6454394297069,0.0026304896843,0.0590120326222,0.0737858024482,0.0000461896357,15.1439384097487
61588,3.6454237552307,0.0027025394804,0.0588778266739,0.0737685284436,0.0000461896357,15.1439384097487
61601,3.6454557238113,0.0026683987413,0.0588773903236,0.0737541932121,0.0000461896357,15.1439384097487
61603,3.6455055505917,0.0026798414257,0.0588244246600,0.0737408859569,0.0000461896357,15.1439384097487
61625,3.6455503720877,0.0029055493394,0.0585304856759,0.0737332739325,0.0000461896357,15.1439384097487
61627,3.6453817840825,0.0029055493394,0.0585173541493,0.0737261985926,0.0000461896357,15.1439384097487
61628,3.6454373354689,0.0028939523964,0.0584485439181,0.0736974394400,0.0000461896357,15.1439384097487
62304,3.6486650266026,0.0031282106454,0.0579216282232,0.0736553232690,0.0000385105054,15.1439384097487
62308,3.6486677969436,0.0030895302953,0.0579630634319,0.0736535834651,0.0000385105054,15.1439384097487
62545,3.6493901423529,0.0028007306041,0.0582400450583,0.0736389553175,0.0000369854894,15.1439384097487
62645,3.6500188962033,0.0025819092361,0.0584035784558,0.0736124763408,0.0000355208640,15.1439384097487
63272,3.6485328398431,0.0027598245224,0.0581412915122,0.0735740242429,0.0000302198376,15.1439384097487
63273,3.6485959029085,0.0027493404452,0.0580830229264,0.0735496131959,0.0000302198376,15.1439384097487
63300,3.6485683209800,0.0027961744654,0.0579597021515,0.0735252515025,0.0000302198376,15.1439384097487
63301,3.6484277635580,0.0027961744654,0.0579440465916,0.0735176713530,0.0000302198376,15.1439384097487
63302,3.6484157073145,0.0027961744654,0.0579147938557,0.0735070533523,0.0000302198376,15.1439384097487
63616,3.6487964380563,0.0028209605209,0.0578007930941,0.0734823487043,0.0000284426694,15.1439384097487
63697,3.6490242987546,0.0028093470501,0.0576959863510,0.0734431647365,0.0000278738160,15.1439384097487
63715,3.6489181392188,0.0028666816753,0.0575913810830,0.0734288755441,0.0000278738160,15.1439384097487
63727,3.6490667908914,0.0028198476551,0.0575952386404,0.0734122849314,0.0000278738160,15.1439384097487
63788,3.6491252075624,0.0029149205509,0.0574357947488,0.0733969128031,0.0000273163397,15.1439384097487
64106,3.6488149395757,0.0028118482435,0.0575033269717,0.0733724673370,0.0000251957220,15.1439384097487
64147,3.6487318061818,0.0025706373380,0.0577737464215,0.0733644932776,0.0000251957220,15.1439384097487
64963,3.6479377089756,0.0026680736963,0.0576603005890,0.0733544989258,0.0000210068768,15.1439384097487
64966,3.6479407683095,0.0027149077165,0.0575689401314,0.0733419852033,0.0000210068768,15.1439384097487
64969,3.6478443551974,0.0027617417368,0.0574161501739,0.0733061248452,0.0000210068768,15.1439384097487
65000,3.6479469721969,0.0027958824759,0.0573300156213,0.0732914462740,0.0000210068768,15.1439384097487
65004,3.6479330374088,0.0027692453170,0.0573553080187,0.0732888661715,0.0000210068768,15.1439384097487
65005,3.6480285513500,0.0027692453170,0.0573494381391,0.0732881213018,0.0000210068768,15.1439384097487
65008,3.6479943349587,0.0026516120974,0.0574265500811,0.0732647628844,0.0000210068768,15.1439384097487
65009,3.6480757289197,0.0026293768185,0.0573494381391,0.0732288452190,0.0000210068768,15.1439384097487
65102,3.6474000635812,0.0025817219220,0.0574191479247,0.0732237574247,0.0000210068768,15.1439384097487
65116,3.6473719888076,0.0025348879018,0.0574683239037,0.0732208512952,0.0000205867393,15.1439384097487
65124,3.6472852759482,0.0025474103966,0.0574384191890,0.0732143108422,0.0000205867393,15.1439384097487
65155,3.6475135455203,0.0026924685959,0.0572237752963,0.0732030501080,0.0000201750045,15.1439384097487
65278,3.6476926013523,0.0026146120645,0.0572388039366,0.0731775840227,0.0000201750045,15.1439384097487
65279,3.6478021336100,0.0026031693801,0.0572157295514,0.0731659890373,0.0000201750045,15.1439384097487
65284,3.6480357844719,0.0025795127182,0.0571753060496,0.0731447196471,0.0000197715044,15.1439384097487
65285,3.6478920427582,0.0025326786979,0.0572157819838,0.0731370696793,0.0000197715044,15.1439384097487
65375,3.6482775591052,0.0024833600120,0.0572294076052,0.0731262544235,0.0000193760743,15.1439384097487
65382,3.6482836524071,0.0024833600120,0.0570859114267,0.0730750920081,0.0000193760743,15.1439384097487
65383,3.6484063853923,0.0025043612219,0.0569826908770,0.0730489647081,0.0000193760743,15.1439384097487
65431,3.6483592424242,0.0024900922991,0.0569603436530,0.0730342012342,0.0000193760743,15.1439384097487
65615,3.6487077713896,0.0025369263193,0.0568811474638,0.0730309202654,0.0000189885528,15.1439384097487
65694,3.6479782605536,0.0025347336432,0.0568645126209,0.0730137170022,0.0000182366061,15.1439384097487
65698,3.6479388206478,0.0025115562849,0.0568857018878,0.0730107933720,0.0000182366061,15.1439384097487
65702,3.6479055839765,0.0025115562849,0.0567832368288,0.0729737284114,0.0000182366061,15.1439384097487
66106,3.6476794972971,0.0024816631671,0.0568210649418,0.0729712280042,0.0000171641478,15.1439384097487
66131,3.6477225238600,0.0025026643770,0.0567901907423,0.0729698108459,0.0000168208649,15.1439384097487
66136,3.6476102591189,0.0025494983972,0.0566855093339,0.0729509078130,0.0000168208649,15.1439384097487
66138,3.6477175280883,0.0025717336761,0.0566483111961,0.0729486700177,0.0000168208649,15.1439384097487
66231,3.6478293871692,0.0025322655052,0.0566353186242,0.0729286976816,0.0000164844476,15.1439384097487
66232,3.6477266212533,0.0025322655052,0.0566391746028,0.0729286206859,0.0000164844476,15.1439384097487
66233,3.6477581734454,0.0024999923973,0.0566222319095,0.0729091848535,0.0000164844476,15.1439384097487
67026,3.6479265942401,0.0024868528680,0.0565947526454,0.0728961227467,0.0000143105698,15.1439384097487
67824,3.6485061525388,0.0024883954542,0.0565058682186,0.0728732401281,0.0000126769092,15.1439384097487
67829,3.6484885778860,0.0024789911874,0.0565004055597,0.0728670100982,0.0000126769092,15.1439384097487
67862,3.6486327591168,0.0024789911874,0.0564922876192,0.0728661509885,0.0000124233711,15.1439384097487
68112,3.6482491311544,0.0023106178988,0.0566515909903,0.0728454567588,0.0000119314056,15.1439384097487
68125,3.6483247758054,0.0023574519190,0.0565505817023,0.0728305241029,0.0000119314056,15.1439384097487
68135,3.6482367894280,0.0023574519190,0.0565412154311,0.0728259340046,0.0000119314056,15.1439384097487
68206,3.6481710014922,0.0023574519190,0.0565376650128,0.0728237351032,0.0000114589219,15.1439384097487
68259,3.6481033564571,0.0023574519190,0.0565256364190,0.0728184820042,0.0000114589219,15.1439384097487
68266,3.6482478185566,0.0023106178988,0.0565441849657,0.0728070788912,0.0000114589219,15.1439384097487
68267,3.6481998983103,0.0023574519190,0.0564512126279,0.0727932681395,0.0000114589219,15.1439384097487
68324,3.6482400948978,0.0023749933283,0.0564279695249,0.0727930535572,0.0000114589219,15.1439384097487
68534,3.6482852844324,0.0023128105749,0.0564700924036,0.0727820871199,0.0000110051486,15.1439384097487
68588,3.6483689713077,0.0022424576237,0.0565143801420,0.0727689370682,0.0000110051486,15.1439384097487
68625,3.6484562947360,0.0022424576237,0.0564957224434,0.0727635092250,0.0000107850456,15.1439384097487
68626,3.6483859192592,0.0021956236035,0.0565148855839,0.0727492856725,0.0000107850456,15.1439384097487
68688,3.6483731241627,0.0021805999153,0.0565305524027,0.0727482611917,0.0000105693447,15.1439384097487
68693,3.6482444193305,0.0021805999153,0.0565211861314,0.0727430949301,0.0000105693447,15.1439384097487
68739,3.6481613720346,0.0022128730232,0.0564453994581,0.0727286844793,0.0000105693447,15.1439384097487
68745,3.6481235049492,0.0022714582451,0.0563613049438,0.0727232228597,0.0000105693447,15.1439384097487
68788,3.6481825031721,0.0023182922654,0.0562572788479,0.0727069772265,0.0000105693447,15.1439384097487
68973,3.6487202647220,0.0022708246829,0.0562726286206,0.0726997253285,0.0000103579578,15.1439384097487
69112,3.6487156922242,0.0022888288681,0.0562508659034,0.0726996043083,0.0000099477827,15.1439384097487
69295,3.6484299619096,0.0021455170967,0.0563768198157,0.0726791254530,0.0000097488270,15.1439384097487
69298,3.6484405825826,0.0021605407849,0.0563115736926,0.0726624122715,0.0000097488270,15.1439384097487
69321,3.6484306054042,0.0021754267422,0.0562528302385,0.0726476709860,0.0000097488270,15.1439384097487
69394,3.6484327322670,0.0021285927219,0.0562973148501,0.0726435167193,0.0000095538505,15.1439384097487
69402,3.6485191572795,0.0021285927219,0.0562669610255,0.0726338989758,0.0000095538505,15.1439384097487
69471,3.6484607031396,0.0021796413082,0.0561688575257,0.0726199128549,0.0000093627735,15.1439384097487
69488,3.6485342567649,0.0021796413082,0.0561199729094,0.0726034948423,0.0000093627735,15.1439384097487
69553,3.6485557597260,0.0021299975773,0.0561556260567,0.0725952564899,0.0000091755180,15.1439384097487
69554,3.6486670306974,0.0021132274611,0.0560937949565,0.0725675612383,0.0000091755180,15.1439384097487
69601,3.6486523679283,0.0021763522939,0.0559359300229,0.0725380269275,0.0000091755180,15.1439384097487
71000,3.6485877647044,0.0021263835181,0.0559584657425,0.0725237460778,0.0000073471249,15.1439384097487
71067,3.6486466281728,0.0021058616118,0.0559555559916,0.0725147446925,0.0000072001824,15.1439384097487
71201,3.6485983147014,0.0021440791860,0.0558836962948,0.0725047758431,0.0000072001824,15.1439384097487
71205,3.6487062947521,0.0021216896485,0.0558264574908,0.0724762658075,0.0000072001824,15.1439384097487
71442,3.6487487136992,0.0021127646852,0.0558354444284,0.0724762506691,0.0000067767541,15.1439384097487
71834,3.6486260051786,0.0021190341964,0.0558214033581,0.0724721866171,0.0000063782268,15.1439384097487
71889,3.6486296107746,0.0021346914468,0.0557606897218,0.0724572644447,0.0000063782268,15.1439384097487
71901,3.6486450410809,0.0021196677587,0.0557576366056,0.0724499536603,0.0000063782268,15.1439384097487
74765,3.6483769539700,0.0021129189438,0.0557752198372,0.0724495476221,0.0000040895321,15.1439384097487
74836,3.6484294117458,0.0021597529641,0.0557143163005,0.0724486103559,0.0000040077414,15.1439384097487
75546,3.6482793277213,0.0021982955832,0.0556441165807,0.0724379336139,0.0000035502272,15.1439384097487
75791,3.6482495303232,0.0021664852512,0.0556600008623,0.0724295519409,0.0000034792227,15.1439384097487
76302,3.6482003118293,0.0021703912999,0.0555652880894,0.0723967035331,0.0000032091242,15.1439384097487
76314,3.6481885391212,0.0021703912999,0.0555433521595,0.0723887026894,0.0000032091242,15.1439384097487
76324,3.6481258022484,0.0021437541410,0.0555705051958,0.0723860965546,0.0000032091242,15.1439384097487
76395,3.6480996764454,0.0021235572797,0.0555796598535,0.0723803405991,0.0000031449417,15.1439384097487
77152,3.6481509081682,0.0020767232595,0.0556272907818,0.0723780048474,0.0000028427782,15.1439384097487
77294,3.6480930206648,0.0021176128134,0.0555775482977,0.0723769446648,0.0000027302042,15.1439384097487
77432,3.6481175849508,0.0020767232595,0.0556189812948,0.0723745656522,0.0000026756001,15.1439384097487
77519,3.6480096016754,0.0021176128134,0.0555692388107,0.0723727966178,0.0000026756001,15.1439384097487
77551,3.6479133463746,0.0020767232595,0.0556113818824,0.0723689616142,0.0000026220881,15.1439384097487
77553,3.6478939767252,0.0021079000293,0.0555482052459,0.0723594859233,0.0000026220881,15.1439384097487
77611,3.6477947885161,0.0021397103614,0.0555114588402,0.0723585916999,0.0000026220881,15.1439384097487
77749,3.6477922268924,0.0021119768644,0.0554675552018,0.0723309897978,0.0000025182534,15.1439384097487
77875,3.6477187863727,0.0020808000945,0.0554886072262,0.0723241077267,0.0000024678884,15.1439384097487
77946,3.6477384511769,0.0020958237827,0.0554435879711,0.0723147464005,0.0000024678884,15.1439384097487
78533,3.6476165329039,0.0021606785158,0.0553699957097,0.0723145332002,0.0000022763017,15.1439384097487
78549,3.6477002185043,0.0021138444956,0.0554120834024,0.0723106769417,0.0000022307756,15.1439384097487
78573,3.6476253380814,0.0020958237827,0.0553751196370,0.0722886928813,0.0000022307756,15.1439384097487
78630,3.6476652233776,0.0021226152002,0.0552986395710,0.0722734249824,0.0000022307756,15.1439384097487
79180,3.6475577175174,0.0021653889131,0.0552487863291,0.0722724306436,0.0000020575964,15.1439384097487
79354,3.6474982969703,0.0021464426485,0.0552461524062,0.0722625293324,0.0000020164445,15.1439384097487
79819,3.6475379717677,0.0021732340660,0.0552117046540,0.0722622699956,0.0000018599042,15.1439384097487
79836,3.6474556830832,0.0021732340660,0.0551979035341,0.0722561766448,0.0000018599042,15.1439384097487
80118,3.6473707142417,0.0021732340660,0.0551838198824,0.0722499444658,0.0000017505269,15.1439384097487
80529,3.6473146283199,0.0021964114243,0.0551337766074,0.0722412114091,0.0000016812061,15.1439384097487
80605,3.6473619114232,0.0021495774041,0.0551655304756,0.0722331494061,0.0000016146303,15.1439384097487
80720,3.6473564434216,0.0021227859866,0.0551856674234,0.0722287817653,0.0000016146303,15.1439384097487
80949,3.6472613571839,0.0020947605000,0.0551353732995,0.0721974631914,0.0000015506910,15.1439384097487
81083,3.6473088652663,0.0021024348666,0.0551008332491,0.0721890887096,0.0000015506910,15.1439384097487
81261,3.6473545293653,0.0021317274775,0.0550474251250,0.0721832144996,0.0000014594979,15.1439384097487
81893,3.6472440989577,0.0021594444468,0.0550101701613,0.0721802252737,0.0000013461944,15.1439384097487
82102,3.6472280900711,0.0021837181432,0.0549736163416,0.0721773468261,0.0000013192705,15.1439384097487
82121,3.6472558814899,0.0021837181432,0.0549603263324,0.0721729936410,0.0000012928851,15.1439384097487
82442,3.6472580506882,0.0021226317279,0.0549755345962,0.0721522759655,0.0000012416869,15.1439384097487
83286,3.6473149863526,0.0021843517054,0.0548934093937,0.0721502025908,0.0000010999388,15.1439384097487
83822,3.6472074945775,0.0021857565608,0.0548424789177,0.0721310942145,0.0000009942576,15.1439384097487
84040,3.6472026242904,0.0021779114079,0.0548286431396,0.0721227217426,0.0000009743724,15.1439384097487
84076,3.6471382850785,0.0021573895016,0.0548147128022,0.0721080411239,0.0000009743724,15.1439384097487
84324,3.6471957804272,0.0021282676770,0.0548294562874,0.0721016394277,0.0000009170716,15.1439384097487
84368,3.6471526092132,0.0021550590945,0.0547948423984,0.0721001484907,0.0000009170716,15.1439384097487
84619,3.6470663479443,0.0022261668111,0.0547060245829,0.0720976819869,0.0000008987301,15.1439384097487
84656,3.6470856776684,0.0021271713389,0.0547365003102,0.0720664130585,0.0000008987301,15.1439384097487
85094,3.6470526469052,0.0021473847279,0.0546847988279,0.0720561437414,0.0000008289600,15.1439384097487
85226,3.6470524440429,0.0021083958606,0.0547133707928,0.0720496356295,0.0000008123808,15.1439384097487
85246,3.6470805945846,0.0021083958606,0.0546827105942,0.0720390838868,0.0000008123808,15.1439384097487
85493,3.6470660072089,0.0020816044431,0.0546654275309,0.0720212229177,0.0000007802106,15.1439384097487
85933,3.6470609502567,0.0021243616282,0.0546043340938,0.0720176567855,0.0000007196414,15.1439384097487
86092,3.6471564800137,0.0021509822594,0.0545669499127,0.0720170658738,0.0000007052486,15.1439384097487
86110,3.6472327136065,0.0021243616282,0.0545877460500,0.0720141629240,0.0000007052486,15.1439384097487
86211,3.6472147730313,0.0021509822594,0.0545218708944,0.0720017910667,0.0000006911436,15.1439384097487
86535,3.6471221327327,0.0021331323329,0.0545444897404,0.0720009084035,0.0000006504988,15.1439384097487
86668,3.6470348456735,0.0021597529641,0.0544784910918,0.0719875111934,0.0000006504988,15.1439384097487
86800,3.6469742297923,0.0021240365833,0.0544815653912,0.0719724444265,0.0000006374888,15.1439384097487
86840,3.6470108217927,0.0021235738074,0.0544648684374,0.0719668006705,0.0000006374888,15.1439384097487
87090,3.6470292493374,0.0021512907767,0.0544192861253,0.0719626607230,0.0000005999994,15.1439384097487
87455,3.6470319715651,0.0021907754753,0.0543667159017,0.0719608461762,0.0000005762394,15.1439384097487
87459,3.6470031401143,0.0021981247969,0.0543252523504,0.0719487795112,0.0000005762394,15.1439384097487
87461,3.6469666365865,0.0021981247969,0.0542905277036,0.0719358613291,0.0000005762394,15.1439384097487
87573,3.6470257043828,0.0021902796440,0.0542929409050,0.0719341967837,0.0000005534203,15.1439384097487
87667,3.6470956132506,0.0021981247969,0.0542555638757,0.0719251992589,0.0000005534203,15.1439384097487
87740,3.6471194507746,0.0021458090863,0.0542700375285,0.0719082847011,0.0000005423519,15.1439384097487
87771,3.6470119680311,0.0021852937849,0.0542174119260,0.0719048909832,0.0000005423519,15.1439384097487
88040,3.6469957383980,0.0021798120945,0.0542105680618,0.0718998678019,0.0000005315049,15.1439384097487
88357,3.6469341799863,0.0022053363876,0.0541730546632,0.0718965380949,0.0000005002482,15.1439384097487
88475,3.6469688456900,0.0021852937849,0.0541757695765,0.0718894085372,0.0000004902432,15.1439384097487
88829,3.6469293996086,0.0021581938501,0.0542051995522,0.0718877468257,0.0000004614130,15.1439384097487
89017,3.6469148167329,0.0021314024326,0.0542188827824,0.0718809453108,0.0000004521847,15.1439384097487
89040,3.6469319228188,0.0021314024326,0.0542005656352,0.0718746455225,0.0000004521847,15.1439384097487
89058,3.6469059056679,0.0021314024326,0.0541871031265,0.0718694693427,0.0000004521847,15.1439384097487
89266,3.6469254008314,0.0021782364528,0.0541187637558,0.0718654100028,0.0000004255926,15.1439384097487
89538,3.6469823766930,0.0021782364528,0.0540976300411,0.0718586684522,0.0000004170808,15.1439384097487
89589,3.6469098295188,0.0021782364528,0.0540762879664,0.0718500197450,0.0000004170808,15.1439384097487
89622,3.6469572902581,0.0022050278703,0.0540414341021,0.0718497255387,0.0000004087392,15.1439384097487
89641,3.6469506846342,0.0022127022369,0.0540258554046,0.0718473572633,0.0000004087392,15.1439384097487
89719,3.6469064780615,0.0021937559723,0.0540232214818,0.0718376712288,0.0000004005644,15.1439384097487
89720,3.6469556764949,0.0022205473898,0.0539883491579,0.0718373950180,0.0000004005644,15.1439384097487
89792,3.6470588929176,0.0021119933921,0.0541081586398,0.0718351214823,0.0000003925531,15.1439384097487
89795,3.6468772317688,0.0022205473898,0.0539667618039,0.0718285752612,0.0000003925531,15.1439384097487
89822,3.6468389607732,0.0022127022369,0.0539507434611,0.0718189506840,0.0000003925531,15.1439384097487
89932,3.6468066416282,0.0021658682167,0.0539953577642,0.0718143553270,0.0000003847020,15.1439384097487
89962,3.6467292730930,0.0021658682167,0.0539813776849,0.0718082676820,0.0000003847020,15.1439384097487
90387,3.6467179998179,0.0021503486972,0.0539967134112,0.0718069339883,0.0000003620785,15.1439384097487
90531,3.6467224827381,0.0021971827174,0.0539358098745,0.0718053178812,0.0000003548369,15.1439384097487
90587,3.6468310320479,0.0020886287197,0.0540555824371,0.0718031066200,0.0000003548369,15.1439384097487
90611,3.6467008667012,0.0021354627400,0.0540027527495,0.0718024687665,0.0000003477402,15.1439384097487
90646,3.6468418454062,0.0020886287197,0.0540286722534,0.0717936488484,0.0000003477402,15.1439384097487
90730,3.6468175736431,0.0021111890435,0.0539215472636,0.0717647151899,0.0000003407854,15.1439384097487
90751,3.6468389406211,0.0021267085630,0.0538896514130,0.0717602773786,0.0000003407854,15.1439384097487
90807,3.6468410697624,0.0021509822594,0.0538506575061,0.0717567841232,0.0000003339697,15.1439384097487
90808,3.6467712499373,0.0021818339843,0.0537972663341,0.0717499500695,0.0000003339697,15.1439384097487
90903,3.6466916466810,0.0021349999641,0.0538387817780,0.0717435789100,0.0000003339697,15.1439384097487
91128,3.6467041309842,0.0021575602879,0.0537829668039,0.0717334903530,0.0000003207445,15.1439384097487
91190,3.6466271748942,0.0021111890435,0.0537616669525,0.0717049209492,0.0000003207445,15.1439384097487
91548,3.6466505706349,0.0020843976260,0.0537751602824,0.0716985890077,0.0000003018821,15.1439384097487
91855,3.6466623150847,0.0020375636058,0.0538230432415,0.0716957845247,0.0000002841290,15.1439384097487
91863,3.6467509252523,0.0020843976260,0.0537594759722,0.0716944074795,0.0000002841290,15.1439384097487
92234,3.6467059343377,0.0021111890435,0.0537244744309,0.0716927523466,0.0000002728775,15.1439384097487
92333,3.6467129104689,0.0021270170803,0.0536851319401,0.0716855836132,0.0000002620716,15.1439384097487
92683,3.6467164691981,0.0021589651432,0.0536313183457,0.0716801068551,0.0000002516935,15.1439384097487
92722,3.6467945688151,0.0021121311230,0.0535934029910,0.0716475990384,0.0000002516935,15.1439384097487
92760,3.6468688754368,0.0021198054896,0.0535716495003,0.0716441703825,0.0000002516935,15.1439384097487
92860,3.6468187466713,0.0020729714693,0.0536001499190,0.0716335680618,0.0000002417265,15.1439384097487
92894,3.6468329103427,0.0020725086935,0.0535838886049,0.0716277625322,0.0000002417265,15.1439384097487
93254,3.6468524731973,0.0020562178809,0.0535678205067,0.0716153189619,0.0000002321541,15.1439384097487
93557,3.6468827335788,0.0020762604836,0.0535204102999,0.0716074046144,0.0000002185016,15.1439384097487
93926,3.6469228557606,0.0021030519011,0.0534853349200,0.0716069274553,0.0000002098489,15.1439384097487
93971,3.6468719016843,0.0021360963022,0.0534310989031,0.0716009983387,0.0000002056519,15.1439384097487
93989,3.6469224990917,0.0020892622819,0.0534711681189,0.0715959529999,0.0000002056519,15.1439384097487
94165,3.6468909009469,0.0020892622819,0.0534308643884,0.0715811116988,0.0000002015389,15.1439384097487
94218,3.6469237132140,0.0021360963022,0.0533580434707,0.0715756402425,0.0000001975081,15.1439384097487
94241,3.6468894728901,0.0021465969071,0.0533385527095,0.0715726950173,0.0000001975081,15.1439384097487
94470,3.6468437058700,0.0020997628869,0.0533938598157,0.0715717282320,0.0000001896868,15.1439384097487
94557,3.6468701889485,0.0020624708644,0.0534342797408,0.0715705563580,0.0000001858931,15.1439384097487
94619,3.6468893163796,0.0020624708644,0.0534268439068,0.0715681713549,0.0000001858931,15.1439384097487
94685,3.6467775146332,0.0020997628869,0.0533169337402,0.0715433180321,0.0000001858931,15.1439384097487
94802,3.6467402032251,0.0021298433186,0.0532788450969,0.0715420786049,0.0000001821752,15.1439384097487
94885,3.6467477436527,0.0020925512962,0.0533192650221,0.0715406386936,0.0000001785317,15.1439384097487
94949,3.6467765883412,0.0020991293247,0.0533027321453,0.0715379614003,0.0000001785317,15.1439384097487
95718,3.6466913688038,0.0021459633449,0.0532479759710,0.0715372714959,0.0000001581510,15.1439384097487
95806,3.6466467545291,0.0021727547624,0.0532128082929,0.0715355623580,0.0000001549879,15.1439384097487
95899,3.6466126345327,0.0020981872452,0.0532822625936,0.0715279271623,0.0000001518882,15.1439384097487
95914,3.6467532578182,0.0020981872452,0.0532666968964,0.0715243577948,0.0000001518882,15.1439384097487
96114,3.6467663558542,0.0020981872452,0.0532541022212,0.0715200450329,0.0000001488504,15.1439384097487
96175,3.6466715779491,0.0021227859866,0.0532128082929,0.0715144984181,0.0000001488504,15.1439384097487
96394,3.6467476765519,0.0021293640151,0.0531909255847,0.0715105791103,0.0000001400968,15.1439384097487
96536,3.6467364283245,0.0021289012392,0.0531746642707,0.0715044140040,0.0000001400968,15.1439384097487
96628,3.6466967444875,0.0020887995061,0.0532082064309,0.0714986453662,0.0000001372949,15.1439384097487
96667,3.6466438187481,0.0020552923291,0.0532357772926,0.0714933829882,0.0000001372949,15.1439384097487
97009,3.6466470424575,0.0021021263494,0.0531748737559,0.0714917490633,0.0000001292208,15.1439384097487
97116,3.6466380902255,0.0020753349318,0.0531883670858,0.0714849594002,0.0000001266364,15.1439384097487
97225,3.6466797325130,0.0020753349318,0.0531825119819,0.0714834575272,0.0000001266364,15.1439384097487
97306,3.6466520485586,0.0021221689521,0.0530998971778,0.0714736322369,0.0000001241037,15.1439384097487
97323,3.6465921747717,0.0021182463756,0.0531028550622,0.0714721603099,0.0000001241037,15.1439384097487
97576,3.6465416709936,0.0021489603696,0.0530646741207,0.0714709727746,0.0000001191892,15.1439384097487
97974,3.6466180459011,0.0021506902699,0.0530500976959,0.0714675889942,0.0000001099363,15.1439384097487
