0,3.12456,0.555358,0.320124,0.396553,100000.000000
1,3.1244105311867,0.5553115894196,0.3201059454798,0.3965244329067,100000.0000000000000,15.1439384097487
2,3.1244728864169,0.5551939562000,0.3200459318869,0.3964534675661,100000.0000000000000,15.1439384097487
3,3.1245772973405,0.5551471221798,0.3199252221201,0.3963917626197,100000.0000000000000,15.1439384097487
4,3.1244911195267,0.5550294889601,0.3199443559049,0.3963469624670,100000.0000000000000,15.1439384097487
5,3.1244964298593,0.5550294889601,0.3198236372662,0.3963039238083,100000.0000000000000,15.1439384097487
6,3.1244423400963,0.5550294889601,0.3197660421308,0.3962825887506,100000.0000000000000,15.1439384097487
7,3.1244389009182,0.5549118557405,0.3197724089079,0.3962343996984,100000.0000000000000,15.1439384097487
8,3.1243601768087,0.5547942225209,0.3198094855674,0.3961961131847,100000.0000000000000,15.1439384097487
8847,3.2979468024493,0.2862375490702,0.6018477109476,0.3842845727547,4278.2662444589459,15.1439384097487
8848,3.2980846551995,0.2861907150500,0.6018423403291,0.3842645335609,4278.2662444589459,15.1439384097487
8849,3.2981974415425,0.2860730818304,0.6018662686738,0.3842242610805,4278.2662444589459,15.1439384097487
8854,3.2988283394686,0.2859086145905,0.6018755580375,0.3841660199139,4278.2662444589459,15.1439384097487
8855,3.2987824914874,0.2858617805703,0.6018815922565,0.3841474545233,4278.2662444589459,15.1439384097487
8868,3.2994241047132,0.2854996474309,0.6021894220234,0.3841112725930,4278.2662444589459,15.1439384097487
8869,3.2994809242347,0.2854528134107,0.6020320115739,0.3840357868449,4278.2662444589459,15.1439384097487
8870,3.2995265284018,0.2854528134107,0.6018993062006,0.3839890373646,4278.2662444589459,15.1439384097487
8871,3.2996199962536,0.2854996474309,0.6014443910095,0.3838479619403,4278.2662444589459,15.1439384097487
8872,3.2995942917850,0.2854996474309,0.6013361623889,0.3838089451450,4278.2662444589459,15.1439384097487
8873,3.2994941822819,0.2854996474309,0.6013123415928,0.3837990211750,4278.2662444589459,15.1439384097487
8878,3.2992725633885,0.2853820142113,0.6013201479620,0.3837482590346,4278.2662444589459,15.1439384097487
8879,3.2991434039719,0.2853820142113,0.6011473536084,0.3836847191683,4278.2662444589459,15.1439384097487
8880,3.2991636775421,0.2852643809917,0.6011001720394,0.3836177412406,4278.2662444589459,15.1439384097487
8888,3.2992274298335,0.2853287564212,0.6010081145051,0.3836133551103,4278.2662444589459,15.1439384097487
8891,3.2994149272106,0.2849758567623,0.6013621740788,0.3835912153224,4278.2662444589459,15.1439384097487
8892,3.2995358180193,0.2849290227421,0.6013315838052,0.3835619290986,4278.2662444589459,15.1439384097487
8893,3.2995573533189,0.2849053826079,0.6011157731006,0.3834750270839,4278.2662444589459,15.1439384097487
8894,3.2995785474912,0.2849053826079,0.6010857370559,0.3834645998212,4278.2662444589459,15.1439384097487
8895,3.2996231310665,0.2848585485877,0.6010635032515,0.3834372183084,4278.2662444589459,15.1439384097487
8896,3.2996476009441,0.2848585485877,0.6010434099854,0.3834303883891,4278.2662444589459,15.1439384097487
8900,3.2999896235497,0.2847877493883,0.6011057316802,0.3834271432201,4278.2662444589459,15.1439384097487
8901,3.3000074485780,0.2847877493883,0.6008942409634,0.3833518630443,4278.2662444589459,15.1439384097487
8902,3.2999406355126,0.2848345834085,0.6005292538768,0.3832406368359,4278.2662444589459,15.1439384097487
8903,3.3001324668397,0.2848345834085,0.6004233140807,0.3832055155949,4278.2662444589459,15.1439384097487
8905,3.3001829922277,0.2847473391379,0.6002018426419,0.3830897431816,4278.2662444589459,15.1439384097487
8906,3.3001878603201,0.2847473391379,0.6002013113357,0.3830896223126,4278.2662444589459,15.1439384097487
8907,3.3002793388233,0.2847637842091,0.6000127264582,0.3830306128730,4278.2662444589459,15.1439384097487
8908,3.3002263452085,0.2847637842091,0.5999628618746,0.3830120542370,4278.2662444589459,15.1439384097487
8910,3.3001379142900,0.2847637842091,0.5997849548050,0.3829472647063,4278.2662444589459,15.1439384097487
8919,3.3002619571305,0.2846499193073,0.5996051848152,0.3828360170928,4278.2662444589459,15.1439384097487
8920,3.3002480378068,0.2845322860877,0.5996482928388,0.3828008016210,4278.2662444589459,15.1439384097487
8921,3.3003261254671,0.2845791201079,0.5993766607520,0.3827249668195,4278.2662444589459,15.1439384097487
8922,3.3003942526003,0.2845023599145,0.5993662519102,0.3826893161447,4278.2662444589459,15.1439384097487
8936,3.3009914657363,0.2841281505286,0.5991265669698,0.3824517894550,4192.7009195697674,15.1439384097487
8937,3.3010559128029,0.2841749845488,0.5990286980205,0.3824378199034,4192.7009195697674,15.1439384097487
8940,3.3011276066922,0.2841281505286,0.5990081350503,0.3824114187263,4192.7009195697674,15.1439384097487
8941,3.3012114039021,0.2840813165083,0.5989128636569,0.3823585072306,4192.7009195697674,15.1439384097487
8942,3.3011452737924,0.2840813165083,0.5988220998838,0.3823251558607,4192.7009195697674,15.1439384097487
8943,3.3011329894729,0.2839636832887,0.5989589212343,0.3823234325695,4192.7009195697674,15.1439384097487
8944,3.3012832097087,0.2839636832887,0.5986483483029,0.3822146392717,4192.7009195697674,15.1439384097487
8951,3.3017765958266,0.2838928840893,0.5054109339996,0.3488922016013,4192.7009195697674,15.1439384097487
8952,3.3017543860538,0.2838928840893,0.5053289025547,0.3488625903899,4192.7009195697674,15.1439384097487
8953,3.3016432954311,0.2838928840893,0.5052747231010,0.3488416686601,4192.7009195697674,15.1439384097487
8954,3.3016203405559,0.2838696902033,0.5052866651932,0.3488356686463,4192.7009195697674,15.1439384097487
8956,3.3015342842602,0.2838696902033,0.5052697331312,0.3488284037904,4192.7009195697674,15.1439384097487
8957,3.3014416233931,0.2838696902033,0.5050402268982,0.3487451261336,4192.7009195697674,15.1439384097487
8958,3.3013571378022,0.2838228561831,0.5050770826690,0.3487370217205,4192.7009195697674,15.1439384097487
8959,3.3012917759215,0.2837052229634,0.5050409141750,0.3486727652979,4192.7009195697674,15.1439384097487
8960,3.3013389346002,0.2837052229634,0.5050007332742,0.3486590822684,4192.7009195697674,15.1439384097487
8961,3.3013634950610,0.2837052229634,0.5049739133022,0.3486498512358,4192.7009195697674,15.1439384097487
8963,3.3013473151821,0.2837052229634,0.5047458517971,0.3485681717541,4192.7009195697674,15.1439384097487
8964,3.3014938436452,0.2836583889432,0.5047226489055,0.3485418866521,4192.7009195697674,15.1439384097487
8965,3.3014045932291,0.2836115549230,0.5047191106822,0.3485192883905,4192.7009195697674,15.1439384097487
8966,3.3013635032678,0.2835706818967,0.5045354209158,0.3484355864711,4192.7009195697674,15.1439384097487
8967,3.3015233689404,0.2835706818967,0.5045095688081,0.3484286156640,4192.7009195697674,15.1439384097487
8970,3.3015039385486,0.2833593806366,0.5047140645442,0.3484108172339,4192.7009195697674,15.1439384097487
8971,3.3015573037282,0.2833125466164,0.5047472401071,0.3484033490400,4192.7009195697674,15.1439384097487
8973,3.3017666483555,0.2833125466164,0.5045747351318,0.3483447023326,4192.7009195697674,15.1439384097487
8983,3.3021907451018,0.2831949133968,0.5046423125083,0.3483244238135,4192.7009195697674,15.1439384097487
8984,3.3021909023796,0.2831949133968,0.5045282573497,0.3482836920538,4192.7009195697674,15.1439384097487
8988,3.3019827742705,0.2831949133968,0.5045229491366,0.3482788512646,4192.7009195697674,15.1439384097487
9019,3.3030081313946,0.2819714221354,0.5058757995687,0.3482521674701,4026.6699631548045,15.1439384097487
9020,3.3030206288259,0.2819245881151,0.5055534580573,0.3481171506166,4026.6699631548045,15.1439384097487
9021,3.3031062876324,0.2818777540949,0.5055032464704,0.3480803582504,4026.6699631548045,15.1439384097487
9022,3.3031205970309,0.2818777540949,0.5054680545765,0.3480679921939,4026.6699631548045,15.1439384097487
9023,3.3030318733465,0.2817601208753,0.5054209408759,0.3479994962011,4026.6699631548045,15.1439384097487
9024,3.3029512342441,0.2817132868551,0.5054515907681,0.3479892298303,4026.6699631548045,15.1439384097487
9025,3.3028983357767,0.2816664528348,0.5051903733148,0.3478751176500,4026.6699631548045,15.1439384097487
9026,3.3028821303729,0.2816196188146,0.5051759260771,0.3478496568939,4026.6699631548045,15.1439384097487
9027,3.3029218438990,0.2816196188146,0.5051150002727,0.3478284596218,4026.6699631548045,15.1439384097487
9028,3.3030370038687,0.2815727847944,0.5050550991490,0.3477886241462,4026.6699631548045,15.1439384097487
9029,3.3032414697651,0.2815727847944,0.5044479552643,0.3475746802233,4026.6699631548045,15.1439384097487
9030,3.3034843117243,0.2815727847944,0.5044292131018,0.3475714227913,4026.6699631548045,15.1439384097487
9035,3.3039234261453,0.2815602622996,0.5044102500950,0.3475654969450,4026.6699631548045,15.1439384097487
9036,3.3039750785929,0.2814426290800,0.5043943217728,0.3475101249002,4026.6699631548045,15.1439384097487
9041,3.3040756111491,0.2813249958604,0.5044755120832,0.3474901297316,4026.6699631548045,15.1439384097487
9042,3.3039784561947,0.2813249958604,0.5044517663579,0.3474802743793,4026.6699631548045,15.1439384097487
9043,3.3040354730668,0.2813249958604,0.5044285996873,0.3474728073533,4026.6699631548045,15.1439384097487
9044,3.3041309949598,0.2813249958604,0.5043717981213,0.3474538727081,4026.6699631548045,15.1439384097487
9045,3.3042767185935,0.2813718298806,0.5041123291599,0.3473833389245,4026.6699631548045,15.1439384097487
9047,3.3044349664252,0.2813249958604,0.5041021959358,0.3473618873892,4026.6699631548045,15.1439384097487
9049,3.3043661110268,0.2813249958604,0.5040241847222,0.3473330519422,4026.6699631548045,15.1439384097487
9050,3.3044492013707,0.2813249958604,0.5039902909417,0.3473221227434,4026.6699631548045,15.1439384097487
9051,3.3044826925981,0.2813242245672,0.5039755582302,0.3473170044051,4026.6699631548045,15.1439384097487
9052,3.3044014432104,0.2813242245672,0.5039766945061,0.3473162605446,4026.6699631548045,15.1439384097487
9076,3.3044005466661,0.2809960613807,0.5043644186527,0.3473140794024,4026.6699631548045,15.1439384097487
9135,3.3060826389880,0.2800054896237,0.5045695691964,0.3469866181944,3946.1365638917082,15.1439384097487
9136,3.3060389626746,0.2799901408906,0.5042378706497,0.3468609583823,3946.1365638917082,15.1439384097487
9140,3.3062668154561,0.2798468291192,0.5043998855103,0.3468606256035,3946.1365638917082,15.1439384097487
9141,3.3062392082783,0.2798408681252,0.5043734605502,0.3468482427664,3946.1365638917082,15.1439384097487
9143,3.3063634889432,0.2797940341050,0.5043808631671,0.3468325733982,3946.1365638917082,15.1439384097487
9144,3.3065115408175,0.2797940341050,0.5043307109575,0.3468167568189,3946.1365638917082,15.1439384097487
9145,3.3065497912422,0.2797940341050,0.5038763542860,0.3466550278201,3946.1365638917082,15.1439384097487
9146,3.3066653246184,0.2797472000848,0.5035757756624,0.3465292413782,3946.1365638917082,15.1439384097487
9154,3.3066537623282,0.2793247518232,0.5038982436430,0.3464631956536,3946.1365638917082,15.1439384097487
9155,3.3065928248169,0.2793247518232,0.5037110980086,0.3463954956653,3946.1365638917082,15.1439384097487
9156,3.3064752536242,0.2793247518232,0.5036492855040,0.3463717561463,3946.1365638917082,15.1439384097487
9157,3.3064584832376,0.2792071186036,0.5036959766853,0.3463377800313,3946.1365638917082,15.1439384097487
9159,3.3065306223777,0.2790426513637,0.5038752566260,0.3463323433857,3946.1365638917082,15.1439384097487
9160,3.3064151273262,0.2790426513637,0.5037769969440,0.3462956163948,3946.1365638917082,15.1439384097487
9161,3.3064804446617,0.2790426513637,0.5018896414822,0.3456224851087,3946.1365638917082,15.1439384097487
9162,3.3064335910762,0.2790426513637,0.5017399888851,0.3455683747775,3946.1365638917082,15.1439384097487
9163,3.3063347911526,0.2789250181441,0.5018329555203,0.3455497648979,3946.1365638917082,15.1439384097487
9165,3.3064180259223,0.2789250181441,0.5017719963185,0.3455291715208,3946.1365638917082,15.1439384097487
9166,3.3065102362705,0.2789242468510,0.5017403643083,0.3455188485904,3946.1365638917082,15.1439384097487
9167,3.3065494590957,0.2789242468510,0.5015646656155,0.3454566540576,3946.1365638917082,15.1439384097487
9169,3.3064629694757,0.2788066136314,0.5016729597826,0.3454436924866,3946.1365638917082,15.1439384097487
9170,3.3064240483104,0.2788066136314,0.5016192838423,0.3454239717760,3946.1365638917082,15.1439384097487
9171,3.3062805114223,0.2788534476516,0.5013515142855,0.3453463804770,3946.1365638917082,15.1439384097487
9172,3.3064371683542,0.2787358144320,0.5013647192969,0.3453028990006,3946.1365638917082,15.1439384097487
9173,3.3065036707023,0.2787641649635,0.5000593642627,0.3448497920057,3946.1365638917082,15.1439384097487
9174,3.3064933896859,0.2787641649635,0.5000286566543,0.3448386795270,3946.1365638917082,15.1439384097487
9175,3.3065081787899,0.2787649362566,0.5000054902668,0.3448309456362,3946.1365638917082,15.1439384097487
9176,3.3065199438997,0.2787181022364,0.4999590798317,0.3447944652333,3946.1365638917082,15.1439384097487
9177,3.3064542410130,0.2787181022364,0.4999603213189,0.3447939789302,3946.1365638917082,15.1439384097487
9178,3.3064189332608,0.2787649362566,0.4984907192769,0.3442886931787,3946.1365638917082,15.1439384097487
9179,3.3064367425822,0.2786473030370,0.4984939703721,0.3442396920478,3946.1365638917082,15.1439384097487
9253,3.3081242135195,0.2773367548190,0.4970169401972,0.3431743953498,3789.8695559615962,15.1439384097487
9277,3.3088628413447,0.2768435073581,0.4140683784537,0.3133489687782,3714.0721648423641,15.1439384097487
27092,3.5391167227439,0.0230954635227,0.6531852184509,0.2932567555634,6.5288712644643,15.1439384097487
27096,3.5392360991350,0.0232733953368,0.6526610924528,0.2931475133666,6.5288712644643,15.1439384097487
27111,3.5390589832747,0.0230935793638,0.5494308082149,0.2561999845442,6.5288712644643,15.1439384097487
27460,3.5404287301541,0.0210475976445,0.5517898119920,0.2561850184115,5.6678798479623,15.1439384097487
27461,3.5403475374853,0.0210475976445,0.5517132266493,0.2561565176326,5.6678798479623,15.1439384097487
27466,3.5403368900231,0.0211313986422,0.5512367529049,0.2560221124906,5.6678798479623,15.1439384097487
27467,3.5403157587649,0.0211782326625,0.5496859700918,0.2554880342030,5.6678798479623,15.1439384097487
27468,3.5402529720845,0.0211782326625,0.5493847147508,0.2553795545824,5.6678798479623,15.1439384097487
27470,3.5402755435056,0.0211481687584,0.5493879970544,0.2553681616875,5.6678798479623,15.1439384097487
27471,3.5402980686782,0.0211481687584,0.5492953680877,0.2553353986434,5.6678798479623,15.1439384097487
27473,3.5402330259539,0.0211592863978,0.5487634610325,0.2551492761904,5.6678798479623,15.1439384097487
27480,3.5402528266906,0.0210244202862,0.5485859695781,0.2550283668022,5.6678798479623,15.1439384097487
27481,3.5401338309958,0.0210093800703,0.5485620338695,0.2550116887469,5.6678798479623,15.1439384097487
27482,3.5400388598385,0.0210562140905,0.5484070620227,0.2549750695462,5.6678798479623,15.1439384097487
27483,3.5400117235260,0.0210562140905,0.5483847398486,0.2549667133642,5.6678798479623,15.1439384097487
27498,3.5400405047693,0.0210810882937,0.5483277903108,0.2549574418690,5.6678798479623,15.1439384097487
27503,3.5402893142675,0.0210807963042,0.4554564939777,0.2217925172494,5.6678798479623,15.1439384097487
27504,3.5404103492519,0.0210807963042,0.4554378362791,0.2217875664225,5.6678798479623,15.1439384097487
27505,3.5404393861031,0.0210807963042,0.4550783438932,0.2216595871542,5.6678798479623,15.1439384097487
27621,3.5412190474416,0.0204132310884,0.4552603313511,0.2214495154524,5.4434318059830,15.1439384097487
27623,3.5409966658283,0.0204135396056,0.4547554791972,0.2212661966484,5.4434318059830,15.1439384097487
27624,3.5410174006760,0.0203251989969,0.4545817186268,0.2211665724377,5.4434318059830,15.1439384097487
27626,3.5409865699946,0.0203720330172,0.4543707094080,0.2211108474733,5.3345631698633,15.1439384097487
27639,3.5412425122482,0.0202263577833,0.4544015712077,0.2210630588673,5.3345631698633,15.1439384097487
27640,3.5412866349327,0.0202124139055,0.4544070894967,0.2210596780702,5.3345631698633,15.1439384097487
27641,3.5412601612272,0.0200947806859,0.4543082308827,0.2209735825842,5.3345631698633,15.1439384097487
27642,3.5413568490018,0.0201189001237,0.4539389904731,0.2208534160368,5.3345631698633,15.1439384097487
27643,3.5414015838796,0.0201189001237,0.4537745991583,0.2207953378485,5.3345631698633,15.1439384097487
27644,3.5413784632859,0.0201189001237,0.4537514172603,0.2207867314443,5.3345631698633,15.1439384097487
27645,3.5412958294260,0.0200424649752,0.4536822408141,0.2207280983864,5.3345631698633,15.1439384097487
27678,3.5418868933022,0.0198551454220,0.4537800610645,0.2206911178958,5.3345631698633,15.1439384097487
27679,3.5419162447393,0.0197375122024,0.4538917267956,0.2206809995979,5.3345631698633,15.1439384097487
27902,3.5432702557646,0.0186321334642,0.4530491911333,0.2199255194246,4.8220225910828,15.1439384097487
27928,3.5438994891440,0.0182250339358,0.4534791249917,0.2199134996149,4.8220225910828,15.1439384097487
27929,3.5440622744824,0.0182250339358,0.4533875635627,0.2198831025062,4.8220225910828,15.1439384097487
27932,3.5438738227322,0.0182862746097,0.4532857417807,0.2198703170075,4.8220225910828,15.1439384097487
27934,3.5438561641484,0.0182660777484,0.4529845910087,0.2197538574949,4.8220225910828,15.1439384097487
27936,3.5440158017124,0.0182192437281,0.4528941903985,0.2197037587006,4.8220225910828,15.1439384097487
27963,3.5443824310545,0.0182447845490,0.4526794540985,0.2196432010115,4.8220225910828,15.1439384097487
27964,3.5444319548122,0.0181979505287,0.4526983354162,0.2196305733742,4.8220225910828,15.1439384097487
27965,3.5444096703572,0.0181979505287,0.4525311781039,0.2195705590106,4.8220225910828,15.1439384097487
27976,3.5443451270469,0.0183403202206,0.4523438452467,0.2195637567174,4.7255821392611,15.1439384097487
28912,3.5501338822511,0.0140199768885,0.4531086280118,0.2180672282039,3.3519582692524,15.1439384097487
28913,3.5500998445754,0.0140199768885,0.4529259607551,0.2180015082671,3.3519582692524,15.1439384097487
28914,3.5502604000064,0.0140440963263,0.4528713969066,0.2179946299289,3.3519582692524,15.1439384097487
28922,3.5502478420080,0.0138219859440,0.4531319739844,0.2179923253123,3.3519582692524,15.1439384097487
28923,3.5503438080152,0.0138219859440,0.4530278678887,0.2179565024764,3.3519582692524,15.1439384097487
28925,3.5503766523199,0.0138688199643,0.4528488574254,0.2179131066358,3.3519582692524,15.1439384097487
28927,3.5503327789634,0.0138688199643,0.4528237854408,0.2179035315505,3.3519582692524,15.1439384097487
28928,3.5503235725525,0.0138688199643,0.4527732448286,0.2178853510617,3.3519582692524,15.1439384097487
28934,3.5506700013392,0.0137511867447,0.4528722645848,0.2178752029675,3.3519582692524,15.1439384097487
28935,3.5506658841753,0.0137043527244,0.4528945639913,0.2178630370607,3.3519582692524,15.1439384097487
28937,3.5508130288904,0.0137043527244,0.4528526937215,0.2178501654808,3.3519582692524,15.1439384097487
28939,3.5508208313929,0.0136467095820,0.4528686931641,0.2178312857685,3.3519582692524,15.1439384097487
28941,3.5507047563293,0.0136935436022,0.4527862672533,0.2178202772117,3.3519582692524,15.1439384097487
28945,3.5510298254914,0.0136935436022,0.4527522056853,0.2178127120729,3.3519582692524,15.1439384097487
28946,3.5510980565987,0.0136935436022,0.4527463358056,0.2178115811529,3.3519582692524,15.1439384097487
29466,3.5493532454692,0.0127264742486,0.4522264639177,0.2171867653665,2.7946877057428,15.1439384097487
29467,3.5494565225403,0.0127264742486,0.4521763117082,0.2171703152267,2.7946877057428,15.1439384097487
29468,3.5494220349128,0.0126796402283,0.4520460096052,0.2171032190408,2.7946877057428,15.1439384097487
29469,3.5494579125411,0.0126796402283,0.4519639781603,0.2170744297622,2.7946877057428,15.1439384097487
29470,3.5494930816857,0.0127264742486,0.4516846096618,0.2169952246624,2.7946877057428,15.1439384097487
29476,3.5493730802225,0.0126730621999,0.4517338244081,0.2169882124669,2.7946877057428,15.1439384097487
29489,3.5494070188871,0.0124958851512,0.3688639666235,0.1873163818956,2.7946877057428,15.1439384097487
29491,3.5494047580382,0.0125410057988,0.3682880195179,0.1871299919303,2.7946877057428,15.1439384097487
29493,3.5491360190091,0.0124941717786,0.2954462498722,0.1610911998375,2.7946877057428,15.1439384097487
29494,3.5491849721622,0.0124473377584,0.2954599237450,0.1610767043244,2.7946877057428,15.1439384097487
29502,3.5491254674219,0.0123412684264,0.2955536435848,0.1610638754225,2.7387939516280,15.1439384097487
29508,3.5490258706753,0.0121382585673,0.2954372150205,0.1609338802798,2.7387939516280,15.1439384097487
29511,3.5491352607772,0.0121382585673,0.2952542395483,0.1608700797595,2.7387939516280,15.1439384097487
29517,3.5489935240464,0.0121382585673,0.2951250432033,0.1608219326425,2.7387939516280,15.1439384097487
29518,3.5489693095103,0.0121254275553,0.2951413509866,0.1608219152116,2.7387939516280,15.1439384097487
29519,3.5490304237141,0.0121108501153,0.2951259374905,0.1608110276791,2.7387939516280,15.1439384097487
29524,3.5489721336990,0.0122060772697,0.2947901828933,0.1607311021608,2.7387939516280,15.1439384097487
29525,3.5491575639045,0.0122060772697,0.2946239530534,0.1606743581858,2.7387939516280,15.1439384097487
29548,3.5494197566766,0.0121318678529,0.2350483854326,0.1393692757242,2.7387939516280,15.1439384097487
29552,3.5493232004905,0.0121404842989,0.2345980902827,0.1392107825268,2.7387939516280,15.1439384097487
29553,3.5493030420025,0.0121404842989,0.2331692489068,0.1387001967941,2.7387939516280,15.1439384097487
29554,3.5493731175617,0.0121544116490,0.2331285274616,0.1386926138497,2.7387939516280,15.1439384097487
29555,3.5493090071547,0.0121544116490,0.2328098111283,0.1385778794298,2.7387939516280,15.1439384097487
29592,3.5497531776596,0.0118397130366,0.2329713218617,0.1385069759836,2.6303377111435,15.1439384097487
29593,3.5497438942763,0.0117220798170,0.2330969025347,0.1385012806278,2.6303377111435,15.1439384097487
29594,3.5498245782453,0.0117529480696,0.2330211982263,0.1384886142986,2.6303377111435,15.1439384097487
29596,3.5499665531424,0.0117529480696,0.2329867991769,0.1384783378591,2.6303377111435,15.1439384097487
29597,3.5497844833602,0.0117892980126,0.2314365428796,0.1379376771676,2.6303377111435,15.1439384097487
29598,3.5497797836038,0.0117892980126,0.2314229797297,0.1379327666842,2.6303377111435,15.1439384097487
29599,3.5498435403830,0.0117892980126,0.2311635107683,0.1378410013522,2.6303377111435,15.1439384097487
29600,3.5496825653939,0.0118361320329,0.2308169701799,0.1377350307940,2.6303377111435,15.1439384097487
29606,3.5498649575262,0.0118908112060,0.2306694783448,0.1377083699064,2.6303377111435,15.1439384097487
29621,3.5500017698600,0.0116278112698,0.2307521539393,0.1376271185314,2.6303377111435,15.1439384097487
29625,3.5502045398100,0.0115809772495,0.2305066485241,0.1375222354842,2.6303377111435,15.1439384097487
29628,3.5501398897445,0.0116138839197,0.2302370228928,0.1374391286804,2.6303377111435,15.1439384097487
29630,3.5501022822744,0.0115670498994,0.2302147890885,0.1374105841699,2.6303377111435,15.1439384097487
29632,3.5502556386609,0.0115202158792,0.2299311676116,0.1372913890449,2.6303377111435,15.1439384097487
30650,3.5558273214479,0.0084465411668,0.1858131828774,0.1202965157014,1.8284406751015,15.1439384097487
30654,3.5558836826746,0.0084681428835,0.1846683750943,0.1198977111650,1.8284406751015,15.1439384097487
30669,3.5554271405716,0.0082421099248,0.1849416212593,0.1198919677729,1.8284406751015,15.1439384097487
30670,3.5554940515911,0.0081952759046,0.1848431304281,0.1198376675395,1.8284406751015,15.1439384097487
30671,3.5554713387863,0.0082076441407,0.1848095085871,0.1198306390271,1.8284406751015,15.1439384097487
30673,3.5554600051054,0.0082605934135,0.1845453923845,0.1197588439866,1.8284406751015,15.1439384097487
30703,3.5551279189094,0.0081745997396,0.1846519863030,0.1197553598141,1.7918718615994,15.1439384097487
30704,3.5552039072325,0.0082074898821,0.1845664687773,0.1197399888456,1.7918718615994,15.1439384097487
30705,3.5552320936168,0.0082074898821,0.1842373379193,0.1196228409461,1.7918718615994,15.1439384097487
30706,3.5551767504638,0.0082543239023,0.1840974236224,0.1195921601754,1.7918718615994,15.1439384097487
30707,3.5552586437451,0.0082543239023,0.1838717832430,0.1195127331100,1.7918718615994,15.1439384097487
30710,3.5551744066359,0.0082543239023,0.1837299932469,0.1194609018763,1.7918718615994,15.1439384097487
34135,3.5666979596512,0.0057412029943,0.1725330699525,0.1145480063854,0.5331771037205,15.1439384097487
34136,3.5668181625327,0.0056943689740,0.1723678198034,0.1144706176148,0.5331771037205,15.1439384097487
34137,3.5668736919295,0.0056475349538,0.1723086712891,0.1144302071596,0.5331771037205,15.1439384097487
34142,3.5668056082770,0.0058243704298,0.1309752876377,0.0997431076804,0.5331771037205,15.1439384097487
36563,3.5750931600700,0.0048328896488,0.1272885063411,0.0981187480427,0.2191890334963,15.1439384097487
36564,3.5750474743595,0.0048328896488,0.1271427520035,0.0980660464724,0.2191890334963,15.1439384097487
36565,3.5750140837120,0.0049505228684,0.1268888658421,0.0980253146048,0.2191890334963,15.1439384097487
36566,3.5750865793538,0.0049505228684,0.0955935889031,0.0868494557922,0.2191890334963,15.1439384097487
37733,3.5830179104644,0.0054215846336,0.0945861302259,0.0868037605395,0.1493187204933,15.1439384097487
37734,3.5830446314613,0.0053747506134,0.0944570382065,0.0867379626242,0.1493187204933,15.1439384097487
37735,3.5830621274506,0.0053979279717,0.0944038692591,0.0867291544351,0.1493187204933,15.1439384097487
37736,3.5830490616457,0.0053510939515,0.0943996821086,0.0867074024210,0.1493187204933,15.1439384097487
37737,3.5830528110816,0.0053510939515,0.0942268906385,0.0866457442359,0.1493187204933,15.1439384097487
37738,3.5830958500929,0.0053510939515,0.0941246943220,0.0866098545506,0.1493187204933,15.1439384097487
37742,3.5827487357249,0.0052964313061,0.0941652937929,0.0865960158685,0.1463323460834,15.1439384097487
37752,3.5828195931705,0.0049863053601,0.0942931097310,0.0865097559262,0.1434056991618,15.1439384097487
37753,3.5827734490630,0.0049496468998,0.0941452299099,0.0864405779997,0.1434056991618,15.1439384097487
37799,3.5822731556923,0.0051319475385,0.0938981927206,0.0864234001596,0.1434056991618,15.1439384097487
37800,3.5821624951631,0.0050851135183,0.0938976214493,0.0864015585721,0.1434056991618,15.1439384097487
37802,3.5821651794556,0.0050851135183,0.0938869095668,0.0863977708823,0.1434056991618,15.1439384097487
37816,3.5827948590341,0.0049613815737,0.0737477077816,0.0791610807638,0.1434056991618,15.1439384097487
37817,3.5826690904207,0.0050187161989,0.0736735129455,0.0791573749728,0.1434056991618,15.1439384097487
37818,3.5826029426666,0.0050655502191,0.0732528796321,0.0790262845261,0.1434056991618,15.1439384097487
37819,3.5825820927389,0.0050655502191,0.0732498494704,0.0790249073004,0.1434056991618,15.1439384097487
37821,3.5824583484375,0.0050638368466,0.0728160339156,0.0788674878976,0.1434056991618,15.1439384097487
37823,3.5824606276753,0.0050170028263,0.0724839732789,0.0787288553412,0.1434056991618,15.1439384097487
37824,3.5824982876878,0.0050582008975,0.0723016348218,0.0786819236665,0.1434056991618,15.1439384097487
37828,3.5823780759756,0.0049874016981,0.0723870453073,0.0786803839096,0.1434056991618,15.1439384097487
41662,3.5898967094755,0.0035261262764,0.0708558378069,0.0776136513535,0.0363027527923,15.1439384097487
41663,3.5897661295297,0.0035729602966,0.0701562089970,0.0773820079469,0.0363027527923,15.1439384097487
41669,3.5895700304932,0.0035482072966,0.0700274556716,0.0773226413996,0.0363027527923,15.1439384097487
41670,3.5895764907332,0.0035950413169,0.0699397256492,0.0773114723836,0.0363027527923,15.1439384097487
41671,3.5897305738381,0.0035482072966,0.0699357219376,0.0772921510293,0.0363027527923,15.1439384097487
41683,3.5899538525886,0.0036050791459,0.0698382459119,0.0772848711920,0.0355766977364,15.1439384097487
41685,3.5901438502373,0.0035819017876,0.0694999048373,0.0771567903944,0.0355766977364,15.1439384097487
41687,3.5903017485127,0.0036050791459,0.0693170407989,0.0771036492129,0.0355766977364,15.1439384097487
41688,3.5903042854209,0.0036050791459,0.0690602655543,0.0770119796654,0.0355766977364,15.1439384097487
41689,3.5902973526801,0.0036050791459,0.0688339803055,0.0769310654073,0.0355766977364,15.1439384097487
41690,3.5903278662527,0.0035598042396,0.0688690538496,0.0769246199068,0.0355766977364,15.1439384097487
46309,3.6113978839881,0.0040635027224,0.0667465591891,0.0766805962177,0.0070672700951,15.1439384097487
46316,3.6115925035817,0.0040530186452,0.0666581212376,0.0766472719133,0.0069259246932,15.1439384097487
46317,3.6115936022314,0.0040530186452,0.0663536647240,0.0765385529900,0.0069259246932,15.1439384097487
46324,3.6115815049040,0.0038926282404,0.0665180536297,0.0765283533921,0.0069259246932,15.1439384097487
46325,3.6116146823704,0.0038926282404,0.0664384646965,0.0765003982321,0.0069259246932,15.1439384097487
46327,3.6116966473750,0.0038926282404,0.0664297302440,0.0764984385841,0.0069259246932,15.1439384097487
46329,3.6118393742720,0.0038852623911,0.0660133105156,0.0763485800360,0.0069259246932,15.1439384097487
46330,3.6119833298487,0.0038852623911,0.0658742580924,0.0763009554180,0.0069259246932,15.1439384097487
46359,3.6120254725203,0.0042694930784,0.0653579591953,0.0762818295653,0.0069259246932,15.1439384097487
46360,3.6122067106198,0.0042694930784,0.0653224309633,0.0762717054180,0.0069259246932,15.1439384097487
46361,3.6122111402142,0.0042889186466,0.0652736330720,0.0762626655217,0.0069259246932,15.1439384097487
46366,3.6124170166437,0.0043167898745,0.0650802887976,0.0762084719447,0.0069259246932,15.1439384097487
46371,3.6124170199958,0.0042967307441,0.0650488810266,0.0761886581609,0.0069259246932,15.1439384097487
46379,3.6127795939826,0.0043979188925,0.0648351694672,0.0761608293510,0.0069259246932,15.1439384097487
46380,3.6129287171120,0.0043747415342,0.0647958922125,0.0761389786887,0.0069259246932,15.1439384097487
46381,3.6129290557331,0.0043383915912,0.0647931392864,0.0761224217453,0.0069259246932,15.1439384097487
46382,3.6130009952650,0.0043852256114,0.0647018355743,0.0761109029392,0.0069259246932,15.1439384097487
46406,3.6134214514260,0.0040032041279,0.0650241877003,0.0760682546321,0.0067874061993,15.1439384097487
46407,3.6135137690531,0.0040032041279,0.0648158389110,0.0759951506384,0.0067874061993,15.1439384097487
46408,3.6135794833051,0.0040032041279,0.0645572464296,0.0759037260331,0.0067874061993,15.1439384097487
46409,3.6137067661941,0.0040032041279,0.0645378350333,0.0758985944359,0.0067874061993,15.1439384097487
46410,3.6137100015066,0.0039563701077,0.0645476386507,0.0758820697843,0.0067874061993,15.1439384097487
46474,3.6138100067261,0.0036659617194,0.0648217679368,0.0758569274301,0.0066516580753,15.1439384097487
46475,3.6138642126961,0.0037112366257,0.0647642299360,0.0758565486862,0.0066516580753,15.1439384097487
46485,3.6140758774052,0.0035970301513,0.0648689003494,0.0758479803862,0.0065186249138,15.1439384097487
46486,3.6140009122350,0.0036435556542,0.0646195903639,0.0757778198548,0.0065186249138,15.1439384097487
48006,3.6217734744887,0.0034769122659,0.0639650518673,0.0755826187464,0.0038550850177,15.1439384097487
48008,3.6219536905825,0.0033906100748,0.0640224382235,0.0755686772660,0.0038550850177,15.1439384097487
48010,3.6220352040953,0.0034209990238,0.0639622790085,0.0755613690781,0.0038550850177,15.1439384097487
48011,3.6219601502258,0.0034587538221,0.0635272019888,0.0754211030488,0.0038550850177,15.1439384097487
48012,3.6218948220679,0.0034587538221,0.0633304493572,0.0753499098628,0.0038550850177,15.1439384097487
48013,3.6221635970841,0.0034551562907,0.0632627103762,0.0753279787188,0.0038550850177,15.1439384097487
48014,3.6221097006275,0.0034285191317,0.0632352604392,0.0753059966134,0.0038550850177,15.1439384097487
48049,3.6219467503007,0.0034512171865,0.0629434219799,0.0752091905937,0.0037779833173,15.1439384097487
48050,3.6222158975151,0.0034512171865,0.0628202371861,0.0751690044396,0.0037779833173,15.1439384097487
48052,3.6221339758786,0.0034161343679,0.0627535328243,0.0751289867739,0.0037779833173,15.1439384097487
48065,3.6219642973195,0.0036546898214,0.0623784421772,0.0750948629397,0.0037779833173,15.1439384097487
48079,3.6220074471924,0.0036676916197,0.0623033717698,0.0750742348470,0.0037779833173,15.1439384097487
48083,3.6217982980480,0.0036272978971,0.0623434820756,0.0750682889144,0.0037779833173,15.1439384097487
48088,3.6217848068773,0.0036288570110,0.0623276425759,0.0750631092428,0.0037779833173,15.1439384097487
48091,3.6218353706098,0.0036503044691,0.0620961402053,0.0749903370659,0.0037779833173,15.1439384097487
48092,3.6218318781458,0.0036084728357,0.0620756521878,0.0749650426557,0.0037779833173,15.1439384097487
48100,3.6220765335008,0.0035397120538,0.0621100266130,0.0749513121866,0.0037779833173,15.1439384097487
50614,3.6216629110483,0.0037922113851,0.0617752037513,0.0749340938622,0.0015531284185,15.1439384097487
50615,3.6216019685458,0.0037922113851,0.0617413093136,0.0749211263736,0.0015531284185,15.1439384097487
50616,3.6215409086854,0.0038390454053,0.0616717445314,0.0749154895385,0.0015531284185,15.1439384097487
50617,3.6216661791664,0.0038664538573,0.0615903037475,0.0748999225926,0.0015531284185,15.1439384097487
50666,3.6209751881277,0.0034050167285,0.0621567289638,0.0748946810663,0.0014916245331,15.1439384097487
50667,3.6210622992712,0.0034050167285,0.0620548864002,0.0748595413390,0.0014916245331,15.1439384097487
50671,3.6209301844174,0.0034986847689,0.0618944395267,0.0748405129137,0.0014916245331,15.1439384097487
50672,3.6209973698157,0.0034719098791,0.0618894323273,0.0748282003444,0.0014916245331,15.1439384097487
50673,3.6210729646146,0.0034703507652,0.0618523173092,0.0748153464504,0.0014916245331,15.1439384097487
50685,3.6212835895272,0.0033171388957,0.0616115332502,0.0746666702422,0.0014916245331,15.1439384097487
50688,3.6211310939704,0.0034460605410,0.0613966804179,0.0746430314197,0.0014916245331,15.1439384097487
50690,3.6211614321205,0.0034460605410,0.0612981920689,0.0746082862921,0.0014916245331,15.1439384097487
50770,3.6205577489906,0.0035197025065,0.0610822195442,0.0745541720141,0.0014617920425,15.1439384097487
50772,3.6205306681241,0.0035197025065,0.0610043441574,0.0745259761834,0.0014617920425,15.1439384097487
50773,3.6205319767492,0.0034962001032,0.0610234223262,0.0745227358736,0.0014617920425,15.1439384097487
50774,3.6206427732279,0.0035167220095,0.0609942385390,0.0745226759579,0.0014617920425,15.1439384097487
50775,3.6206578256360,0.0033990887899,0.0610734557961,0.0745007665890,0.0014617920425,15.1439384097487
50779,3.6206109731261,0.0033956289893,0.0609703865997,0.0744618104302,0.0014617920425,15.1439384097487
50786,3.6205993838744,0.0034319789323,0.0609211899112,0.0744596547441,0.0014617920425,15.1439384097487
52770,3.6204924464312,0.0045788642590,0.0595047645187,0.0744437976577,0.0007207725568,15.1439384097487
52772,3.6204921964015,0.0046725322994,0.0591871900761,0.0743705181219,0.0007207725568,15.1439384097487
52773,3.6206508302734,0.0047193663197,0.0590075379020,0.0743286730128,0.0007207725568,15.1439384097487
52774,3.6206372728060,0.0046725322994,0.0589234994654,0.0742783957253,0.0007207725568,15.1439384097487
52775,3.6205211507877,0.0047193663197,0.0587466355403,0.0742336586419,0.0007207725568,15.1439384097487
54870,3.6294443202566,0.0043008241069,0.0588880224738,0.0742310409916,0.0003553946550,15.1439384097487
54871,3.6295699108480,0.0043008241069,0.0587902890508,0.0741979132961,0.0003553946550,15.1439384097487
54872,3.6296472278071,0.0042425474022,0.0587477680065,0.0741588455081,0.0003553946550,15.1439384097487
54873,3.6295936266268,0.0042893814225,0.0582543580702,0.0740019409436,0.0003553946550,15.1439384097487
54874,3.6296219878574,0.0042425474022,0.0583053966193,0.0740004985834,0.0003553946550,15.1439384097487
54896,3.6293454813194,0.0043096113392,0.0581825648452,0.0739814592309,0.0003553946550,15.1439384097487
55244,3.6310694400315,0.0045280580792,0.0577840079035,0.0739571313978,0.0003148236473,15.1439384097487
55245,3.6311512339420,0.0045280580792,0.0577409544395,0.0739429125390,0.0003148236473,15.1439384097487
55793,3.6303004636326,0.0041947382471,0.0579583079803,0.0738656491040,0.0002624835114,15.1439384097487
55825,3.6300667173294,0.0036227252307,0.0586282852074,0.0738564707550,0.0002624835114,15.1439384097487
55826,3.6299918335294,0.0036227252307,0.0584180392103,0.0737803232982,0.0002572338412,15.1439384097487
55827,3.6300694662207,0.0035973551962,0.0580024587770,0.0736221273403,0.0002572338412,15.1439384097487
58748,3.6398526260095,0.0037635523364,0.0574099995484,0.0736201931602,0.0001036338206,15.1439384097487
58795,3.6396123880261,0.0040011657104,0.0570957668075,0.0736064021331,0.0001015611441,15.1439384097487
58796,3.6396615774005,0.0040011657104,0.0570886994660,0.0736045741090,0.0001015611441,15.1439384097487
58803,3.6399650576859,0.0039543316902,0.0571050286366,0.0735946284584,0.0001015611441,15.1439384097487
58805,3.6399534267539,0.0039543316902,0.0570958070246,0.0735911704486,0.0001015611441,15.1439384097487
58806,3.6398565087240,0.0039742200342,0.0570321158307,0.0735755757860,0.0001015611441,15.1439384097487
58810,3.6397422171581,0.0039956840200,0.0569463708075,0.0735525341965,0.0001015611441,15.1439384097487
58811,3.6397839031789,0.0039526183176,0.0569932234390,0.0735514004040,0.0001015611441,15.1439384097487
58812,3.6396661045149,0.0039526183176,0.0568866536865,0.0735116729348,0.0001015611441,15.1439384097487
58813,3.6396324510303,0.0039526183176,0.0568823445432,0.0735096577606,0.0001015611441,15.1439384097487
58822,3.6401137100162,0.0040008406654,0.0567908305369,0.0735044506898,0.0000995299213,15.1439384097487
58892,3.6404642820605,0.0037903272262,0.0570128124075,0.0734984704548,0.0000975393228,15.1439384097487
58895,3.6404065751482,0.0037359730980,0.0569839859550,0.0734640641179,0.0000975393228,15.1439384097487
58920,3.6405219368380,0.0036476490170,0.0570122502437,0.0734379376894,0.0000975393228,15.1439384097487
58927,3.6404995784720,0.0036944830373,0.0568939423840,0.0734154402359,0.0000975393228,15.1439384097487
58929,3.6405685596313,0.0036722477584,0.0569135055164,0.0734138737425,0.0000975393228,15.1439384097487
58946,3.6406774846623,0.0036594002187,0.0568768279182,0.0733968097937,0.0000975393228,15.1439384097487
58948,3.6406594576570,0.0037062342389,0.0567045504050,0.0733550987525,0.0000975393228,15.1439384097487
58950,3.6406900524183,0.0037062342389,0.0565845520358,0.0733126751059,0.0000975393228,15.1439384097487
59023,3.6412690385669,0.0031606545396,0.0570514570630,0.0732537996454,0.0000936767657,15.1439384097487
59454,3.6392420610879,0.0035343846220,0.0566332135366,0.0732359153971,0.0000829828491,15.1439384097487
59455,3.6392776389167,0.0034920902127,0.0565343940870,0.0731829999851,0.0000829828491,15.1439384097487
59458,3.6392875719413,0.0034660866160,0.0564298343946,0.0731346533908,0.0000829828491,15.1439384097487
59460,3.6393469836169,0.0034325629114,0.0564394053293,0.0731245449510,0.0000829828491,15.1439384097487
59461,3.6393333034342,0.0034325629114,0.0564233245033,0.0731186082252,0.0000829828491,15.1439384097487
59469,3.6396841381103,0.0034747030621,0.0563241399462,0.0731062095208,0.0000829828491,15.1439384097487
59473,3.6394675330695,0.0034534098627,0.0562771644736,0.0730772419626,0.0000829828491,15.1439384097487
59474,3.6394708027336,0.0034300782457,0.0562615235184,0.0730617029083,0.0000829828491,15.1439384097487
59490,3.6394867732369,0.0034704719684,0.0561968017003,0.0730561255503,0.0000829828491,15.1439384097487
59757,3.6393734298705,0.0034132916018,0.0562670038465,0.0730550880729,0.0000765407379,15.1439384097487
59765,3.6393096774431,0.0034914566505,0.0561625255281,0.0730503716018,0.0000765407379,15.1439384097487
59787,3.6394920262767,0.0033293363455,0.0562655507082,0.0730202664020,0.0000750099231,15.1439384097487
59789,3.6395104833003,0.0033484533964,0.0562123782850,0.0730097304383,0.0000750099231,15.1439384097487
59791,3.6394191402435,0.0033016193762,0.0561805285602,0.0729769913155,0.0000750099231,15.1439384097487
59792,3.6393364974115,0.0033016193762,0.0560915733557,0.0729440522091,0.0000750099231,15.1439384097487
59983,3.6395403240334,0.0033609758912,0.0559831284703,0.0729336445324,0.0000720395301,15.1439384097487
60998,3.6416898312954,0.0036635817292,0.0554902416461,0.0729177171238,0.0000542920114,15.1439384097487
60999,3.6416054922541,0.0036270940553,0.0555230311678,0.0729125967010,0.0000542920114,15.1439384097487
61002,3.6413923434161,0.0036270940553,0.0555123127999,0.0729057526707,0.0000542920114,15.1439384097487
61003,3.6412309752065,0.0035802600351,0.0555109901243,0.0728829252142,0.0000542920114,15.1439384097487
61004,3.6411977643499,0.0034933408094,0.0555902161939,0.0728734992110,0.0000542920114,15.1439384097487
61005,3.6411677790289,0.0034933408094,0.0555830798962,0.0728705262429,0.0000542920114,15.1439384097487
61006,3.6412217391333,0.0034933408094,0.0555520870004,0.0728602208834,0.0000542920114,15.1439384097487
61007,3.6411739169229,0.0034781463349,0.0555589254267,0.0728554745798,0.0000542920114,15.1439384097487
61008,3.6412359577888,0.0035003816138,0.0554093940957,0.0728124778124,0.0000542920114,15.1439384097487
61011,3.6411623174887,0.0034535475936,0.0554322148865,0.0727995143665,0.0000542920114,15.1439384097487
61012,3.6411432775204,0.0034352348912,0.0554218119017,0.0727876812995,0.0000542920114,15.1439384097487
61031,3.6410321941177,0.0033744569931,0.0553942350721,0.0727502129385,0.0000532061711,15.1439384097487
61033,3.6410874150152,0.0033478198342,0.0553964021493,0.0727403523414,0.0000532061711,15.1439384097487
61273,3.6421324116719,0.0033086932360,0.0553948847545,0.0727378285052,0.0000500772226,15.1439384097487
61278,3.6420689767933,0.0032709384376,0.0553451951925,0.0727030040060,0.0000500772226,15.1439384097487
61285,3.6419645875764,0.0033011731280,0.0552184919340,0.0726692334663,0.0000500772226,15.1439384097487
61286,3.6420296232394,0.0032906890508,0.0551859519891,0.0726540391317,0.0000500772226,15.1439384097487
61287,3.6420294691766,0.0033375230710,0.0550745407294,0.0726343189391,0.0000500772226,15.1439384097487
61544,3.6433175381677,0.0034727142277,0.0548569617527,0.0726327773187,0.0000461896357,15.1439384097487
61551,3.6433374688746,0.0035081055635,0.0547204416907,0.0725994698873,0.0000461896357,15.1439384097487
61972,3.6450183855556,0.0033348510913,0.0548341456277,0.0725896113780,0.0000417517723,15.1439384097487
61974,3.6449738603558,0.0032883421160,0.0548250531580,0.0725658016208,0.0000417517723,15.1439384097487
61975,3.6449123427874,0.0033351761362,0.0546766348509,0.0725319963361,0.0000417517723,15.1439384097487
61980,3.6450710720667,0.0033583534946,0.0546014791110,0.0725173341626,0.0000417517723,15.1439384097487
61988,3.6450473739285,0.0033293694009,0.0544350970431,0.0724451549140,0.0000417517723,15.1439384097487
61991,3.6450424140131,0.0033762034211,0.0543609320590,0.0724386689602,0.0000417517723,15.1439384097487
61994,3.6450788311839,0.0034230374413,0.0542677844713,0.0724259889881,0.0000417517723,15.1439384097487
61999,3.6450195182844,0.0034230374413,0.0541936310597,0.0723986663532,0.0000417517723,15.1439384097487
62021,3.6449128806467,0.0032872292502,0.0543605575305,0.0723985705240,0.0000417517723,15.1439384097487
62460,3.6450651707192,0.0031735020793,0.0544758123702,0.0723931476450,0.0000369854894,15.1439384097487
62467,3.6451800014933,0.0032316245253,0.0543953201510,0.0723909348913,0.0000369854894,15.1439384097487
62473,3.6450986613355,0.0031908892300,0.0542757774966,0.0723296321447,0.0000369854894,15.1439384097487
62520,3.6454415072262,0.0030170342510,0.0544381572319,0.0723179668770,0.0000369854894,15.1439384097487
62521,3.6453239186020,0.0030132659332,0.0544035808138,0.0723023392917,0.0000369854894,15.1439384097487
62522,3.6453903331994,0.0030007434384,0.0543959796067,0.0722951975535,0.0000369854894,15.1439384097487
63427,3.6474152169015,0.0030594333358,0.0541666257324,0.0722670902375,0.0000290231320,15.1439384097487
63455,3.6479183893697,0.0031600044497,0.0540161335471,0.0722635647911,0.0000290231320,15.1439384097487
63460,3.6480692548299,0.0031933738957,0.0539607814557,0.0722602321144,0.0000290231320,15.1439384097487
63511,3.6478786879187,0.0029910141266,0.0541120891330,0.0722248484462,0.0000290231320,15.1439384097487
63513,3.6479502240654,0.0029831689737,0.0539819287063,0.0721760126028,0.0000290231320,15.1439384097487
63517,3.6479528629040,0.0029831689737,0.0539623815999,0.0721690688328,0.0000290231320,15.1439384097487
63518,3.6479169922432,0.0029363349535,0.0539852023906,0.0721566398248,0.0000290231320,15.1439384097487
63525,3.6478384576430,0.0029675117233,0.0539341719441,0.0721506648788,0.0000290231320,15.1439384097487
63526,3.6478147798241,0.0029675117233,0.0538738462951,0.0721287849646,0.0000290231320,15.1439384097487
63531,3.6479338195301,0.0029720513343,0.0538266452679,0.0721155574063,0.0000290231320,15.1439384097487
63532,3.6477936399964,0.0030188853545,0.0536944462058,0.0720864316475,0.0000290231320,15.1439384097487
63562,3.6480085334280,0.0029076759047,0.0538070975983,0.0720820438225,0.0000290231320,15.1439384097487
63718,3.6470627311031,0.0027038947526,0.0538982318832,0.0720138739624,0.0000278738160,15.1439384097487
63725,3.6469958277639,0.0026442131926,0.0538074045820,0.0719549111514,0.0000278738160,15.1439384097487
63727,3.6470959967312,0.0026609833088,0.0537239580915,0.0719337134101,0.0000278738160,15.1439384097487
63849,3.6470180749609,0.0027067209910,0.0536354106187,0.0719205885887,0.0000267700129,15.1439384097487
65593,3.6475820831819,0.0030534723418,0.0530829612668,0.0718798736491,0.0000186087818,15.1439384097487
65596,3.6474978412592,0.0030534723418,0.0530157581298,0.0718546805111,0.0000186087818,15.1439384097487
65615,3.6475615710885,0.0029073343321,0.0531789706679,0.0718512419005,0.0000186087818,15.1439384097487
65780,3.6480408408539,0.0027389940989,0.0533351691208,0.0718416628832,0.0000178718740,15.1439384097487
65781,3.6480887156572,0.0027858281191,0.0532766131665,0.0718414991906,0.0000178718740,15.1439384097487
65786,3.6481877824866,0.0026460973516,0.0534039446789,0.0718284919050,0.0000178718740,15.1439384097487
65895,3.6488447561974,0.0026769656042,0.0533283456483,0.0718240176364,0.0000175144365,15.1439384097487
65918,3.6490234290947,0.0027534007526,0.0532062337548,0.0718156923761,0.0000175144365,15.1439384097487
65934,3.6490906756915,0.0027588824430,0.0531572246209,0.0718014899447,0.0000175144365,15.1439384097487
65948,3.6492477800342,0.0028818265667,0.0530027027024,0.0718012168999,0.0000175144365,15.1439384097487
65949,3.6492297027205,0.0028478235585,0.0529521310375,0.0717683270804,0.0000175144365,15.1439384097487
65957,3.6492372790811,0.0028995057069,0.0528793419758,0.0717645876841,0.0000171641478,15.1439384097487
65976,3.6490048506994,0.0028526716867,0.0529025096528,0.0717495012855,0.0000168208649,15.1439384097487
65977,3.6490803567573,0.0028697503201,0.0528230003857,0.0717294929387,0.0000168208649,15.1439384097487
65990,3.6491621159888,0.0029037533283,0.0526858356033,0.0716962351218,0.0000168208649,15.1439384097487
66020,3.6493050658729,0.0028866746949,0.0526425904122,0.0716754937277,0.0000168208649,15.1439384097487
66062,3.6486875379658,0.0028077218253,0.0526923949755,0.0716507061491,0.0000168208649,15.1439384097487
66073,3.6485782404776,0.0027903346747,0.0526718535481,0.0716343717369,0.0000168208649,15.1439384097487
66203,3.6489346567430,0.0026913557301,0.0527486279787,0.0716244148950,0.0000161547586,15.1439384097487
66221,3.6488118919392,0.0026546972699,0.0527887653818,0.0716213017994,0.0000161547586,15.1439384097487
66308,3.6487069542117,0.0028461267136,0.0525249532665,0.0716076395151,0.0000158316634,15.1439384097487
66318,3.6485970368769,0.0028461267136,0.0524827253861,0.0715910028064,0.0000158316634,15.1439384097487
66334,3.6485961621634,0.0028176053958,0.0525025625547,0.0715858517104,0.0000158316634,15.1439384097487
66343,3.6485105550834,0.0027707713755,0.0525211218506,0.0715711969730,0.0000158316634,15.1439384097487
66527,3.6490887943977,0.0029295861387,0.0523023494229,0.0715693094805,0.0000152047296,15.1439384097487
66533,3.6491552833801,0.0029093892773,0.0523142551634,0.0715658465476,0.0000152047296,15.1439384097487
66562,3.6488830507361,0.0028342047256,0.0523392965390,0.0715387158717,0.0000152047296,15.1439384097487
66564,3.6489748111844,0.0028608418845,0.0522958893539,0.0715359276350,0.0000152047296,15.1439384097487
66565,3.6489151641876,0.0028140078643,0.0523386540371,0.0715302850122,0.0000152047296,15.1439384097487
66582,3.6489721792640,0.0028978253897,0.0522030876290,0.0715185969940,0.0000152047296,15.1439384097487
66583,3.6490705834766,0.0029106564017,0.0521604849266,0.0715102731613,0.0000152047296,15.1439384097487
66645,3.6485200814235,0.0028429754303,0.0522533659981,0.0715066492747,0.0000149006350,15.1439384097487
66653,3.6485789141249,0.0028514376177,0.0521939296448,0.0714898811362,0.0000149006350,15.1439384097487
66733,3.6480719835107,0.0028901179677,0.0521624915625,0.0714880575083,0.0000149006350,15.1439384097487
66742,3.6479339246668,0.0028432839475,0.0521748650730,0.0714704513729,0.0000149006350,15.1439384097487
66743,3.6478686321524,0.0028354553223,0.0520996444298,0.0714393078476,0.0000149006350,15.1439384097487
66769,3.6479218319315,0.0028525174280,0.0519850627152,0.0714064509110,0.0000146026223,15.1439384097487
66771,3.6480632563360,0.0028525174280,0.0519281449324,0.0713881242773,0.0000146026223,15.1439384097487
66772,3.6480511855547,0.0028312242286,0.0518507257946,0.0713511781276,0.0000146026223,15.1439384097487
66774,3.6480953307541,0.0028312242286,0.0517310626309,0.0713090659351,0.0000146026223,15.1439384097487
67009,3.6484531290596,0.0029084471979,0.0516149576067,0.0713057582353,0.0000140243584,15.1439384097487
67010,3.6484671885926,0.0028719429962,0.0515141389803,0.0712543058666,0.0000140243584,15.1439384097487
67026,3.6485534116138,0.0029187770165,0.0514371773216,0.0712481113329,0.0000140243584,15.1439384097487
67061,3.6485236397069,0.0028719429962,0.0514562916429,0.0712344448828,0.0000140243584,15.1439384097487
67076,3.6484754567369,0.0028307614527,0.0514972029245,0.0712307250360,0.0000140243584,15.1439384097487
67173,3.6484441726812,0.0028069340045,0.0514867208403,0.0712163270037,0.0000134689938,15.1439384097487
67212,3.6488678664460,0.0028193187684,0.0514019148688,0.0711973421511,0.0000134689938,15.1439384097487
67352,3.6494725761269,0.0025922059993,0.0516488371857,0.0711967512504,0.0000131996140,15.1439384097487
67354,3.6495091283180,0.0025671444820,0.0516476737283,0.0711861122907,0.0000131996140,15.1439384097487
67364,3.6495015793578,0.0026048992804,0.0515646140996,0.0711725219482,0.0000131996140,15.1439384097487
67381,3.6494434731505,0.0025340835533,0.0515859747091,0.0711489789410,0.0000131996140,15.1439384097487
67400,3.6496612876265,0.0025242165105,0.0515753005265,0.0711440200606,0.0000131996140,15.1439384097487
67421,3.6495325821109,0.0024598576087,0.0516323900920,0.0711350056302,0.0000129356217,15.1439384097487
67430,3.6494141449713,0.0026305778321,0.0513933142450,0.0711211113316,0.0000129356217,15.1439384097487
67431,3.6493431249369,0.0026271345592,0.0513241066804,0.0710939137271,0.0000129356217,15.1439384097487
67448,3.6495772745418,0.0026683326304,0.0511758803425,0.0710619452668,0.0000129356217,15.1439384097487
67503,3.6497315686018,0.0026982753313,0.0511165889980,0.0710557856233,0.0000126769092,15.1439384097487
67505,3.6495585983766,0.0026548845839,0.0511505036916,0.0710468544622,0.0000126769092,15.1439384097487
67538,3.6493865889007,0.0026199560240,0.0511980564709,0.0710464342922,0.0000126769092,15.1439384097487
67562,3.6494954736507,0.0026313821806,0.0511736642919,0.0710441604359,0.0000126769092,15.1439384097487
67575,3.6494942232596,0.0026161877061,0.0511818834154,0.0710405662266,0.0000126769092,15.1439384097487
67793,3.6499192890240,0.0027734598830,0.0509749619811,0.0710400827279,0.0000121749036,15.1439384097487
67794,3.6498870729384,0.0028202939032,0.0508602381634,0.0710187258034,0.0000121749036,15.1439384097487
68022,3.6499029711231,0.0027054869220,0.0509128920077,0.0709885527141,0.0000116927775,15.1439384097487
68124,3.6500573097790,0.0026589614190,0.0509468116292,0.0709829112450,0.0000114589219,15.1439384097487
68125,3.6499877204548,0.0027057954392,0.0508197779898,0.0709566291267,0.0000114589219,15.1439384097487
68244,3.6495507357481,0.0028571066221,0.0506444799489,0.0709526870290,0.0000112297435,15.1439384097487
68248,3.6494831620777,0.0028683950479,0.0505086128815,0.0709080448103,0.0000112297435,15.1439384097487
68252,3.6494343345621,0.0029589118050,0.0503996280196,0.0709072236351,0.0000112297435,15.1439384097487
68413,3.6492989921275,0.0029507746626,0.0503242283632,0.0708748927533,0.0000110051486,15.1439384097487
68428,3.6491569920425,0.0029039406423,0.0503348741228,0.0708566137956,0.0000110051486,15.1439384097487
68436,3.6491523905225,0.0029039406423,0.0503104314515,0.0708478191589,0.0000110051486,15.1439384097487
68460,3.6491513870985,0.0029697209272,0.0502307384827,0.0708475347367,0.0000110051486,15.1439384097487
68518,3.6490146296975,0.0028901344955,0.0502478560350,0.0708176045694,0.0000105693447,15.1439384097487
68586,3.6488697496801,0.0029830312428,0.0501203524349,0.0708098304185,0.0000105693447,15.1439384097487
68587,3.6488102728673,0.0030127866296,0.0500781129158,0.0708066555917,0.0000105693447,15.1439384097487
68606,3.6487972285868,0.0030127866296,0.0499729443048,0.0707689107978,0.0000105693447,15.1439384097487
68807,3.6484473514159,0.0030068256356,0.0499348707976,0.0707478076664,0.0000103579578,15.1439384097487
68893,3.6484472690332,0.0029714342998,0.0499629014449,0.0707426497308,0.0000101507987,15.1439384097487
68918,3.6485282344320,0.0029451221858,0.0499427289158,0.0707253142908,0.0000099477827,15.1439384097487
68930,3.6484508752037,0.0029166008680,0.0499645486471,0.0707197890022,0.0000099477827,15.1439384097487
68933,3.6484187921753,0.0028783832938,0.0499510321963,0.0706981287652,0.0000099477827,15.1439384097487
68941,3.6483703882483,0.0028783832938,0.0499262560458,0.0706885952277,0.0000099477827,15.1439384097487
68957,3.6483468377255,0.0028567650494,0.0499068785952,0.0706720765095,0.0000099477827,15.1439384097487
68976,3.6483658167075,0.0028567650494,0.0498682084999,0.0706585343125,0.0000099477827,15.1439384097487
69033,3.6483943635942,0.0028439340374,0.0498543291359,0.0706484823281,0.0000097488270,15.1439384097487
69039,3.6483745629970,0.0028439340374,0.0498393761254,0.0706428617901,0.0000097488270,15.1439384097487
69084,3.6483980307892,0.0029592368500,0.0496949222214,0.0706410186689,0.0000097488270,15.1439384097487
69180,3.6483029392556,0.0029546807113,0.0497040363351,0.0706409755398,0.0000097488270,15.1439384097487
69182,3.6483417616931,0.0029302362286,0.0497268554987,0.0706391983691,0.0000097488270,15.1439384097487
69186,3.6484746071227,0.0029302362286,0.0496715715103,0.0706213338415,0.0000097488270,15.1439384097487
69189,3.6483538530642,0.0029302362286,0.0496387604243,0.0706079069346,0.0000095538505,15.1439384097487
69309,3.6482629997212,0.0027609373882,0.0498219841874,0.0705995017783,0.0000093627735,15.1439384097487
69523,3.6484908397509,0.0026312279220,0.0499503978456,0.0705929979490,0.0000091755180,15.1439384097487
69529,3.6483955829222,0.0026055328426,0.0498054428405,0.0705288682497,0.0000091755180,15.1439384097487
69555,3.6487035593410,0.0027126819850,0.0496639486722,0.0705286135249,0.0000089920077,15.1439384097487
69586,3.6485357431717,0.0027595160052,0.0495862502996,0.0705185612415,0.0000089920077,15.1439384097487
69604,3.6486543288774,0.0027595160052,0.0495390564390,0.0705033842711,0.0000088121675,15.1439384097487
69609,3.6485890432412,0.0027595160052,0.0495254841590,0.0704976132408,0.0000088121675,15.1439384097487
69630,3.6486853348613,0.0028063500254,0.0494604212275,0.0704958107225,0.0000088121675,15.1439384097487
69669,3.6486441840018,0.0028058872496,0.0494579179145,0.0704941360677,0.0000088121675,15.1439384097487
69719,3.6486944706482,0.0028481651311,0.0494042030104,0.0704937828182,0.0000086359242,15.1439384097487
69732,3.6487268706509,0.0028481651311,0.0493696878834,0.0704819144450,0.0000086359242,15.1439384097487
69749,3.6487309628470,0.0028013311109,0.0493929911527,0.0704702232225,0.0000086359242,15.1439384097487
69766,3.6485696623182,0.0027985214002,0.0493838304734,0.0704634649980,0.0000086359242,15.1439384097487
69826,3.6487196930759,0.0027985214002,0.0493504105419,0.0704536522333,0.0000086359242,15.1439384097487
69875,3.6486336581400,0.0027297606184,0.0494313755476,0.0704518820117,0.0000084632057,15.1439384097487
69888,3.6486954936871,0.0026796375839,0.0494811740555,0.0704490608614,0.0000084632057,15.1439384097487
69914,3.6487344483892,0.0027332038912,0.0494036449839,0.0704448801026,0.0000084632057,15.1439384097487
69924,3.6487023061840,0.0027332038912,0.0494042665370,0.0704446472758,0.0000084632057,15.1439384097487
69931,3.6486760218202,0.0027250667488,0.0493790511638,0.0704317825166,0.0000084632057,15.1439384097487
69935,3.6486919919816,0.0026887168058,0.0493971823466,0.0704229053687,0.0000084632057,15.1439384097487
69957,3.6486233134216,0.0026418827856,0.0494295743125,0.0704134304080,0.0000082939416,15.1439384097487
70012,3.6485882017837,0.0027031234595,0.0492289486852,0.0703675275740,0.0000082939416,15.1439384097487
70074,3.6485426005301,0.0026818302601,0.0492327426113,0.0703591116361,0.0000081280627,15.1439384097487
70166,3.6486242453310,0.0026703875757,0.0492332028859,0.0703555272807,0.0000081280627,15.1439384097487
70181,3.6486727856782,0.0027172215959,0.0491727613943,0.0703546995993,0.0000081280627,15.1439384097487
70314,3.6486437653484,0.0027217777346,0.0490644056363,0.0703175431095,0.0000079655015,15.1439384097487
70668,3.6480430049215,0.0026733515450,0.0490981501597,0.0703003399239,0.0000074970663,15.1439384097487
70704,3.6481239018579,0.0027201855652,0.0490319911976,0.0702979281323,0.0000074970663,15.1439384097487
70735,3.6481218576216,0.0026932398890,0.0490348851832,0.0702873846259,0.0000073471249,15.1439384097487
70815,3.6483319217764,0.0026932398890,0.0490106468549,0.0702817004738,0.0000073471249,15.1439384097487
70821,3.6483235360989,0.0027218989378,0.0489737625560,0.0702806913026,0.0000073471249,15.1439384097487
70822,3.6483099770044,0.0026750649175,0.0490146861076,0.0702750432735,0.0000073471249,15.1439384097487
70973,3.6482233840665,0.0026471936896,0.0490365591204,0.0702696849675,0.0000070561788,15.1439384097487
70983,3.6480710980322,0.0026269968283,0.0489441458209,0.0702258695828,0.0000070561788,15.1439384097487
71047,3.6481370049722,0.0026338833740,0.0489050143182,0.0702157780017,0.0000070561788,15.1439384097487
71074,3.6481170205040,0.0027018563351,0.0488224469964,0.0702151381626,0.0000069150552,15.1439384097487
71077,3.6481228152942,0.0025864157916,0.0489370045130,0.0702066590386,0.0000069150552,15.1439384097487
71079,3.6481459907370,0.0025395817714,0.0489608262492,0.0701954230096,0.0000069150552,15.1439384097487
71104,3.6481178924452,0.0025488317796,0.0489197196160,0.0701843087694,0.0000069150552,15.1439384097487
71109,3.6481928362408,0.0025580652601,0.0488616633366,0.0701685920396,0.0000069150552,15.1439384097487
71140,3.6481467114822,0.0025580652601,0.0488563137901,0.0701660288250,0.0000069150552,15.1439384097487
71184,3.6483421045849,0.0026230742519,0.0487455234850,0.0701570866547,0.0000069150552,15.1439384097487
71185,3.6483245068084,0.0025762402316,0.0487765676645,0.0701478531313,0.0000069150552,15.1439384097487
71220,3.6483909277586,0.0025762402316,0.0487499270162,0.0701392784661,0.0000069150552,15.1439384097487
71222,3.6484702240484,0.0025294062114,0.0487476436494,0.0701195132922,0.0000069150552,15.1439384097487
71386,3.6481871014133,0.0024651850405,0.0486852652623,0.0700657057715,0.0000067767541,15.1439384097487
71387,3.6482202654496,0.0024305815255,0.0486723884554,0.0700467461029,0.0000067767541,15.1439384097487
71476,3.6483059505318,0.0024774155457,0.0486079781591,0.0700450265868,0.0000065083946,15.1439384097487
71630,3.6482727377587,0.0024774155457,0.0486079781591,0.0700445566283,0.0000063782268,15.1439384097487
71756,3.6481754695915,0.0024416826372,0.0486331924997,0.0700368713082,0.0000062506622,15.1439384097487
71838,3.6481112423648,0.0024811508081,0.0485546426261,0.0700248239014,0.0000062506622,15.1439384097487
71889,3.6481576569066,0.0024955574618,0.0484965264007,0.0700108991494,0.0000062506622,15.1439384097487
71902,3.6481278617632,0.0024955574618,0.0484720768353,0.0700017455625,0.0000062506622,15.1439384097487
71917,3.6480781508115,0.0025276763111,0.0483955870726,0.0699874896046,0.0000060031360,15.1439384097487
72356,3.6480110112707,0.0025349044295,0.0483559251828,0.0699754723889,0.0000057654118,15.1439384097487
72424,3.6479940235348,0.0025381934438,0.0483269567099,0.0699662957080,0.0000056501036,15.1439384097487
72426,3.6479933223878,0.0025850274640,0.0482501659559,0.0699589322404,0.0000056501036,15.1439384097487
72437,3.6479992546005,0.0025670067511,0.0482374511298,0.0699467520089,0.0000056501036,15.1439384097487
72442,3.6479930170259,0.0025394440405,0.0482258042439,0.0699306915553,0.0000055371015,15.1439384097487
72465,3.6480269247263,0.0025283264010,0.0482017116170,0.0699178021347,0.0000055371015,15.1439384097487
72488,3.6480281904032,0.0024921307166,0.0482359133970,0.0699145225292,0.0000055371015,15.1439384097487
72495,3.6480038387566,0.0025002843868,0.0481585944989,0.0698900584929,0.0000055371015,15.1439384097487
72688,3.6480761645264,0.0025281556147,0.0481194530682,0.0698890476273,0.0000054263595,15.1439384097487
72707,3.6481005215779,0.0025475811829,0.0480842501493,0.0698851450504,0.0000054263595,15.1439384097487
72752,3.6481468347308,0.0025366178021,0.0480669322790,0.0698749168330,0.0000054263595,15.1439384097487
72758,3.6481798683954,0.0025590238673,0.0480373704211,0.0698744290501,0.0000054263595,15.1439384097487
72762,3.6480993044015,0.0025648140749,0.0480007935056,0.0698627074084,0.0000053178323,15.1439384097487
72837,3.6480908041895,0.0024047321874,0.0481475003970,0.0698463759262,0.0000053178323,15.1439384097487
72848,3.6480128134655,0.0024047321874,0.0480881385788,0.0698240717133,0.0000053178323,15.1439384097487
72849,3.6480543664731,0.0024047321874,0.0480600168788,0.0698146162212,0.0000053178323,15.1439384097487
72874,3.6480851411278,0.0023301646702,0.0480852209882,0.0697920956408,0.0000052114756,15.1439384097487
72904,3.6479291700440,0.0022833306500,0.0481399852339,0.0697893755966,0.0000052114756,15.1439384097487
72927,3.6479670602124,0.0022833306500,0.0481149473424,0.0697809696359,0.0000052114756,15.1439384097487
72968,3.6479083174018,0.0023254708006,0.0480489840986,0.0697746401923,0.0000051072461,15.1439384097487
72984,3.6478175250238,0.0023723048209,0.0479713642092,0.0697657058201,0.0000051072461,15.1439384097487
73007,3.6477766068044,0.0023723048209,0.0479061217756,0.0697418259609,0.0000051072461,15.1439384097487
73016,3.6478957063616,0.0024191388411,0.0478138673214,0.0697306349152,0.0000051072461,15.1439384097487
73090,3.6478240849880,0.0024653558268,0.0477323886143,0.0697203292189,0.0000051072461,15.1439384097487
73115,3.6478960926355,0.0024540674011,0.0477285083633,0.0697151244216,0.0000050051012,15.1439384097487
73143,3.6479707595837,0.0024618960262,0.0477088756437,0.0697125243935,0.0000050051012,15.1439384097487
73209,3.6480132781623,0.0025029233111,0.0476182956643,0.0696983591580,0.0000050051012,15.1439384097487
73212,3.6479853623591,0.0025029233111,0.0475870085136,0.0696867901688,0.0000050051012,15.1439384097487
73290,3.6479022873851,0.0024678404925,0.0475596176913,0.0696607967333,0.0000049049992,15.1439384097487
73291,3.6478705447798,0.0024678404925,0.0475254046035,0.0696481286176,0.0000048068992,15.1439384097487
73433,3.6478051065984,0.0024073711117,0.0475897676797,0.0696442740358,0.0000048068992,15.1439384097487
73444,3.6478734213928,0.0024073711117,0.0475553372323,0.0696329440972,0.0000047107612,15.1439384097487
73445,3.6477568611400,0.0023898297024,0.0475690272125,0.0696286663092,0.0000047107612,15.1439384097487
73452,3.6477024134210,0.0023932895030,0.0475076229097,0.0696074485412,0.0000047107612,15.1439384097487
73534,3.6476753118981,0.0024401235233,0.0474164779942,0.0695945850238,0.0000047107612,15.1439384097487
73560,3.6476744240350,0.0023932895030,0.0474475221737,0.0695855879446,0.0000047107612,15.1439384097487
73656,3.6478010596685,0.0025337915637,0.0472316384322,0.0695704936630,0.0000046165460,15.1439384097487
73663,3.6476334086821,0.0025806255840,0.0471266007876,0.0695506796912,0.0000046165460,15.1439384097487
73710,3.6475843580198,0.0025806255840,0.0470914860050,0.0695374446339,0.0000045242151,15.1439384097487
73718,3.6475372232559,0.0025771657834,0.0470933992720,0.0695359782181,0.0000045242151,15.1439384097487
73755,3.6474554575380,0.0026081882946,0.0470148394895,0.0695200595354,0.0000045242151,15.1439384097487
74028,3.6473908962130,0.0025306568081,0.0470989262672,0.0695159492091,0.0000043450561,15.1439384097487
74041,3.6473153629864,0.0025774908283,0.0470431886840,0.0695150458622,0.0000043450561,15.1439384097487
74042,3.6473140491960,0.0025341166087,0.0470472349652,0.0694978834213,0.0000043450561,15.1439384097487
74078,3.6473184743722,0.0025605829812,0.0469855884614,0.0694872721599,0.0000043450561,15.1439384097487
74225,3.6474265770073,0.0025904926267,0.0469266164808,0.0694805588027,0.0000041729919,15.1439384097487
74239,3.6474010822125,0.0026367096124,0.0468409232632,0.0694694006121,0.0000041729919,15.1439384097487
74266,3.6473487973383,0.0026367096124,0.0468207888575,0.0694614699255,0.0000041729919,15.1439384097487
74275,3.6472508792066,0.0026315364393,0.0467837190868,0.0694446281125,0.0000041729919,15.1439384097487
74338,3.6472963601247,0.0025798542908,0.0467889788051,0.0694250006431,0.0000040895321,15.1439384097487
74498,3.6472213455580,0.0025190763928,0.0468282315684,0.0694119103654,0.0000040077414,15.1439384097487
74684,3.6471736405153,0.0024639509715,0.0468740848301,0.0694039863266,0.0000039275866,15.1439384097487
74724,3.6473065634785,0.0024841478328,0.0467439589860,0.0693680494596,0.0000038490349,15.1439384097487
74748,3.6474290338981,0.0024556430427,0.0467546699214,0.0693613914032,0.0000038490349,15.1439384097487
74813,3.6474450011242,0.0025024770630,0.0466870750767,0.0693575480454,0.0000037720542,15.1439384097487
74839,3.6473689029752,0.0025024770630,0.0466479878209,0.0693425115275,0.0000037720542,15.1439384097487
75062,3.6474780526250,0.0024855526882,0.0466136639754,0.0693245441680,0.0000036966131,15.1439384097487
75151,3.6474528120259,0.0024164668613,0.0466776148814,0.0693174184130,0.0000036226808,15.1439384097487
75156,3.6473490419711,0.0024164668613,0.0466761217550,0.0693154168143,0.0000036226808,15.1439384097487
75245,3.6473180075431,0.0024164668613,0.0466390504181,0.0693017379160,0.0000035502272,15.1439384097487
75389,3.6472252816353,0.0024164668613,0.0466376138585,0.0692999127936,0.0000034792227,15.1439384097487
75392,3.6471560107310,0.0024502990832,0.0465576967965,0.0692848903308,0.0000034792227,15.1439384097487
75462,3.6471224481055,0.0024502990832,0.0464925428532,0.0692611461564,0.0000034792227,15.1439384097487
75477,3.6470374695360,0.0024034650630,0.0464903338222,0.0692390830527,0.0000034792227,15.1439384097487
75493,3.6470819389510,0.0024216235068,0.0463986764997,0.0692147597241,0.0000034096382,15.1439384097487
75526,3.6469930775370,0.0023628840263,0.0463616627946,0.0691751090976,0.0000034096382,15.1439384097487
75527,3.6469347036749,0.0023628840263,0.0463007316987,0.0691525220057,0.0000034096382,15.1439384097487
75623,3.6468441952264,0.0023852900915,0.0461861233501,0.0691199123635,0.0000034096382,15.1439384097487
75652,3.6467780421766,0.0024585904843,0.0460863362494,0.0691147525061,0.0000033414455,15.1439384097487
75765,3.6467888250632,0.0024117564641,0.0461239544529,0.0691082684330,0.0000032746166,15.1439384097487
75854,3.6466310935274,0.0024040820975,0.0461317867260,0.0691055447684,0.0000032091242,15.1439384097487
75870,3.6467899965949,0.0023607078778,0.0461588797311,0.0690988803581,0.0000032091242,15.1439384097487
75883,3.6467028916678,0.0024017516904,0.0460720527619,0.0690842284028,0.0000032091242,15.1439384097487
75986,3.6468534613183,0.0024017516904,0.0460652103571,0.0690839152373,0.0000032091242,15.1439384097487
76019,3.6467689957190,0.0024008096110,0.0460617572773,0.0690810830636,0.0000031449417,15.1439384097487
76102,3.6468853287900,0.0024946319101,0.0459334484192,0.0690771141333,0.0000031449417,15.1439384097487
76121,3.6469390543268,0.0025079587534,0.0458898444013,0.0690680129868,0.0000030820429,15.1439384097487
76139,3.6468560632270,0.0025547927736,0.0458082321494,0.0690577631584,0.0000030820429,15.1439384097487
76176,3.6468039697174,0.0025547927736,0.0457812823969,0.0690474011271,0.0000030204020,15.1439384097487
76230,3.6467201653406,0.0026016267938,0.0456994060729,0.0690370454795,0.0000030204020,15.1439384097487
76275,3.6467239452859,0.0025547927736,0.0457493230277,0.0690348547264,0.0000030204020,15.1439384097487
76297,3.6465643296095,0.0025547927736,0.0457260233674,0.0690242748680,0.0000030204020,15.1439384097487
76454,3.6466440308521,0.0025154788613,0.0457663967564,0.0690229728832,0.0000029599940,15.1439384097487
76461,3.6465124858159,0.0025029398388,0.0456643303891,0.0689792853889,0.0000029599940,15.1439384097487
76471,3.6465346327730,0.0025364470158,0.0456167194413,0.0689769550756,0.0000029599940,15.1439384097487
76479,3.6465492482336,0.0024896129955,0.0456040655405,0.0689525709102,0.0000029599940,15.1439384097487
76645,3.6466083821514,0.0025347336432,0.0455428522461,0.0689508831807,0.0000028427782,15.1439384097487
76646,3.6465979065837,0.0025405238508,0.0454999359816,0.0689378892324,0.0000028427782,15.1439384097487
76656,3.6466440225868,0.0025873578711,0.0454381939686,0.0689365627748,0.0000028427782,15.1439384097487
76753,3.6466152397763,0.0025873578711,0.0453557156620,0.0689066989619,0.0000027859227,15.1439384097487
76800,3.6466889933097,0.0026341918913,0.0452942570883,0.0689058648018,0.0000027859227,15.1439384097487
76852,3.6465866735132,0.0025405238508,0.0453347337560,0.0688787294904,0.0000027302042,15.1439384097487
76857,3.6465982072948,0.0025138866919,0.0453446943939,0.0688710341380,0.0000027302042,15.1439384097487
76886,3.6465858772199,0.0025074629221,0.0453427008688,0.0688673946508,0.0000027302042,15.1439384097487
76967,3.6464666701355,0.0024719173276,0.0453436305758,0.0688508060906,0.0000027302042,15.1439384097487
76999,3.6465071625927,0.0024985544865,0.0452848664272,0.0688418077854,0.0000027302042,15.1439384097487
77087,3.6464329547890,0.0025453885067,0.0452230874950,0.0688387655686,0.0000026220881,15.1439384097487
77106,3.6464508949112,0.0025471018793,0.0452008031140,0.0688317950151,0.0000026220881,15.1439384097487
77444,3.6463343834182,0.0025471018793,0.0451555257258,0.0688139758895,0.0000025182534,15.1439384097487
77452,3.6462854646453,0.0025939358995,0.0450898167070,0.0688098879084,0.0000025182534,15.1439384097487
77461,3.6461579793361,0.0025471018793,0.0451446039865,0.0688075791624,0.0000025182534,15.1439384097487
77499,3.6461799748866,0.0025558725840,0.0451232460422,0.0688040214341,0.0000025182534,15.1439384097487
77504,3.6462291066820,0.0024513954213,0.0451631145637,0.0687741794766,0.0000025182534,15.1439384097487
77509,3.6462219661372,0.0024178882444,0.0451945211925,0.0687709348728,0.0000024678884,15.1439384097487
77547,3.6462143065364,0.0024178882444,0.0451905911059,0.0687694228876,0.0000024185306,15.1439384097487
77622,3.6461279153776,0.0024236784520,0.0451561892659,0.0687583956046,0.0000024185306,15.1439384097487
77632,3.6461049547533,0.0024236784520,0.0451378170863,0.0687515092206,0.0000024185306,15.1439384097487
77635,3.6460742270432,0.0024122357676,0.0451373154484,0.0687459912616,0.0000024185306,15.1439384097487
77702,3.6460913908127,0.0023654017474,0.0451869322760,0.0687438827004,0.0000023701600,15.1439384097487
77796,3.6462040136435,0.0023997132729,0.0451209509902,0.0687366165005,0.0000023701600,15.1439384097487
77800,3.6462285202647,0.0024465472931,0.0450281637956,0.0687238967067,0.0000023701600,15.1439384097487
77805,3.6462552894035,0.0024474893726,0.0449806338381,0.0687077042517,0.0000023701600,15.1439384097487
77840,3.6462153775989,0.0024238327107,0.0450086320450,0.0687070002926,0.0000023701600,15.1439384097487
77869,3.6463106311307,0.0023987711934,0.0450073918077,0.0686971645315,0.0000023227568,15.1439384097487
77912,3.6463991835639,0.0024264881627,0.0449232736900,0.0686802540588,0.0000023227568,15.1439384097487
77946,3.6463521625261,0.0024264881627,0.0449202238768,0.0686784994952,0.0000023227568,15.1439384097487
77999,3.6463657795345,0.0024599953396,0.0448699169244,0.0686750856249,0.0000022763017,15.1439384097487
78035,3.6463453275726,0.0025068293599,0.0447820931036,0.0686635023037,0.0000022307756,15.1439384097487
78102,3.6462305531090,0.0025068293599,0.0447820931036,0.0686618782528,0.0000022307756,15.1439384097487
78128,3.6460915612061,0.0024509161177,0.0448442353778,0.0686581423780,0.0000022307756,15.1439384097487
78144,3.6462157892858,0.0025068293599,0.0447624603841,0.0686546576601,0.0000022307756,15.1439384097487
78219,3.6462055746702,0.0024836520015,0.0447434194815,0.0686377796481,0.0000021861601,15.1439384097487
78237,3.6461670038108,0.0024836520015,0.0447111353056,0.0686257038102,0.0000021861601,15.1439384097487
78248,3.6461324297293,0.0024405862991,0.0447198285380,0.0686098625855,0.0000021861601,15.1439384097487
78255,3.6461418230135,0.0024643972197,0.0446582272506,0.0685981997203,0.0000021861601,15.1439384097487
78270,3.6461296203925,0.0024405862991,0.0446852792419,0.0685974837992,0.0000021861601,15.1439384097487
78305,3.6459519151636,0.0024405862991,0.0446307630106,0.0685754991996,0.0000021861601,15.1439384097487
78519,3.6459510754921,0.0023937522789,0.0446620886491,0.0685666033233,0.0000020995882,15.1439384097487
78581,3.6460329817147,0.0024405862991,0.0445963242513,0.0685643467289,0.0000020575964,15.1439384097487
78607,3.6459582336606,0.0024857069468,0.0445349817394,0.0685607184294,0.0000020575964,15.1439384097487
78669,3.6459719861849,0.0024405862991,0.0445617860419,0.0685511485715,0.0000020575964,15.1439384097487
78670,3.6459402379249,0.0024405862991,0.0445573838784,0.0685491271345,0.0000020575964,15.1439384097487
78671,3.6459289323085,0.0024405862991,0.0445378148318,0.0685419782155,0.0000020575964,15.1439384097487
78681,3.6458945954864,0.0024857069468,0.0444764538602,0.0685389151395,0.0000020575964,15.1439384097487
78691,3.6459352514985,0.0025007471627,0.0444494596574,0.0685362954394,0.0000020575964,15.1439384097487
78756,3.6459704109279,0.0024539131424,0.0444755796251,0.0685260497800,0.0000020164445,15.1439384097487
78791,3.6458889700847,0.0024539131424,0.0444221945637,0.0685058313042,0.0000020164445,15.1439384097487
78904,3.6458287814907,0.0024733221829,0.0443896779987,0.0685016847408,0.0000019761156,15.1439384097487
78965,3.6458085281810,0.0024733221829,0.0443697213869,0.0684942707965,0.0000019761156,15.1439384097487
78986,3.6457960104851,0.0024733221829,0.0443697213869,0.0684940936720,0.0000019761156,15.1439384097487
78987,3.6458531638791,0.0025007471627,0.0443082964753,0.0684847184830,0.0000019761156,15.1439384097487
79009,3.6458001838456,0.0024944776514,0.0443077722547,0.0684810946640,0.0000019761156,15.1439384097487
79110,3.6458007271913,0.0025085757879,0.0442807604910,0.0684774973523,0.0000018978614,15.1439384097487
79136,3.6457616910099,0.0024811508081,0.0442210396643,0.0684438625636,0.0000018978614,15.1439384097487
79168,3.6457327246129,0.0024811508081,0.0441937145209,0.0684336937112,0.0000018978614,15.1439384097487
79262,3.6457199033676,0.0024846106087,0.0441661921925,0.0684251656601,0.0000018599042,15.1439384097487
79264,3.6456974279495,0.0024846106087,0.0441418367922,0.0684161492772,0.0000018599042,15.1439384097487
79278,3.6457045271464,0.0025314446289,0.0440798507408,0.0684141835778,0.0000018599042,15.1439384097487
79315,3.6456421804151,0.0025782786492,0.0439903314680,0.0684014019298,0.0000018599042,15.1439384097487
79347,3.6456596883162,0.0025516414903,0.0439379330402,0.0683715200160,0.0000018599042,15.1439384097487
79351,3.6455025607378,0.0025516414903,0.0439402198007,0.0683701133715,0.0000018599042,15.1439384097487
79477,3.6455456740185,0.0025074794498,0.0439470645289,0.0683542413785,0.0000018227061,15.1439384097487
79513,3.6457068326045,0.0025074794498,0.0438665631477,0.0683277712684,0.0000017862520,15.1439384097487
79516,3.6456709771793,0.0024797459528,0.0437725662921,0.0682818078266,0.0000017862520,15.1439384097487
79672,3.6456071003674,0.0025240622519,0.0436828262978,0.0682678466756,0.0000017505269,15.1439384097487
79704,3.6457006270075,0.0024772282317,0.0437199270599,0.0682623486205,0.0000017505269,15.1439384097487
79723,3.6455681864510,0.0024772282317,0.0436206660859,0.0682250242477,0.0000017505269,15.1439384097487
79818,3.6455703562527,0.0024772282317,0.0435949903255,0.0682158850358,0.0000017155164,15.1439384097487
79837,3.6455675519919,0.0024418368958,0.0436344368438,0.0682147656826,0.0000017155164,15.1439384097487
79869,3.6455463547578,0.0024888251747,0.0435464838056,0.0682031917776,0.0000017155164,15.1439384097487
79937,3.6454894019035,0.0024419911545,0.0436044234341,0.0682030069000,0.0000016812061,15.1439384097487
80070,3.6454886342238,0.0024242954865,0.0436100656218,0.0681974272468,0.0000016812061,15.1439384097487
80087,3.6454268919220,0.0024174089408,0.0435757846874,0.0681813590297,0.0000016475820,15.1439384097487
80091,3.6453632435658,0.0024642429610,0.0435105324888,0.0681772257760,0.0000016146303,15.1439384097487
80135,3.6453530640121,0.0024642429610,0.0434239722658,0.0681461673707,0.0000016146303,15.1439384097487
80142,3.6453491715330,0.0024737849588,0.0433923226658,0.0681388982914,0.0000016146303,15.1439384097487
80145,3.6452813068570,0.0023675944236,0.0434052276815,0.0680970367156,0.0000016146303,15.1439384097487
80228,3.6452687020272,0.0023675944236,0.0433826303495,0.0680887878824,0.0000016146303,15.1439384097487
80254,3.6452445930675,0.0023675944236,0.0433429381827,0.0680742709683,0.0000015823377,15.1439384097487
80335,3.6451978005107,0.0023666523441,0.0432920096694,0.0680550163537,0.0000015823377,15.1439384097487
80446,3.6451550644048,0.0023502072729,0.0432831391785,0.0680441957205,0.0000015506910,15.1439384097487
80488,3.6452207043869,0.0023970412931,0.0432171901843,0.0680416430326,0.0000015506910,15.1439384097487
80492,3.6452247152027,0.0023970412931,0.0431819519087,0.0680291146870,0.0000015506910,15.1439384097487
80564,3.6451420591100,0.0023986169348,0.0431156434221,0.0680049387814,0.0000015506910,15.1439384097487
80698,3.6450734284693,0.0024454509550,0.0430366177915,0.0679958159459,0.0000014892836,15.1439384097487
80739,3.6451648358674,0.0024922849753,0.0429745804243,0.0679950248749,0.0000014892836,15.1439384097487
80808,3.6453028007015,0.0025391189955,0.0428969241291,0.0679893143999,0.0000014594979,15.1439384097487
80853,3.6453372725176,0.0024957282481,0.0429193644031,0.0679792205227,0.0000014594979,15.1439384097487
80854,3.6453776965035,0.0024957282481,0.0428908537657,0.0679696101489,0.0000014594979,15.1439384097487
80924,3.6453595321193,0.0025425622684,0.0428074597957,0.0679596412864,0.0000014303080,15.1439384097487
80926,3.6453495740815,0.0025391024678,0.0427453855092,0.0679358482211,0.0000014303080,15.1439384097487
80950,3.6454275934044,0.0025391024678,0.0427112552477,0.0679247628102,0.0000014303080,15.1439384097487
80983,3.6453674218728,0.0024667441544,0.0426210321912,0.0678606781611,0.0000014303080,15.1439384097487
81049,3.6454597978831,0.0024683032684,0.0425305266031,0.0678303300428,0.0000014303080,15.1439384097487
81333,3.6455532144675,0.0024808257632,0.0425011501283,0.0678265270666,0.0000013461944,15.1439384097487
81539,3.6455804123594,0.0024808257632,0.0424727580694,0.0678167718939,0.0000013192705,15.1439384097487
81628,3.6455842839391,0.0024339917429,0.0425124901999,0.0678109450001,0.0000012928851,15.1439384097487
81629,3.6454696014404,0.0024683032684,0.0424744526187,0.0678104423395,0.0000012928851,15.1439384097487
81699,3.6454685783837,0.0024683032684,0.0424741720595,0.0678103276636,0.0000012928851,15.1439384097487
81740,3.6453704549361,0.0024827264498,0.0424400674095,0.0678029403547,0.0000012670274,15.1439384097487
81761,3.6453134552552,0.0024781703111,0.0424363697122,0.0677988605760,0.0000012670274,15.1439384097487
81778,3.6452702201305,0.0024637471297,0.0424475791612,0.0677960708131,0.0000012416869,15.1439384097487
81819,3.6452332454737,0.0024637471297,0.0424355938103,0.0677912671417,0.0000012416869,15.1439384097487
81917,3.6451876463998,0.0024349172947,0.0424647467358,0.0677886780334,0.0000012416869,15.1439384097487
82044,3.6452597222914,0.0024789416043,0.0424017611077,0.0677860705965,0.0000012168531,15.1439384097487
82208,3.6452133164559,0.0024349172947,0.0424023477619,0.0677667559151,0.0000011925161,15.1439384097487
82264,3.6451637761348,0.0024393026470,0.0423972531075,0.0677661148402,0.0000011925161,15.1439384097487
82493,3.6452693555879,0.0024537258284,0.0423631115382,0.0677615967282,0.0000011223866,15.1439384097487
82583,3.6452386657232,0.0024537258284,0.0423005594504,0.0677388224373,0.0000011223866,15.1439384097487
82718,3.6452008898494,0.0024313362909,0.0423128088732,0.0677330671891,0.0000010999388,15.1439384097487
82784,3.6452653834785,0.0023022603869,0.0424389706041,0.0677237192860,0.0000010999388,15.1439384097487
82824,3.6451921759422,0.0023490944071,0.0423411199418,0.0677078084621,0.0000010563813,15.1439384097487
82839,3.6452992303264,0.0023754230488,0.0422785493943,0.0676982603540,0.0000010563813,15.1439384097487
82909,3.6453008764824,0.0023754230488,0.0422102256361,0.0676738823047,0.0000010563813,15.1439384097487
82944,3.6452516780277,0.0024194473583,0.0421471661694,0.0676695324730,0.0000010563813,15.1439384097487
82972,3.6452205560420,0.0024662813786,0.0420283880878,0.0676467430786,0.0000010352536,15.1439384097487
83329,3.6452797520494,0.0024399527369,0.0419656644264,0.0676138956869,0.0000009942576,15.1439384097487
83340,3.6452357045478,0.0024867867572,0.0419030040307,0.0676109654279,0.0000009942576,15.1439384097487
83462,3.6452597923484,0.0024895964678,0.0418751830794,0.0676025743763,0.0000009743724,15.1439384097487
83504,3.6452680847706,0.0024607666327,0.0418533974015,0.0675825554707,0.0000009548850,15.1439384097487
83508,3.6451927598763,0.0024162960750,0.0418918685959,0.0675761705303,0.0000009548850,15.1439384097487
83555,3.6452192968428,0.0024162960750,0.0418798739730,0.0675722622328,0.0000009548850,15.1439384097487
83592,3.6452339225602,0.0024162960750,0.0418637082234,0.0675666957037,0.0000009548850,15.1439384097487
83593,3.6452264052652,0.0025030775697,0.0417207839941,0.0675527370360,0.0000009548850,15.1439384097487
83594,3.6452252082167,0.0025030775697,0.0416920081470,0.0675424430096,0.0000009548850,15.1439384097487
83778,3.6452065842188,0.0025002678591,0.0416952426832,0.0675421305111,0.0000009357873,15.1439384097487
83935,3.6452836668912,0.0025471018793,0.0416040428143,0.0675307215669,0.0000008987301,15.1439384097487
83963,3.6453397024409,0.0025939358995,0.0415407989955,0.0675289991110,0.0000008987301,15.1439384097487
84109,3.6453979023226,0.0025939358995,0.0415174524519,0.0675214845842,0.0000008807555,15.1439384097487
84210,3.6453076845944,0.0026368473433,0.0414510476912,0.0675148826422,0.0000008631404,15.1439384097487
84261,3.6451997290289,0.0024723801035,0.0415983604227,0.0674954808080,0.0000008631404,15.1439384097487
84271,3.6452123182057,0.0024397984783,0.0416365198411,0.0674953237541,0.0000008631404,15.1439384097487
84277,3.6451398184819,0.0023929644581,0.0416628387906,0.0674836257897,0.0000008631404,15.1439384097487
84284,3.6451158317144,0.0024758233763,0.0414686045456,0.0674494279703,0.0000008631404,15.1439384097487
84286,3.6450805965101,0.0025206189790,0.0413766454135,0.0674352849628,0.0000008631404,15.1439384097487
84365,3.6450708521779,0.0025350421604,0.0413474840847,0.0674309136843,0.0000008458776,15.1439384097487
84368,3.6449378774195,0.0025007306350,0.0413847620645,0.0674276407251,0.0000008458776,15.1439384097487
84543,3.6448739835865,0.0024341625293,0.0414162253940,0.0674094443469,0.0000008123808,15.1439384097487
84557,3.6449127443386,0.0024593948328,0.0413758105237,0.0674063727711,0.0000008123808,15.1439384097487
84618,3.6449228633395,0.0024125608126,0.0413781619655,0.0673872840319,0.0000008123808,15.1439384097487
84633,3.6450191939166,0.0024324491567,0.0413114517661,0.0673733456080,0.0000008123808,15.1439384097487
84671,3.6450304548185,0.0024324491567,0.0412701635508,0.0673587591578,0.0000007961332,15.1439384097487
84720,3.6451167577136,0.0024786496147,0.0412038269043,0.0673560888748,0.0000007961332,15.1439384097487
84729,3.6450600363990,0.0024318155945,0.0412472766610,0.0673507323193,0.0000007961332,15.1439384097487
85004,3.6449616720622,0.0024051784356,0.0412765248314,0.0673483703205,0.0000007493142,15.1439384097487
85280,3.6449910600948,0.0024701874273,0.0411845514436,0.0673437995171,0.0000007343279,15.1439384097487
85288,3.6449804346430,0.0024318155945,0.0411828931959,0.0673266118651,0.0000007343279,15.1439384097487
85337,3.6448973752629,0.0024564143358,0.0411484931917,0.0673236931824,0.0000007343279,15.1439384097487
85362,3.6448262360289,0.0024747435660,0.0410838829070,0.0673074668497,0.0000007196414,15.1439384097487
85500,3.6448478181247,0.0024318155945,0.0411139937374,0.0673001284008,0.0000007052486,15.1439384097487
85600,3.6447871805599,0.0024747435660,0.0410493649931,0.0672945863910,0.0000006911436,15.1439384097487
85721,3.6448020226698,0.0024747435660,0.0410377268171,0.0672906399145,0.0000006773207,15.1439384097487
85775,3.6449084348613,0.0024747435660,0.0410030284628,0.0672797533704,0.0000006773207,15.1439384097487
85823,3.6449078480007,0.0024512411627,0.0409392330041,0.0672468885155,0.0000006773207,15.1439384097487
85857,3.6448979688385,0.0024731679243,0.0408444593157,0.0672222981637,0.0000006637743,15.1439384097487
85882,3.6449523099563,0.0024263339041,0.0408469950667,0.0672039009892,0.0000006637743,15.1439384097487
85939,3.6449000148914,0.0023807670083,0.0408656189422,0.0671902837320,0.0000006637743,15.1439384097487
86153,3.6449363445218,0.0023807670083,0.0408140742889,0.0671723889892,0.0000006374888,15.1439384097487
86190,3.6449400955207,0.0023846730570,0.0407960882292,0.0671676924937,0.0000006374888,15.1439384097487
86399,3.6449026678710,0.0024219650795,0.0407325226977,0.0671604432147,0.0000006122443,15.1439384097487
86533,3.6449842493955,0.0024670691994,0.0406660568336,0.0671571901164,0.0000005879994,15.1439384097487
86558,3.6449792103542,0.0024766111972,0.0406367105954,0.0671507274425,0.0000005879994,15.1439384097487
86613,3.6450469329039,0.0024297771769,0.0406775902442,0.0671462138637,0.0000005879994,15.1439384097487
86718,3.6451107078834,0.0024727051484,0.0406128876613,0.0671424059121,0.0000005762394,15.1439384097487
86740,3.6450547555679,0.0024554722564,0.0405479767184,0.0671110461858,0.0000005762394,15.1439384097487
86829,3.6449924188982,0.0024708209895,0.0405243717399,0.0671083118051,0.0000005762394,15.1439384097487
86873,3.6450614174223,0.0024441838306,0.0405530502093,0.0671081145149,0.0000005647146,15.1439384097487
86922,3.6449057856536,0.0024288350975,0.0405766551878,0.0671077646568,0.0000005647146,15.1439384097487
87074,3.6447982677569,0.0024441838306,0.0405530502093,0.0671043909648,0.0000005423519,15.1439384097487
87128,3.6446838709639,0.0024462222482,0.0404303378269,0.0670598200145,0.0000005423519,15.1439384097487
87209,3.6446174429788,0.0024520124558,0.0403872980694,0.0670459902385,0.0000005423519,15.1439384097487
87349,3.6445796198774,0.0024241412279,0.0403909369640,0.0670348098374,0.0000005315049,15.1439384097487
87567,3.6444999483702,0.0023874827677,0.0404283624068,0.0670313379518,0.0000005002482,15.1439384097487
87595,3.6444279113037,0.0024343167879,0.0403628448436,0.0670269912254,0.0000005002482,15.1439384097487
87665,3.6445045040759,0.0023874827677,0.0404160038803,0.0670269886553,0.0000005002482,15.1439384097487
87717,3.6443957817812,0.0024343167879,0.0403142074425,0.0670091660944,0.0000005002482,15.1439384097487
87802,3.6444422368480,0.0024116187331,0.0403323665395,0.0670065810845,0.0000004902432,15.1439384097487
87812,3.6444852771319,0.0023992339693,0.0403454386390,0.0670065509527,0.0000004902432,15.1439384097487
87818,3.6444601956877,0.0023611706537,0.0403743925780,0.0670002238949,0.0000004902432,15.1439384097487
87844,3.6445032352546,0.0023611706537,0.0403723926888,0.0670001186558,0.0000004902432,15.1439384097487
87856,3.6443636878382,0.0023878078126,0.0402785395376,0.0669760410118,0.0000004902432,15.1439384097487
87877,3.6443876179636,0.0023636718471,0.0402772270984,0.0669655669080,0.0000004902432,15.1439384097487
87920,3.6444668789308,0.0023636718471,0.0402625702212,0.0669614538464,0.0000004804383,15.1439384097487
87963,3.6444015243486,0.0023878078126,0.0402213419885,0.0669561486998,0.0000004708296,15.1439384097487
87986,3.6444610442744,0.0024326034153,0.0401275239972,0.0669426825928,0.0000004708296,15.1439384097487
88183,3.6444197920400,0.0024200643928,0.0400244977287,0.0668999299137,0.0000004614130,15.1439384097487
88391,3.6445597139988,0.0024200643928,0.0400010671982,0.0668935417535,0.0000004521847,15.1439384097487
88408,3.6446526645836,0.0024422996717,0.0399344351974,0.0668805892601,0.0000004431410,15.1439384097487
88511,3.6446046525467,0.0024175466717,0.0399634413116,0.0668796607909,0.0000004342782,15.1439384097487
88556,3.6445112910304,0.0023707126515,0.0399985560942,0.0668708090025,0.0000004342782,15.1439384097487
88580,3.6444867451381,0.0023511328247,0.0400004019759,0.0668627295689,0.0000004255926,15.1439384097487
88581,3.6445399332843,0.0023511328247,0.0399722802759,0.0668534387133,0.0000004255926,15.1439384097487
88653,3.6445594823151,0.0023467474723,0.0399737629768,0.0668523654302,0.0000004255926,15.1439384097487
88664,3.6445282238575,0.0023935814926,0.0399085840562,0.0668487166621,0.0000004255926,15.1439384097487
88912,3.6444572252028,0.0024354131260,0.0398423491149,0.0668419845426,0.0000004087392,15.1439384097487
88955,3.6444730538174,0.0024822471462,0.0397639278287,0.0668342726372,0.0000004087392,15.1439384097487
88972,3.6446484850104,0.0024822471462,0.0397404050000,0.0668283539666,0.0000004005644,15.1439384097487
89008,3.6445826838648,0.0024352423396,0.0397797458638,0.0668213282762,0.0000004005644,15.1439384097487
89029,3.6446400949354,0.0024391649161,0.0397404050000,0.0668097714346,0.0000004005644,15.1439384097487
89601,3.6445052288400,0.0024302564805,0.0397335754941,0.0668016060782,0.0000003620785,15.1439384097487
89683,3.6445820235373,0.0023968870345,0.0397686501931,0.0668009182051,0.0000003620785,15.1439384097487
89848,3.6445492676517,0.0024416826372,0.0396729936185,0.0667854897646,0.0000003548369,15.1439384097487
89894,3.6445872705054,0.0024263339041,0.0396610762375,0.0667751932665,0.0000003548369,15.1439384097487
90081,3.6445978319412,0.0023845022707,0.0396906151941,0.0667679644945,0.0000003407854,15.1439384097487
90156,3.6446433245678,0.0024133321057,0.0396296081851,0.0667591756383,0.0000003339697,15.1439384097487
90166,3.6445805667566,0.0024133321057,0.0396181557649,0.0667541974694,0.0000003339697,15.1439384097487
90173,3.6445068884181,0.0023664980855,0.0396613387755,0.0667485057066,0.0000003339697,15.1439384097487
90261,3.6445843732758,0.0023625755090,0.0395946871142,0.0667241168433,0.0000003339697,15.1439384097487
90314,3.6445878150223,0.0024036193216,0.0395417260826,0.0667228410950,0.0000003272903,15.1439384097487
90575,3.6445524776907,0.0024296229183,0.0394772776649,0.0667104681807,0.0000003207445,15.1439384097487
90633,3.6445185564806,0.0024474893726,0.0394104176437,0.0666937666706,0.0000003143296,15.1439384097487
90964,3.6445122998472,0.0024351046087,0.0393625637246,0.0666712796983,0.0000002958445,15.1439384097487
90994,3.6445301482344,0.0024091010120,0.0393723101483,0.0666638687188,0.0000002958445,15.1439384097487
91021,3.6445504821803,0.0023618042159,0.0394252409548,0.0666627902468,0.0000002958445,15.1439384097487
91022,3.6446206020371,0.0023618042159,0.0393900966888,0.0666512309145,0.0000002958445,15.1439384097487
91118,3.6445926513251,0.0023618042159,0.0393878702785,0.0666500402673,0.0000002958445,15.1439384097487
91164,3.6444734046942,0.0023618042159,0.0393865256144,0.0666478726983,0.0000002899276,15.1439384097487
91166,3.6444090870810,0.0024213315173,0.0393088945037,0.0666447489122,0.0000002899276,15.1439384097487
91215,3.6444900986305,0.0023744974970,0.0393497872764,0.0666404280590,0.0000002899276,15.1439384097487
91264,3.6445672300793,0.0024213315173,0.0392830260582,0.0666377478945,0.0000002899276,15.1439384097487
91431,3.6447389589069,0.0023207604033,0.0393365270093,0.0666161834225,0.0000002784465,15.1439384097487
91462,3.6445789727074,0.0023207604033,0.0393378716734,0.0666143998657,0.0000002728775,15.1439384097487
91618,3.6443945114482,0.0023935980203,0.0392454598190,0.0666100016390,0.0000002728775,15.1439384097487
91713,3.6443253902884,0.0024404320405,0.0391781461585,0.0666050547092,0.0000002674200,15.1439384097487
91935,3.6444115782985,0.0023940607961,0.0391111876086,0.0665624871055,0.0000002620716,15.1439384097487
92003,3.6444564696303,0.0023680571995,0.0391225548232,0.0665560376358,0.0000002516935,15.1439384097487
92065,3.6443893554893,0.0024098723052,0.0390550143431,0.0665488871347,0.0000002516935,15.1439384097487
92078,3.6443392264987,0.0024567063254,0.0389488183888,0.0665303224093,0.0000002516935,15.1439384097487
92644,3.6443526172389,0.0023516121282,0.0389843727118,0.0664981694896,0.0000002321541,15.1439384097487
92654,3.6443790785808,0.0023516121282,0.0389464515253,0.0664850006350,0.0000002275110,15.1439384097487
93058,3.6444868182135,0.0023984461485,0.0388810695487,0.0664832461606,0.0000002185016,15.1439384097487
93354,3.6445305841278,0.0024357381709,0.0388161796880,0.0664766727904,0.0000002056519,15.1439384097487
93384,3.6444098418437,0.0024528168044,0.0387914052783,0.0664734357060,0.0000002056519,15.1439384097487
93476,3.6443326513360,0.0024996508246,0.0387234296186,0.0664681381672,0.0000002056519,15.1439384097487
93557,3.6442936942366,0.0025091928224,0.0386905233538,0.0664599241170,0.0000002015389,15.1439384097487
93719,3.6442324299609,0.0024499905660,0.0387595221973,0.0664583272801,0.0000001935580,15.1439384097487
93831,3.6442989174478,0.0024968245862,0.0386573461984,0.0664428483684,0.0000001935580,15.1439384097487
93877,3.6443159905829,0.0024797459528,0.0386469607628,0.0664320614536,0.0000001896868,15.1439384097487
94180,3.6442159056771,0.0024327411462,0.0386860985706,0.0664244781303,0.0000001858931,15.1439384097487
94198,3.6442004765317,0.0024327411462,0.0386765728685,0.0664208577725,0.0000001821752,15.1439384097487
94313,3.6441875450505,0.0024161418164,0.0386734464037,0.0664124441998,0.0000001785317,15.1439384097487
94343,3.6441527906524,0.0024534338389,0.0386085565430,0.0664047597725,0.0000001785317,15.1439384097487
94390,3.6441714662266,0.0024246040038,0.0386360065959,0.0664024719773,0.0000001749611,15.1439384097487
94414,3.6441363118288,0.0024714380240,0.0385708150232,0.0663987635634,0.0000001749611,15.1439384097487
94452,3.6440585633229,0.0024659563336,0.0385762752424,0.0663972642096,0.0000001749611,15.1439384097487
94733,3.6440693203951,0.0024191223134,0.0386094972519,0.0663892097019,0.0000001680326,15.1439384097487
94750,3.6441125189551,0.0024659563336,0.0385440039674,0.0663865022229,0.0000001646720,15.1439384097487
94797,3.6441604824434,0.0025189056065,0.0384423215151,0.0663735582870,0.0000001646720,15.1439384097487
94831,3.6442407809090,0.0025189056065,0.0383755956202,0.0663508638282,0.0000001646720,15.1439384097487
94942,3.6443480048806,0.0025189056065,0.0383401189652,0.0663397108063,0.0000001613785,15.1439384097487
94974,3.6443739187659,0.0025189056065,0.0383101213454,0.0663293640503,0.0000001613785,15.1439384097487
95208,3.6443915846314,0.0025226573966,0.0382992261925,0.0663273308052,0.0000001549879,15.1439384097487
95233,3.6443638314074,0.0024891502196,0.0383291428219,0.0663232623907,0.0000001549879,15.1439384097487
95333,3.6443821052922,0.0024308735150,0.0383749560404,0.0663149070982,0.0000001518882,15.1439384097487
95352,3.6442393027327,0.0024340082706,0.0383291428219,0.0662978680545,0.0000001518882,15.1439384097487
95618,3.6442420142223,0.0024705124723,0.0382297350302,0.0662780482969,0.0000001458734,15.1439384097487
95668,3.6441373610806,0.0024268132077,0.0382842871372,0.0662773221011,0.0000001458734,15.1439384097487
95779,3.6440626973493,0.0024675319753,0.0382187944027,0.0662703262524,0.0000001429559,15.1439384097487
95944,3.6439797068130,0.0024393357024,0.0382516366116,0.0662687971852,0.0000001372949,15.1439384097487
95951,3.6439097224701,0.0024402777819,0.0382326026550,0.0662614128182,0.0000001372949,15.1439384097487
96040,3.6439211843041,0.0024402777819,0.0382301401810,0.0662606955474,0.0000001372949,15.1439384097487
96157,3.6438568391208,0.0024460679895,0.0382185495550,0.0662581270756,0.0000001345490,15.1439384097487
96178,3.6438422241264,0.0024149077474,0.0382142836881,0.0662430423610,0.0000001345490,15.1439384097487
96207,3.6438369447436,0.0024149077474,0.0381709771845,0.0662275010497,0.0000001345490,15.1439384097487
96243,3.6438064731395,0.0024617417676,0.0380877716719,0.0662174253470,0.0000001318580,15.1439384097487
96324,3.6438888834782,0.0024149077474,0.0381234472270,0.0662112609945,0.0000001292208,15.1439384097487
96464,3.6439747681176,0.0024617417676,0.0380579360329,0.0662091511243,0.0000001266364,15.1439384097487
96487,3.6439755880875,0.0025085757879,0.0379879506119,0.0662042396566,0.0000001266364,15.1439384097487
96627,3.6439623366849,0.0025085757879,0.0379640955097,0.0661955324707,0.0000001241037,15.1439384097487
96757,3.6438776669495,0.0024952489446,0.0379283645757,0.0661758618475,0.0000001216216,15.1439384097487
96992,3.6438895194154,0.0024484149243,0.0379625749915,0.0661681758418,0.0000001168054,15.1439384097487
97130,3.6439156604618,0.0024921141889,0.0378624075985,0.0661514999232,0.0000001144693,15.1439384097487
97376,3.6438945391580,0.0024452801687,0.0379097755751,0.0661480464697,0.0000001099363,15.1439384097487
97387,3.6439053841763,0.0024341625293,0.0379067434001,0.0661423523037,0.0000001099363,15.1439384097487
97473,3.6438406576228,0.0024053326942,0.0379326742502,0.0661383418016,0.0000001077376,15.1439384097487
97514,3.6439611568495,0.0024463765068,0.0378781681678,0.0661381706050,0.0000001077376,15.1439384097487
97541,3.6439299251715,0.0024415283786,0.0378663345706,0.0661314246249,0.0000001077376,15.1439384097487
97631,3.6439362929936,0.0024415283786,0.0378647210781,0.0661309384818,0.0000001055828,15.1439384097487
97748,3.6439461028074,0.0024332369775,0.0378613091024,0.0661263052697,0.0000001055828,15.1439384097487
97790,3.6439490385483,0.0024438753134,0.0378140221161,0.0661140178876,0.0000001014018,15.1439384097487
97821,3.6439638144897,0.0024438753134,0.0378102967469,0.0661128964772,0.0000001014018,15.1439384097487
97843,3.6438949546874,0.0024979209243,0.0377139452963,0.0661006732880,0.0000001014018,15.1439384097487
97844,3.6439772758815,0.0024979209243,0.0376468518046,0.0660778761660,0.0000001014018,15.1439384097487
97864,3.6439543241022,0.0025447549445,0.0375452934668,0.0660613522879,0.0000001014018,15.1439384097487
97909,3.6439358753205,0.0025447549445,0.0375411882969,0.0660596251068,0.0000001014018,15.1439384097487
97971,3.6438279019654,0.0025843773741,0.0374755663450,0.0660516419209,0.0000000993737,15.1439384097487
98242,3.6438317340904,0.0025843773741,0.0374740763456,0.0660511640025,0.0000000973862,15.1439384097487
98395,3.6437786484475,0.0025607207122,0.0375020745525,0.0660502736345,0.0000000935298,15.1439384097487
98492,3.6437406198193,0.0025607207122,0.0374901571716,0.0660454793245,0.0000000916592,15.1439384097487
98545,3.6437234147010,0.0024968245862,0.0374985160022,0.0660208371158,0.0000000916592,15.1439384097487
