0,3.12456,0.555358,0.320124,0.396553,100000.000000
1,3.1246335134548,0.5552407902202,0.3201161117391,0.3965008763838,100000.0000000000000,15.1439384097487
2,3.1246638009299,0.5551231570006,0.3200611293123,0.3964312541315,100000.0000000000000,15.1439384097487
3,3.1246801790643,0.5550763229804,0.3200420193350,0.3964045891662,100000.0000000000000,15.1439384097487
4,3.1247515773139,0.5550294889601,0.3200683512327,0.3963949319729,100000.0000000000000,15.1439384097487
5,3.1248233180591,0.5550294889601,0.3193955637020,0.3961556658387,100000.0000000000000,15.1439384097487
6,3.1246626704619,0.5549826549399,0.3193939418493,0.3961327417298,100000.0000000000000,15.1439384097487
7,3.1246930237214,0.5548650217203,0.3192679981670,0.3960377771029,100000.0000000000000,15.1439384097487
8,3.1247851226987,0.5548650217203,0.3179711577615,0.3955759230096,100000.0000000000000,15.1439384097487
9,3.1249196023098,0.5548181877000,0.3180030582107,0.3955691471817,100000.0000000000000,15.1439384097487
10,3.1249078522293,0.5548181877000,0.3179972932127,0.3955669219910,100000.0000000000000,15.1439384097487
11,3.1250637642154,0.5548181877000,0.3179651309340,0.3955576416070,100000.0000000000000,15.1439384097487
12,3.1250725859323,0.5548181877000,0.3179509399578,0.3955526982280,100000.0000000000000,15.1439384097487
13,3.1251971146381,0.5548181877000,0.3179241160581,0.3955448803366,100000.0000000000000,15.1439384097487
14,3.1252982892397,0.5547005544804,0.3178880803806,0.3954830278286,100000.0000000000000,15.1439384097487
15,3.1253980916917,0.5546537204602,0.3178553786442,0.3954526891121,100000.0000000000000,15.1439384097487
16,3.1254729527213,0.5546537204602,0.3177786016982,0.3954263280529,100000.0000000000000,15.1439384097487
17,3.1255679940253,0.5546537204602,0.3175300253390,0.3953388956098,100000.0000000000000,15.1439384097487
18,3.1256639032938,0.5545360872406,0.3175771118542,0.3953066550951,100000.0000000000000,15.1439384097487
19,3.1257282559112,0.5544892532203,0.3176020437541,0.3952963982073,100000.0000000000000,15.1439384097487
20,3.1256488650059,0.5544892532203,0.3175616908888,0.3952808630937,100000.0000000000000,15.1439384097487
21,3.1256671262712,0.5544892532203,0.3175598086111,0.3952804492474,100000.0000000000000,15.1439384097487
22,3.1256798282099,0.5543716200007,0.3175180283666,0.3952152932261,100000.0000000000000,15.1439384097487
23,3.1257195746708,0.5543716200007,0.3174062628247,0.3951759393709,100000.0000000000000,15.1439384097487
24,3.1255233626516,0.5543716200007,0.3174006562442,0.3951711606338,100000.0000000000000,15.1439384097487
25,3.1256341438229,0.5543716200007,0.3173856037730,0.3951673522974,100000.0000000000000,15.1439384097487
26,3.1257304009584,0.5543716200007,0.3169475953206,0.3950122827393,100000.0000000000000,15.1439384097487
27,3.1256948650026,0.5542539867811,0.3169655031414,0.3949677613212,100000.0000000000000,15.1439384097487
28,3.1257673794330,0.5542539867811,0.3155361201081,0.3944582934550,100000.0000000000000,15.1439384097487
29,3.1256218052826,0.5542539867811,0.3154959554822,0.3944418890813,100000.0000000000000,15.1439384097487
30,3.1255997636466,0.5541363535615,0.3154776402564,0.3943846218046,100000.0000000000000,15.1439384097487
31,3.1257835911560,0.5541363535615,0.3153408361701,0.3943383643493,100000.0000000000000,15.1439384097487
32,3.1257491390523,0.5541363535615,0.3147892135291,0.3941408687682,100000.0000000000000,15.1439384097487
33,3.1257558643419,0.5541363535615,0.3147852553204,0.3941395502847,100000.0000000000000,15.1439384097487
34,3.1257723924012,0.5540187203419,0.3142510872996,0.3938985956255,100000.0000000000000,15.1439384097487
35,3.1257033005571,0.5539718863216,0.3142133490778,0.3938640683212,100000.0000000000000,15.1439384097487
36,3.1258108189895,0.5539718863216,0.3136473436440,0.3936634449020,100000.0000000000000,15.1439384097487
37,3.1259085759705,0.5538542531020,0.3133826994287,0.3935198981286,100000.0000000000000,15.1439384097487
38,3.1259976292431,0.5538542531020,0.3133336829682,0.3935036523477,100000.0000000000000,15.1439384097487
39,3.1259741855142,0.5537366198824,0.3133368000673,0.3934540196332,100000.0000000000000,15.1439384097487
40,3.1258544383186,0.5536189866628,0.3131916253853,0.3933500628807,100000.0000000000000,15.1439384097487
41,3.1259028847645,0.5535013534431,0.3131980934105,0.3933026441667,100000.0000000000000,15.1439384097487
42,3.1259569265142,0.5535013534431,0.3131252109014,0.3932773793863,100000.0000000000000,15.1439384097487
43,3.1258568655874,0.5535013534431,0.3130238259939,0.3932397546353,100000.0000000000000,15.1439384097487
44,3.1258192662371,0.5534545194229,0.3129992361772,0.3932103688067,100000.0000000000000,15.1439384097487
45,3.1257537485528,0.5533368862033,0.3127206528517,0.3930595334541,100000.0000000000000,15.1439384097487
46,3.1256166345856,0.5533368862033,0.3126670008130,0.3930384318582,100000.0000000000000,15.1439384097487
47,3.1256569571987,0.5533368862033,0.3125779501236,0.3930071986028,100000.0000000000000,15.1439384097487
48,3.1256307427455,0.5533368862033,0.3124978339193,0.3929782147400,100000.0000000000000,15.1439384097487
49,3.1255432682132,0.5532900521830,0.3122863361088,0.3928813703259,100000.0000000000000,15.1439384097487
50,3.1256346585377,0.5531724189634,0.3118406015412,0.3926730583389,100000.0000000000000,15.1439384097487
51,3.1257981853150,0.5531255849432,0.3118792671663,0.3926691096607,100000.0000000000000,15.1439384097487
52,3.1257962717944,0.5531255849432,0.3117664478531,0.3926287899727,100000.0000000000000,15.1439384097487
53,3.1260314842596,0.5531255849432,0.3115797345652,0.3925654348962,100000.0000000000000,15.1439384097487
54,3.1260781329322,0.5531255849432,0.3113197517969,0.3924732439831,100000.0000000000000,15.1439384097487
55,3.1263051814216,0.5530787509230,0.3113192266690,0.3924561974354,100000.0000000000000,15.1439384097487
56,3.1263546213763,0.5530787509230,0.3111783515637,0.3924065844698,100000.0000000000000,15.1439384097487
57,3.1263376352139,0.5529611177033,0.3110890990874,0.3923240539954,100000.0000000000000,15.1439384097487
58,3.1263473340474,0.5529142836831,0.3110713096313,0.3922977661331,100000.0000000000000,15.1439384097487
59,3.1263491649916,0.5528674496629,0.3111072488912,0.3922905557679,100000.0000000000000,15.1439384097487
60,3.1262088277373,0.5529142836831,0.3110452978623,0.3922865163606,100000.0000000000000,15.1439384097487
61,3.1260337311523,0.5529142836831,0.3110026640211,0.3922688123838,100000.0000000000000,15.1439384097487
62,3.1259940956717,0.5529142836831,0.3108597633459,0.3922172155890,100000.0000000000000,15.1439384097487
63,3.1260828410320,0.5529142836831,0.3108417270953,0.3922120298118,100000.0000000000000,15.1439384097487
64,3.1260792674619,0.5528674496629,0.3107599255491,0.3921626926851,100000.0000000000000,15.1439384097487
65,3.1261639876326,0.5528206156426,0.3107214447748,0.3921300766132,100000.0000000000000,15.1439384097487
66,3.1261786824783,0.5527029824230,0.3105804585041,0.3920295180678,100000.0000000000000,15.1439384097487
67,3.1262779071285,0.5526561484028,0.3105757206338,0.3920091582705,100000.0000000000000,15.1439384097487
68,3.1263415158348,0.5526561484028,0.3105173913042,0.3919892264260,100000.0000000000000,15.1439384097487
69,3.1264601177282,0.5526561484028,0.3104689278785,0.3919735962685,100000.0000000000000,15.1439384097487
70,3.1264427937847,0.5525385151832,0.3104896107700,0.3919303236458,100000.0000000000000,15.1439384097487
71,3.1264466887493,0.5524208819635,0.3105188329153,0.3918904010028,100000.0000000000000,15.1439384097487
72,3.1264495355195,0.5524208819635,0.3104931050276,0.3918812527531,100000.0000000000000,15.1439384097487
73,3.1264235608992,0.5524208819635,0.3103439721444,0.3918276234700,100000.0000000000000,15.1439384097487
74,3.1264314901476,0.5524208819635,0.3100616480362,0.3917269056297,100000.0000000000000,15.1439384097487
75,3.1264524463789,0.5524208819635,0.3094645510518,0.3915139532359,100000.0000000000000,15.1439384097487
76,3.1264095090115,0.5523032487439,0.3094916713936,0.3914726172744,100000.0000000000000,15.1439384097487
77,3.1264459412142,0.5523032487439,0.3093530501337,0.3914236251949,100000.0000000000000,15.1439384097487
78,3.1264106828192,0.5523032487439,0.3091789023420,0.3913609306510,100000.0000000000000,15.1439384097487
79,3.1263135969118,0.5522564147237,0.3091781496126,0.3913392163371,100000.0000000000000,15.1439384097487
14611,3.3719184840953,0.1672503574283,0.6674894272492,0.3577802265001,567.3817693396579,15.1439384097487
14612,3.3718768970476,0.1672312569050,0.6673025952384,0.3577047263894,567.3817693396579,15.1439384097487
14636,3.3722865355079,0.1670440750827,0.6674786680554,0.3576931851142,544.9134512738075,15.1439384097487
14637,3.3723348516756,0.1670440750827,0.6673922512541,0.3576630056414,544.9134512738075,15.1439384097487
14640,3.3723312304070,0.1669378680198,0.6673724651801,0.3576103706330,544.9134512738075,15.1439384097487
14641,3.3722929421128,0.1669378680198,0.6672894055514,0.3575801647031,544.9134512738075,15.1439384097487
14647,3.3723900771882,0.1669101345228,0.6672646000692,0.3575607942727,544.9134512738075,15.1439384097487
14700,3.3726212674387,0.1659928631586,0.5662076058014,0.3210791656332,544.9134512738075,15.1439384097487
14701,3.3727883827882,0.1659928631586,0.5661755212206,0.3210700715254,544.9134512738075,15.1439384097487
14729,3.3737570339282,0.1651193241145,0.5664087629868,0.3207927046289,534.0151822483314,15.1439384097487
14730,3.3736821705558,0.1651193241145,0.5660763727806,0.3206729345293,534.0151822483314,15.1439384097487
14731,3.3737094749586,0.1650016908949,0.5661598703898,0.3206527272225,534.0151822483314,15.1439384097487
14732,3.3737753743718,0.1650016908949,0.5659667911623,0.3205847028278,534.0151822483314,15.1439384097487
14733,3.3737496616068,0.1650016908949,0.5657925979643,0.3205221271375,534.0151822483314,15.1439384097487
14734,3.3737739586650,0.1650016908949,0.5657839364931,0.3205193775566,534.0151822483314,15.1439384097487
14735,3.3738423692035,0.1649548568747,0.5657798327639,0.3204988082206,534.0151822483314,15.1439384097487
14736,3.3740149544609,0.1649548568747,0.5655821531864,0.3204306504414,534.0151822483314,15.1439384097487
14738,3.3741407192478,0.1649548568747,0.5652694818167,0.3203207616584,534.0151822483314,15.1439384097487
14739,3.3742191699224,0.1649548568747,0.5652416062998,0.3203119161884,534.0151822483314,15.1439384097487
14740,3.3743693140752,0.1649219667322,0.5648132909066,0.3201469751595,534.0151822483314,15.1439384097487
14743,3.3741155987145,0.1649269691191,0.5646652412709,0.3200926541143,534.0151822483314,15.1439384097487
14745,3.3742052135343,0.1648801350988,0.5647017432052,0.3200868868402,534.0151822483314,15.1439384097487
14746,3.3743124031069,0.1648801350988,0.5645137633272,0.3200212678947,534.0151822483314,15.1439384097487
14747,3.3743901225017,0.1648801350988,0.5644818158724,0.3200109578136,534.0151822483314,15.1439384097487
14748,3.3744936532287,0.1648218749219,0.5645145082659,0.3199991299741,534.0151822483314,15.1439384097487
14749,3.3745557562322,0.1647750409017,0.5645179587113,0.3199811693064,534.0151822483314,15.1439384097487
14750,3.3746607060343,0.1647750409017,0.5644420852478,0.3199555566735,534.0151822483314,15.1439384097487
14797,3.3739902445590,0.1638801921304,0.5648927929338,0.3197235301030,512.8681810312974,15.1439384097487
14800,3.3739315351334,0.1638801921304,0.5647294592091,0.3196643658955,512.8681810312974,15.1439384097487
14801,3.3739330789864,0.1638801921304,0.5646328056716,0.3196298686204,512.8681810312974,15.1439384097487
14802,3.3740001359100,0.1638801921304,0.5645575688422,0.3196039471751,512.8681810312974,15.1439384097487
14803,3.3739850996743,0.1638333581102,0.5646065835873,0.3196011679565,512.8681810312974,15.1439384097487
14804,3.3740405644127,0.1638333581102,0.5642939553756,0.3194902998461,512.8681810312974,15.1439384097487
14805,3.3739334931350,0.1637157248906,0.5643513882606,0.3194588823024,512.8681810312974,15.1439384097487
14806,3.3737775870039,0.1637157248906,0.5643141154081,0.3194433645080,512.8681810312974,15.1439384097487
14807,3.3738184858112,0.1637157248906,0.5640573401635,0.3193522377789,512.8681810312974,15.1439384097487
14808,3.3739730354603,0.1636688908704,0.5640733962157,0.3193400872275,512.8681810312974,15.1439384097487
14810,3.3739973286671,0.1636688908704,0.4702893081484,0.2858461138078,512.8681810312974,15.1439384097487
14816,3.3742000354702,0.1637157248906,0.3871632021392,0.2561811588152,512.8681810312974,15.1439384097487
14817,3.3741700952820,0.1637157248906,0.3867284953845,0.2560254827512,512.8681810312974,15.1439384097487
14818,3.3742284457148,0.1637157248906,0.3866542840881,0.2559998043715,512.8681810312974,15.1439384097487
14822,3.3740799157450,0.1638333581102,0.3864730874963,0.2559834038508,512.8681810312974,15.1439384097487
14823,3.3743673356149,0.1637865240900,0.3864356090571,0.2559540139429,512.8681810312974,15.1439384097487
14826,3.3742633026235,0.1638662482526,0.3863409710817,0.2559529101044,512.8681810312974,15.1439384097487
14827,3.3741602514525,0.1638662482526,0.3863413351700,0.2559515819687,512.8681810312974,15.1439384097487
14834,3.3743927337912,0.1638662482526,0.3861468956660,0.2558854288983,512.8681810312974,15.1439384097487
14854,3.3744137969226,0.1638194142324,0.3861393501124,0.2558629603767,512.8681810312974,15.1439384097487
14855,3.3743793539504,0.1638194142324,0.3859810321455,0.2558059308799,512.8681810312974,15.1439384097487
14856,3.3744647763328,0.1637725802122,0.3859524949373,0.2557768760178,512.8681810312974,15.1439384097487
14900,3.3747363272706,0.1628014340234,0.3150258197881,0.2300335575255,502.6108174106714,15.1439384097487
14901,3.3747810893118,0.1628014340234,0.3148350459434,0.2299660573895,502.6108174106714,15.1439384097487
14902,3.3748541808753,0.1628014340234,0.3144122488392,0.2298160926644,502.6108174106714,15.1439384097487
14903,3.3748238449176,0.1629190672431,0.3141421795327,0.2297696243259,502.6108174106714,15.1439384097487
14907,3.3749141301549,0.1628722332228,0.3135474034184,0.2295384100922,502.6108174106714,15.1439384097487
14909,3.3747547067036,0.1627546000032,0.3136281126893,0.2295145647636,502.6108174106714,15.1439384097487
14919,3.3750618529373,0.1626421399567,0.3136380193734,0.2294742518009,502.6108174106714,15.1439384097487
14922,3.3753822948789,0.1625953059365,0.3134558851123,0.2293936663596,502.6108174106714,15.1439384097487
14930,3.3750829402834,0.1625484719163,0.3134639748684,0.2293722479878,502.6108174106714,15.1439384097487
15151,3.3781359413892,0.1576103944133,0.3122406400771,0.2268622235365,454.3203705541533,15.1439384097487
15205,3.3786754058373,0.1561947189428,0.3138700671337,0.2268450770980,454.3203705541533,15.1439384097487
15207,3.3787020418550,0.1561947189428,0.3138147853169,0.2268257104899,454.3203705541533,15.1439384097487
15208,3.3786808739410,0.1560770857231,0.3138125608006,0.2267742022582,454.3203705541533,15.1439384097487
15209,3.3785972975931,0.1560770857231,0.3138125608006,0.2267730196585,454.3203705541533,15.1439384097487
22773,3.4732354605550,0.0478076731237,0.3778011667884,0.2045640400651,30.9335865805711,15.1439384097487
22774,3.4732931749173,0.0478076731237,0.3776136550062,0.2044978882258,30.9335865805711,15.1439384097487
22775,3.4733830019729,0.0476900399041,0.3776296361318,0.2044544525805,30.9335865805711,15.1439384097487
22776,3.4734748010569,0.0476900399041,0.3773710436504,0.2043633970737,30.9335865805711,15.1439384097487
22777,3.4735973879671,0.0476432058838,0.3769300762968,0.2041875716068,30.9335865805711,15.1439384097487
22778,3.4735086803427,0.0475963718636,0.3769312864326,0.2041666768682,30.9335865805711,15.1439384097487
22779,3.4734880366778,0.0475402878351,0.3769427299253,0.2041464357112,30.9335865805711,15.1439384097487
22780,3.4733247183866,0.0475073976927,0.3769148894622,0.2041200859705,30.9335865805711,15.1439384097487
22781,3.4732918391379,0.0474605636725,0.3766973848836,0.2040218688017,29.7086165519805,15.1439384097487
22782,3.4732550887791,0.0474605636725,0.3766306735873,0.2039975233236,29.7086165519805,15.1439384097487
22783,3.4732668664550,0.0474605636725,0.3764211035550,0.2039228435369,29.7086165519805,15.1439384097487
22788,3.4733322533892,0.0473990144813,0.3759841894250,0.2037413497721,29.7086165519805,15.1439384097487
22793,3.4731586193977,0.0473053464409,0.3761009684140,0.2037404561986,29.7086165519805,15.1439384097487
25513,3.4935055281024,0.0285801674799,0.3738266721199,0.1951910382201,11.2650743289937,15.1439384097487
25514,3.4933887020618,0.0285801674799,0.3737475876654,0.1951611406915,11.2650743289937,15.1439384097487
25517,3.4934061816966,0.0285574528975,0.3737498862970,0.1951524741459,11.2650743289937,15.1439384097487
25518,3.4933890178562,0.0285574528975,0.3729839911734,0.1948786973060,11.2650743289937,15.1439384097487
25519,3.4933575890376,0.0285560480421,0.3729117196897,0.1948518392653,11.2650743289937,15.1439384097487
25520,3.4933235725524,0.0285560480421,0.3728277309892,0.1948213619698,11.2650743289937,15.1439384097487
25521,3.4933720345881,0.0285560480421,0.3728208206317,0.1948195797196,11.2650743289937,15.1439384097487
25522,3.4933574378156,0.0286028820624,0.3724652485276,0.1947124548620,11.2650743289937,15.1439384097487
25540,3.4938146530418,0.0281795082491,0.3724819726536,0.1945434514090,11.2650743289937,15.1439384097487
25541,3.4938139226079,0.0281899923263,0.3723861064064,0.1945136963039,11.2650743289937,15.1439384097487
25542,3.4938560856599,0.0281899923263,0.3722960539653,0.1944821313222,11.2650743289937,15.1439384097487
25543,3.4939450189330,0.0281431583061,0.3722452264620,0.1944451653193,11.2650743289937,15.1439384097487
25544,3.4939621536618,0.0281218651067,0.3721839972520,0.1944144145427,11.2650743289937,15.1439384097487
34007,3.5472994771775,0.0076699922329,0.3667240959624,0.1844540809776,0.5440582691025,15.1439384097487
34008,3.5472529747788,0.0076609130110,0.3666252373483,0.1844142252288,0.5440582691025,15.1439384097487
34009,3.5473236721100,0.0077077470312,0.3663065210150,0.1843214700524,0.5440582691025,15.1439384097487
34012,3.5473779347627,0.0076925525567,0.3663147401385,0.1843186613489,0.5440582691025,15.1439384097487
34019,3.5471872590710,0.0077350012246,0.3659908876731,0.1842184939920,0.5440582691025,15.1439384097487
34021,3.5472697664707,0.0077350012246,0.3659616805794,0.1842092303613,0.5440582691025,15.1439384097487
34022,3.5472760322966,0.0077350012246,0.3659535629647,0.1842064198743,0.5440582691025,15.1439384097487
34023,3.5473800472316,0.0077350012246,0.3659170269129,0.1841948430887,0.5440582691025,15.1439384097487
34025,3.5473211838417,0.0077350012246,0.3659192133949,0.1841947910621,0.5440582691025,15.1439384097487
34040,3.5468013415607,0.0077364226076,0.3659311409368,0.1841923043292,0.5440582691025,15.1439384097487
34064,3.5469791986909,0.0077926443670,0.3658248739909,0.1841809635547,0.5440582691025,15.1439384097487
34065,3.5469709220599,0.0078394783872,0.3657613109485,0.1841782170773,0.5440582691025,15.1439384097487
34066,3.5469106856795,0.0078394783872,0.3657331516977,0.1841673078613,0.5440582691025,15.1439384097487
34072,3.5472669556584,0.0078288235237,0.3645934357278,0.1837607412697,0.5440582691025,15.1439384097487
34073,3.5471569552831,0.0078637520836,0.3642475246462,0.1836506144826,0.5440582691025,15.1439384097487
34079,3.5470203012878,0.0077700840432,0.3643608268039,0.1836490024482,0.5440582691025,15.1439384097487
34081,3.5471669647499,0.0077232500230,0.3643801426398,0.1836379045162,0.5440582691025,15.1439384097487
34357,3.5490249444753,0.0075275233747,0.2948669469495,0.1587541706376,0.4819498724305,15.1439384097487
34358,3.5489076296261,0.0075275233747,0.2946074779880,0.1586598431542,0.4819498724305,15.1439384097487
34359,3.5491056821780,0.0074806893545,0.2946218859200,0.1586477195515,0.4819498724305,15.1439384097487
34361,3.5491240734835,0.0074806893545,0.2945892526428,0.1586363250454,0.4819498724305,15.1439384097487
34362,3.5490862685792,0.0074338553342,0.2941792202325,0.1584692782390,0.4819498724305,15.1439384097487
34363,3.5492162144223,0.0074338553342,0.2938823075849,0.1583650767327,0.4819498724305,15.1439384097487
34364,3.5493280365109,0.0075391203177,0.2937179691296,0.1583530802667,0.4819498724305,15.1439384097487
34369,3.5491041437111,0.0077155095455,0.2934985910207,0.1583471582573,0.4819498724305,15.1439384097487
34370,3.5491099979306,0.0077325716513,0.2933344771475,0.1582959413276,0.4819498724305,15.1439384097487
34373,3.5489620380695,0.0077057967614,0.2928570103534,0.1581118488976,0.4819498724305,15.1439384097487
34383,3.5488561521365,0.0077529392989,0.2924881481877,0.1579988180757,0.4819498724305,15.1439384097487
34384,3.5488013526020,0.0077358771932,0.2923018999011,0.1579242130897,0.4819498724305,15.1439384097487
34386,3.5488572424644,0.0077599966310,0.2921191624521,0.1578700774548,0.4819498724305,15.1439384097487
34387,3.5488053710096,0.0078068306512,0.2920062119943,0.1578490757509,0.4819498724305,15.1439384097487
34396,3.5487353541747,0.0078392745455,0.2919462937645,0.1578405901757,0.4819498724305,15.1439384097487
34398,3.5488982766167,0.0078392745455,0.2919287652527,0.1578366353346,0.4819498724305,15.1439384097487
34399,3.5490483147704,0.0078392745455,0.2919108463667,0.1578323587622,0.4819498724305,15.1439384097487
34402,3.5492228377951,0.0078392745455,0.2918585661270,0.1578161567372,0.4819498724305,15.1439384097487
35779,3.5572659777464,0.0062494355787,0.2920826478068,0.1573286362430,0.2967752546258,15.1439384097487
35780,3.5572900978511,0.0062740343201,0.2919586815927,0.1572952462107,0.2967752546258,15.1439384097487
35782,3.5573454000765,0.0062740343201,0.2917975290337,0.1572384742481,0.2967752546258,15.1439384097487
35808,3.5577872057778,0.0063186591364,0.2913634734167,0.1571088308273,0.2908397495333,15.1439384097487
35809,3.5577171858794,0.0063186591364,0.2912725365733,0.1570753626063,0.2908397495333,15.1439384097487
35810,3.5576609728924,0.0062759019513,0.2911543147820,0.1570140206201,0.2908397495333,15.1439384097487
35882,3.5570145864130,0.0060998212407,0.2911258368546,0.1569192404447,0.2793224954518,15.1439384097487
35883,3.5569397518341,0.0060907420188,0.2910640243499,0.1568922145508,0.2793224954518,15.1439384097487
35885,3.5570435764077,0.0060061532002,0.2910688866131,0.1568591678333,0.2793224954518,15.1439384097487
35894,3.5572623948514,0.0062154160428,0.2908085651460,0.1568589762224,0.2793224954518,15.1439384097487
35895,3.5571567556341,0.0062154160428,0.2904715565959,0.1567371212381,0.2793224954518,15.1439384097487
35896,3.5570245002497,0.0061853521387,0.2902919739266,0.1566582286354,0.2793224954518,15.1439384097487
35909,3.5565553530509,0.0064105972766,0.2900209670268,0.1566513356859,0.2793224954518,15.1439384097487
35910,3.5565554402713,0.0064986128403,0.2898513873857,0.1566284937185,0.2793224954518,15.1439384097487
35933,3.5564638386349,0.0064394105840,0.2282656012277,0.1346069015380,0.2793224954518,15.1439384097487
35934,3.5564206662154,0.0063925765637,0.2281222321273,0.1345350156780,0.2793224954518,15.1439384097487
35935,3.5563263758906,0.0063925765637,0.2273283325987,0.1342501459303,0.2793224954518,15.1439384097487
35936,3.5563505489443,0.0063457425435,0.2272120263178,0.1341888782970,0.2793224954518,15.1439384097487
35938,3.5565901186646,0.0062281093239,0.2272548593567,0.1341571514694,0.2793224954518,15.1439384097487
35939,3.5565324766498,0.0062281093239,0.2272129453511,0.1341413665511,0.2793224954518,15.1439384097487
36003,3.5579293985453,0.0064523958546,0.2268543782587,0.1341291960254,0.2737360455427,15.1439384097487
36022,3.5585376203834,0.0062163415945,0.2270967351094,0.1341231922303,0.2737360455427,15.1439384097487
36023,3.5586040639696,0.0062540963929,0.2267672339864,0.1340226340579,0.2737360455427,15.1439384097487
36024,3.5586668748737,0.0063009304131,0.2266975186445,0.1340186962146,0.2737360455427,15.1439384097487
36026,3.5587929691429,0.0063100096350,0.2266429743207,0.1340048914195,0.2737360455427,15.1439384097487
36027,3.5586953868542,0.0063214357917,0.2266312942727,0.1340042361152,0.2737360455427,15.1439384097487
36033,3.5588280971997,0.0062164793254,0.2266006632561,0.1339501929663,0.2737360455427,15.1439384097487
36040,3.5588433791910,0.0062070915863,0.2265116261534,0.1339145869234,0.2737360455427,15.1439384097487
40487,3.5823501651044,0.0053510278406,0.2243552833489,0.1331101994772,0.0543773506731,15.1439384097487
42031,3.5866372751684,0.0041676713678,0.2247427460716,0.1328020885672,0.0315153466261,15.1439384097487
42040,3.5867492071661,0.0040058595800,0.2247024706095,0.1327199403948,0.0315153466261,15.1439384097487
42045,3.5868344899691,0.0040104157186,0.2246095138420,0.1326899009261,0.0315153466261,15.1439384097487
42046,3.5869261950755,0.0040572497389,0.2245325886652,0.1326837969927,0.0315153466261,15.1439384097487
42085,3.5863103438957,0.0040719483821,0.2242509922526,0.1325808120109,0.0315153466261,15.1439384097487
42086,3.5865627453218,0.0040719483821,0.2242389689732,0.1325800894458,0.0315153466261,15.1439384097487
42088,3.5865476328450,0.0039873595635,0.2240686783905,0.1324828051893,0.0315153466261,15.1439384097487
42089,3.5864986064690,0.0039873595635,0.2239961227476,0.1324561987397,0.0315153466261,15.1439384097487
42092,3.5864382904393,0.0038535897899,0.2239559583878,0.1323836709548,0.0315153466261,15.1439384097487
42109,3.5862616395131,0.0038838244803,0.2239207524278,0.1323815555233,0.0315153466261,15.1439384097487
42110,3.5862338487274,0.0038369904601,0.2236807864429,0.1322753884251,0.0315153466261,15.1439384097487
42111,3.5864088518879,0.0038369904601,0.2236291312023,0.1322594164079,0.0308850396936,15.1439384097487
42112,3.5865115765409,0.0038308752075,0.2235187514119,0.1322188277786,0.0308850396936,15.1439384097487
42149,3.5869097526827,0.0041657541534,0.2226757910489,0.1320669242201,0.0308850396936,15.1439384097487
42150,3.5868310249453,0.0041189201332,0.2227073188692,0.1320569984408,0.0308850396936,15.1439384097487
42159,3.5867995811450,0.0042727490372,0.2224272940354,0.1320224713170,0.0308850396936,15.1439384097487
42160,3.5869359237163,0.0042349942389,0.2223732555845,0.1319889204807,0.0308850396936,15.1439384097487
42162,3.5867986233513,0.0042349942389,0.2223324994565,0.1319724219297,0.0302673388997,15.1439384097487
42164,3.5868051176338,0.0042738453753,0.2222580164262,0.1319625632281,0.0302673388997,15.1439384097487
42166,3.5870195684456,0.0041154933881,0.2223916227222,0.1319454490897,0.0302673388997,15.1439384097487
42167,3.5870094561264,0.0040801020522,0.2221697286821,0.1318508904142,0.0302673388997,15.1439384097487
42168,3.5871409257779,0.0040332680320,0.2221111963040,0.1318117745573,0.0302673388997,15.1439384097487
42169,3.5871117364413,0.0039568328836,0.2221697286821,0.1317995080301,0.0302673388997,15.1439384097487
42192,3.5870150685842,0.0043872640289,0.2215865703648,0.1317743398497,0.0302673388997,15.1439384097487
42216,3.5874987919299,0.0044654290776,0.2214161003843,0.1317538016733,0.0296619921217,15.1439384097487
42218,3.5874088530931,0.0044185950574,0.2214325497902,0.1317383321097,0.0296619921217,15.1439384097487
42220,3.5874748162289,0.0043420056504,0.2213996193908,0.1316946805951,0.0296619921217,15.1439384097487
42222,3.5874588527116,0.0044596388700,0.2212084002320,0.1316765763927,0.0296619921217,15.1439384097487
42223,3.5872610017448,0.0045396715499,0.2210495272261,0.1316513361754,0.0296619921217,15.1439384097487
42224,3.5872677191621,0.0045437318573,0.2210317914140,0.1316468371396,0.0296619921217,15.1439384097487
42228,3.5872356792685,0.0045006661549,0.2209633078926,0.1316034686471,0.0296619921217,15.1439384097487
42252,3.5870042558926,0.0045205544989,0.2209048052532,0.1315878237981,0.0296619921217,15.1439384097487
42706,3.5899842528172,0.0049933461644,0.1713718737364,0.1141422828699,0.0252353260733,15.1439384097487
42707,3.5899570476502,0.0049913077469,0.1708908313884,0.1139692234726,0.0252353260733,15.1439384097487
42708,3.5900197470783,0.0049913077469,0.1708137807488,0.1139425925797,0.0252353260733,15.1439384097487
42888,3.5909347422257,0.0053609444665,0.1415164342166,0.1036506173895,0.0232762612772,15.1439384097487
42889,3.5909958803555,0.0054077784867,0.1411363924815,0.1035358250218,0.0232762612772,15.1439384097487
42890,3.5910588088586,0.0053609444665,0.1410891351665,0.1034997661204,0.0232762612772,15.1439384097487
42892,3.5912745170072,0.0053141104463,0.1410249612079,0.1034598273824,0.0232762612772,15.1439384097487
42903,3.5913910410113,0.0053029928068,0.1399052086442,0.1030567998568,0.0232762612772,15.1439384097487
42904,3.5914053407718,0.0054206260265,0.1397627205133,0.1030565278162,0.0232762612772,15.1439384097487
42923,3.5913394062995,0.0053474468369,0.1389456480061,0.1027324207283,0.0232762612772,15.1439384097487
42924,3.5913231713638,0.0053006128166,0.1383974523692,0.1025163351260,0.0232762612772,15.1439384097487
42930,3.5912897500733,0.0053732961749,0.1382986008488,0.1025117081133,0.0232762612772,15.1439384097487
42931,3.5912594554672,0.0053732961749,0.1380549249027,0.1024242523231,0.0232762612772,15.1439384097487
42934,3.5911877321451,0.0052796281345,0.1377422173335,0.1022714127222,0.0232762612772,15.1439384097487
42935,3.5915104784612,0.0052327941142,0.1377512142052,0.1022591210065,0.0232762612772,15.1439384097487
42936,3.5914948656266,0.0052796281345,0.1376797921095,0.1022534639176,0.0232762612772,15.1439384097487
42937,3.5914501239241,0.0053972613541,0.1373801422474,0.1021962272546,0.0232762612772,15.1439384097487
42938,3.5913523823061,0.0054440953743,0.1372949246153,0.1021844810716,0.0232762612772,15.1439384097487
42939,3.5913942214387,0.0054350161524,0.1372744611728,0.1021738736251,0.0232762612772,15.1439384097487
42940,3.5914073535718,0.0054135521667,0.1372949246153,0.1021721689652,0.0232762612772,15.1439384097487
42941,3.5913768482848,0.0053588895213,0.1373495949345,0.1021678355833,0.0232762612772,15.1439384097487
42942,3.5912868403389,0.0053311725520,0.1373678206377,0.1021611924555,0.0232762612772,15.1439384097487
42943,3.5914023862495,0.0052843385317,0.1369579665558,0.1019963792417,0.0232762612772,15.1439384097487
42944,3.5914432849776,0.0052843385317,0.1368830162753,0.1019701899986,0.0232762612772,15.1439384097487
42945,3.5915063686681,0.0052306014381,0.1368909852378,0.1019508985036,0.0232762612772,15.1439384097487
42948,3.5913704777605,0.0051895576255,0.1368954405685,0.1019329766405,0.0232762612772,15.1439384097487
43109,3.5915193259158,0.0056251619440,0.1363103997214,0.1019128272374,0.0219074309040,15.1439384097487
43110,3.5915548054811,0.0055863273353,0.1361022800380,0.1018223574087,0.0219074309040,15.1439384097487
43111,3.5914979535501,0.0055863273353,0.1357339435454,0.1016900042104,0.0219074309040,15.1439384097487
43112,3.5914754442837,0.0055758267304,0.1356433920255,0.1016528456180,0.0219074309040,15.1439384097487
43113,3.5914127150659,0.0055758267304,0.1356127069710,0.1016409990557,0.0219074309040,15.1439384097487
43122,3.5916196486070,0.0056243906509,0.1345003100457,0.1012674556441,0.0219074309040,15.1439384097487
43123,3.5916934157133,0.0056243906509,0.1342510000602,0.1011794601631,0.0219074309040,15.1439384097487
43124,3.5916321276113,0.0055775566307,0.1339847077618,0.1010634168253,0.0219074309040,15.1439384097487
43125,3.5915359292973,0.0056112345939,0.1338772693951,0.1010381181932,0.0219074309040,15.1439384097487
43127,3.5914777430699,0.0056580686141,0.1334860840874,0.1009176575465,0.0219074309040,15.1439384097487
43128,3.5915149331276,0.0056580686141,0.1333863912121,0.1008825791850,0.0219074309040,15.1439384097487
43187,3.5911230121090,0.0061188721808,0.1313571635782,0.1003497966168,0.0210398966402,15.1439384097487
43188,3.5912816000559,0.0060720381606,0.1313657888825,0.1003350493684,0.0210398966402,15.1439384097487
43260,3.5919844149829,0.0059345496523,0.1310944201719,0.1001891531095,0.0206190987074,15.1439384097487
43266,3.5917866102707,0.0059807666380,0.1309671270215,0.1001606996263,0.0206190987074,15.1439384097487
43267,3.5918652363726,0.0059807666380,0.1308686386725,0.1001266377700,0.0206190987074,15.1439384097487
43269,3.5917839088167,0.0060946315398,0.1305312016702,0.1000537730190,0.0206190987074,15.1439384097487
43270,3.5918300410211,0.0060946315398,0.1303597600488,0.0999931966361,0.0206190987074,15.1439384097487
43305,3.5924517836309,0.0057495770339,0.1304170152602,0.0998745620397,0.0206190987074,15.1439384097487
43306,3.5925039482249,0.0057964110541,0.1303446556632,0.0998695291749,0.0206190987074,15.1439384097487
43307,3.5924361383405,0.0057495770339,0.1298832571974,0.0996837127803,0.0206190987074,15.1439384097487
43317,3.5924785480260,0.0054579345766,0.1291407957295,0.0992941584400,0.0202067167333,15.1439384097487
43318,3.5923870744822,0.0055047685969,0.1290789832248,0.0992908599239,0.0202067167333,15.1439384097487
43319,3.5923925486588,0.0054579345766,0.1289463122690,0.0992234831759,0.0202067167333,15.1439384097487
43320,3.5922464265683,0.0055047685969,0.1288910655162,0.0992217562980,0.0202067167333,15.1439384097487
43328,3.5921681007879,0.0055309099245,0.1288213490760,0.0992069526909,0.0202067167333,15.1439384097487
43329,3.5921875227366,0.0054132767048,0.1288018524897,0.0991498502066,0.0202067167333,15.1439384097487
43330,3.5921598478504,0.0053969858923,0.1288213490760,0.0991494398986,0.0202067167333,15.1439384097487
43332,3.5920988953396,0.0053786731898,0.1287676060429,0.0991215351832,0.0202067167333,15.1439384097487
43343,3.5922657932678,0.0053058190452,0.1288077478863,0.0991070099455,0.0202067167333,15.1439384097487
43344,3.5923092978644,0.0053058190452,0.1280878892678,0.0988505331689,0.0202067167333,15.1439384097487
43345,3.5922695509944,0.0052738544545,0.1279611767806,0.0987910171833,0.0202067167333,15.1439384097487
43348,3.5923341494600,0.0051093872147,0.1281233353339,0.0987793590564,0.0202067167333,15.1439384097487
43349,3.5925330655679,0.0051562212349,0.1280178565238,0.0987645744254,0.0202067167333,15.1439384097487
43350,3.5926222375238,0.0051562212349,0.1279992654626,0.0987591965379,0.0202067167333,15.1439384097487
43351,3.5927416218605,0.0051562212349,0.1279848567005,0.0987557398318,0.0198025823986,15.1439384097487
43352,3.5926276805098,0.0051562212349,0.1279346523951,0.0987361974602,0.0198025823986,15.1439384097487
43353,3.5927733347076,0.0051562212349,0.1278748517818,0.0987169010954,0.0198025823986,15.1439384097487
43354,3.5928304210078,0.0051562212349,0.1278230707648,0.0986992156424,0.0198025823986,15.1439384097487
43362,3.5926500010694,0.0048512519343,0.0969945797743,0.0875557862298,0.0198025823986,15.1439384097487
43364,3.5927874979561,0.0048980859546,0.0969268424754,0.0875536116320,0.0198025823986,15.1439384097487
43365,3.5927816909804,0.0049599601907,0.0968358066607,0.0875475342025,0.0198025823986,15.1439384097487
43370,3.5923988024031,0.0048937171300,0.0968893240078,0.0875328398099,0.0198025823986,15.1439384097487
43371,3.5924498959681,0.0048937171300,0.0967620083022,0.0874880928855,0.0198025823986,15.1439384097487
43372,3.5925464490434,0.0048468831097,0.0967454040968,0.0874634573088,0.0198025823986,15.1439384097487
43373,3.5924877323042,0.0048888690018,0.0966970439823,0.0874633489551,0.0198025823986,15.1439384097487
43395,3.5924508638842,0.0047515016967,0.0968453248916,0.0874569130349,0.0198025823986,15.1439384097487
43569,3.5933579111855,0.0045734156240,0.0949988934405,0.0867339852869,0.0182652714902,15.1439384097487
43570,3.5934154657313,0.0044974432514,0.0950755818415,0.0867296288063,0.0182652714902,15.1439384097487
43571,3.5935229530607,0.0045442772717,0.0948390726797,0.0866667539100,0.0182652714902,15.1439384097487
43572,3.5934597418322,0.0045743411757,0.0946759108034,0.0866204719069,0.0182652714902,15.1439384097487
43573,3.5934403740860,0.0045923618886,0.0945010723070,0.0865654786971,0.0182652714902,15.1439384097487
43575,3.5935399586562,0.0046391959088,0.0942783551277,0.0865074176853,0.0182652714902,15.1439384097487
43577,3.5934552883265,0.0046388873916,0.0941745441127,0.0864690120217,0.0182652714902,15.1439384097487
43641,3.5944654365444,0.0047712192544,0.0937492944001,0.0863881443095,0.0182652714902,15.1439384097487
43642,3.5945348910453,0.0047712192544,0.0937178493908,0.0863778967255,0.0182652714902,15.1439384097487
43643,3.5945716418657,0.0048329392319,0.0935974191245,0.0863618573567,0.0182652714902,15.1439384097487
43670,3.5944670753210,0.0048813323661,0.0934955936368,0.0863447514161,0.0178999660604,15.1439384097487
43672,3.5944350381325,0.0048813323661,0.0934250645560,0.0863191091346,0.0178999660604,15.1439384097487
43674,3.5945557230532,0.0048813323661,0.0934097328430,0.0863153412064,0.0178999660604,15.1439384097487
43676,3.5945804300337,0.0047928209711,0.0929850469802,0.0861260838311,0.0178999660604,15.1439384097487
45062,3.5951157185259,0.0049070109179,0.0750516488551,0.0797778116313,0.0108019981817,15.1439384097487
45086,3.5957878724493,0.0047090034457,0.0751294791810,0.0797302587641,0.0108019981817,15.1439384097487
45087,3.5958316392871,0.0047434692297,0.0748424361733,0.0796431337523,0.0108019981817,15.1439384097487
45088,3.5958502503427,0.0047903032500,0.0742019395825,0.0794347200380,0.0108019981817,15.1439384097487
45089,3.5959732614957,0.0047434692297,0.0741618021795,0.0794020541279,0.0108019981817,15.1439384097487
45090,3.5959923763231,0.0046966352095,0.0740528123372,0.0793433279348,0.0108019981817,15.1439384097487
45091,3.5959711006722,0.0047434692297,0.0737284382516,0.0792472507210,0.0108019981817,15.1439384097487
45092,3.5959621961487,0.0047735331338,0.0736576644487,0.0792347328947,0.0108019981817,15.1439384097487
45093,3.5961344877681,0.0047616276735,0.0731467935201,0.0790496145664,0.0108019981817,15.1439384097487
45094,3.5961083791603,0.0047616276735,0.0731407827502,0.0790470984278,0.0108019981817,15.1439384097487
45099,3.5961549448782,0.0047517606308,0.0731241589509,0.0790375915258,0.0108019981817,15.1439384097487
45100,3.5961025916062,0.0047517606308,0.0730364289286,0.0790055185797,0.0108019981817,15.1439384097487
45101,3.5961108648908,0.0046905199569,0.0729497515866,0.0789484334495,0.0108019981817,15.1439384097487
45102,3.5960612107807,0.0046436859367,0.0729350342071,0.0789224029172,0.0108019981817,15.1439384097487
45106,3.5960598011526,0.0047267156413,0.0715639400184,0.0784682906342,0.0108019981817,15.1439384097487
45107,3.5962551759217,0.0047654125191,0.0712437059338,0.0783732702344,0.0108019981817,15.1439384097487
47820,3.6017504952638,0.0040812479734,0.0691260492266,0.0774015092915,0.0040959602480,15.1439384097487
47823,3.6017078592969,0.0043165144127,0.0687743478003,0.0773761268171,0.0040959602480,15.1439384097487
47824,3.6016031935831,0.0042696803924,0.0687839928143,0.0773580187292,0.0040959602480,15.1439384097487
47826,3.6015095776971,0.0042696803924,0.0686985872698,0.0773261920905,0.0040959602480,15.1439384097487
47827,3.6014976775494,0.0042571578977,0.0686116474422,0.0772896069823,0.0040959602480,15.1439384097487
47828,3.6016110864321,0.0042571578977,0.0680055026042,0.0770747314111,0.0040959602480,15.1439384097487
47829,3.6017277682596,0.0042103238774,0.0678346322541,0.0769952856031,0.0040959602480,15.1439384097487
47830,3.6017151209743,0.0041833782013,0.0674626597088,0.0768507111604,0.0040959602480,15.1439384097487
47831,3.6017820253213,0.0041421801301,0.0674864369950,0.0768424934241,0.0040959602480,15.1439384097487
47869,3.6018190180699,0.0039531306766,0.0676852936384,0.0768330159044,0.0040140410430,15.1439384097487
47871,3.6020209812541,0.0039763080349,0.0676358442864,0.0768281463407,0.0040140410430,15.1439384097487
47872,3.6021759951013,0.0039595379187,0.0676397018438,0.0768245302826,0.0040140410430,15.1439384097487
47873,3.6023315522385,0.0039142630125,0.0676268106189,0.0768027238656,0.0040140410430,15.1439384097487
47886,3.6018062446004,0.0040426888265,0.0672906537774,0.0767302744175,0.0040140410430,15.1439384097487
47895,3.6015588563282,0.0041360483498,0.0670446469646,0.0766789255382,0.0040140410430,15.1439384097487
47948,3.6016771132713,0.0043794684592,0.0666563895481,0.0766462584071,0.0039337602221,15.1439384097487
48241,3.6045618922318,0.0037786421354,0.0670310014388,0.0765633708012,0.0035558076744,15.1439384097487
48393,3.6028190110464,0.0036657193130,0.0670784788250,0.0765072698632,0.0033466977367,15.1439384097487
48394,3.6027414072372,0.0036611797021,0.0670480386136,0.0764933547229,0.0033466977367,15.1439384097487
48417,3.6036721012926,0.0034822892808,0.0670153335693,0.0764181762851,0.0033466977367,15.1439384097487
48418,3.6035446747231,0.0034410912096,0.0668481955999,0.0763390247595,0.0033466977367,15.1439384097487
48420,3.6033247328951,0.0034410912096,0.0666717118431,0.0762728826842,0.0033466977367,15.1439384097487
48421,3.6033507668372,0.0034410912096,0.0666113861941,0.0762517061881,0.0033466977367,15.1439384097487
48429,3.6037859435610,0.0033646560612,0.0665684615165,0.0762097757469,0.0033466977367,15.1439384097487
48431,3.6038182813398,0.0033646560612,0.0663601127272,0.0761358230424,0.0033466977367,15.1439384097487
48466,3.6034050931308,0.0036393906714,0.0657888121198,0.0760436839300,0.0032797637820,15.1439384097487
48467,3.6033725405447,0.0036393906714,0.0657888121198,0.0760432233131,0.0032797637820,15.1439384097487
48470,3.6033105199106,0.0036014816144,0.0657069890432,0.0759968764593,0.0032141685063,15.1439384097487
48471,3.6034387034048,0.0035562067081,0.0657441040614,0.0759925420795,0.0032141685063,15.1439384097487
48480,3.6033768390167,0.0034548643011,0.0657002633929,0.0759325768608,0.0032141685063,15.1439384097487
48481,3.6032835469846,0.0034080302809,0.0654656670104,0.0758274006395,0.0032141685063,15.1439384097487
48482,3.6034181658228,0.0034248003971,0.0653911107373,0.0758098654393,0.0032141685063,15.1439384097487
48487,3.6034918140732,0.0032435630410,0.0654907215588,0.0757688096979,0.0032141685063,15.1439384097487
49011,3.6016359940310,0.0038010151452,0.0644549052786,0.0756115236274,0.0026798057993,15.1439384097487
49045,3.6009693456575,0.0036686832823,0.0645905579761,0.0755938243341,0.0026798057993,15.1439384097487
49046,3.6009223502919,0.0036218492621,0.0645632486539,0.0755633343005,0.0026798057993,15.1439384097487
49341,3.6035928802953,0.0034055125598,0.0647076817224,0.0755599896304,0.0024223321933,15.1439384097487
49343,3.6036110441001,0.0034391905230,0.0645432067257,0.0755159389895,0.0023738855495,15.1439384097487
49759,3.6043336597882,0.0030234910763,0.0650105443752,0.0755149133508,0.0021028884270,15.1439384097487
49760,3.6043488908270,0.0029642722922,0.0650267101248,0.0754955228721,0.0021028884270,15.1439384097487
49762,3.6042822881247,0.0029174382720,0.0649119871047,0.0754335362182,0.0021028884270,15.1439384097487
49763,3.6043422957509,0.0029174382720,0.0648749972674,0.0754211746659,0.0021028884270,15.1439384097487
49766,3.6041972561665,0.0029642722922,0.0647720285987,0.0754024195639,0.0021028884270,15.1439384097487
49784,3.6039747307452,0.0029775991355,0.0647309586218,0.0753903144995,0.0020608306585,15.1439384097487
50221,3.6031652591510,0.0039887974742,0.0633741509078,0.0753276570636,0.0017532785201,15.1439384097487
50239,3.6030852695401,0.0041258562621,0.0628140076709,0.0751852135405,0.0017532785201,15.1439384097487
50313,3.6027485684103,0.0040996818790,0.0628325400638,0.0751758503611,0.0017182129497,15.1439384097487
50314,3.6028749879479,0.0040996818790,0.0628116559549,0.0751701805787,0.0017182129497,15.1439384097487
50337,3.6028979309187,0.0041542067936,0.0627446031861,0.0751699256233,0.0016838486907,15.1439384097487
50338,3.6029200027203,0.0041542067936,0.0627108271498,0.0751581750677,0.0016838486907,15.1439384097487
50679,3.6032580680280,0.0040591008423,0.0627084188945,0.0751213388846,0.0014916245331,15.1439384097487
50680,3.6033179952162,0.0040963928648,0.0625842876948,0.0750938365743,0.0014916245331,15.1439384097487
50681,3.6034150727530,0.0041399378708,0.0625105396847,0.0750875337854,0.0014916245331,15.1439384097487
50682,3.6031471403469,0.0040931038506,0.0623320709025,0.0749999319860,0.0014916245331,15.1439384097487
50742,3.6039866107033,0.0038893392261,0.0622435471589,0.0748928671165,0.0014617920425,15.1439384097487
50743,3.6040748241907,0.0038425052059,0.0621743707127,0.0748493377348,0.0014617920425,15.1439384097487
50747,3.6040170995211,0.0038893392261,0.0621166419544,0.0748479752439,0.0014617920425,15.1439384097487
50749,3.6040286869530,0.0038893392261,0.0621126149458,0.0748467009879,0.0014617920425,15.1439384097487
50751,3.6039694893752,0.0039310000732,0.0620140915152,0.0748285310554,0.0014617920425,15.1439384097487
50752,3.6040179356830,0.0038841660530,0.0620344566998,0.0748164181246,0.0014617920425,15.1439384097487
50928,3.6061572096675,0.0038567906564,0.0618199488465,0.0747583464478,0.0013758269760,15.1439384097487
50930,3.6060520062099,0.0038567906564,0.0617154698834,0.0747195439106,0.0013758269760,15.1439384097487
50931,3.6061823466941,0.0038248260657,0.0617246407423,0.0747109644161,0.0013758269760,15.1439384097487
50934,3.6061735614837,0.0037779920455,0.0617390273750,0.0746959064661,0.0013758269760,15.1439384097487
50945,3.6062160041187,0.0037942663303,0.0616312817250,0.0746650011308,0.0013758269760,15.1439384097487
50962,3.6061082469537,0.0039017239900,0.0614985570210,0.0746621279769,0.0013758269760,15.1439384097487
50963,3.6059844379256,0.0039263227313,0.0614577474429,0.0746563435558,0.0013758269760,15.1439384097487
51223,3.6056273832446,0.0034956877442,0.0618531386119,0.0746079445362,0.0012436386164,15.1439384097487
51276,3.6065213079193,0.0034146964572,0.0618441617897,0.0745826769509,0.0012187658441,15.1439384097487
52421,3.6109707814716,0.0040058265245,0.0607434876564,0.0745058802564,0.0008136577932,15.1439384097487
52422,3.6110091562351,0.0039589925043,0.0606380829051,0.0744487069797,0.0008136577932,15.1439384097487
52423,3.6109986929149,0.0038646909016,0.0607355417339,0.0744429506764,0.0008136577932,15.1439384097487
52942,3.6106411087353,0.0038954214233,0.0607059499596,0.0744404926170,0.0006922299635,15.1439384097487
52945,3.6106803741094,0.0038623604946,0.0607007822776,0.0744250336492,0.0006922299635,15.1439384097487
52947,3.6107495752064,0.0038905567674,0.0606558924778,0.0744220648857,0.0006922299635,15.1439384097487
52950,3.6107079009290,0.0039256561137,0.0605421291762,0.0743958880239,0.0006922299635,15.1439384097487
53077,3.6128008457156,0.0039783299247,0.0603736965588,0.0743879230366,0.0006515213038,15.1439384097487
53078,3.6128887810975,0.0040251639450,0.0601308653466,0.0743225136065,0.0006515213038,15.1439384097487
53079,3.6129321547415,0.0039783299247,0.0601141367987,0.0742970811362,0.0006515213038,15.1439384097487
53109,3.6132825629402,0.0042752998138,0.0597010878414,0.0742817947136,0.0006515213038,15.1439384097487
53114,3.6132463923927,0.0042196950889,0.0597421837757,0.0742721294258,0.0006515213038,15.1439384097487
53115,3.6132372917648,0.0042084066631,0.0596278736958,0.0742263377273,0.0006515213038,15.1439384097487
53122,3.6130383557834,0.0041914822883,0.0596377178165,0.0742197852503,0.0006515213038,15.1439384097487
53771,3.6175913690499,0.0036885881541,0.0599094493202,0.0741657309912,0.0005112596630,15.1439384097487
53773,3.6176409000603,0.0037117655124,0.0597369098286,0.0741147437583,0.0005112596630,15.1439384097487
53776,3.6175823207655,0.0036168468753,0.0598141925955,0.0741008364374,0.0005112596630,15.1439384097487
53777,3.6176766580175,0.0035936695169,0.0597408267343,0.0740660360564,0.0005112596630,15.1439384097487
53824,3.6182429801612,0.0037140959195,0.0592489463963,0.0739499892429,0.0005112596630,15.1439384097487
53825,3.6180970945357,0.0036787045837,0.0592492865666,0.0739328787451,0.0005112596630,15.1439384097487
54399,3.6211724218561,0.0038256138865,0.0589449052237,0.0739306479280,0.0004262615999,15.1439384097487
54402,3.6211405118776,0.0038256138865,0.0589352507497,0.0739267483776,0.0004177363679,15.1439384097487
55770,3.6281785784497,0.0042973808340,0.0579389791514,0.0738727110977,0.0002624835114,15.1439384097487
55848,3.6278528066022,0.0043635026915,0.0577583838250,0.0738319410560,0.0002572338412,15.1439384097487
55862,3.6279723896622,0.0043492502965,0.0575778854695,0.0737630612806,0.0002572338412,15.1439384097487
55863,3.6280023402061,0.0043163601540,0.0576044852674,0.0737588892313,0.0002572338412,15.1439384097487
55869,3.6278706643973,0.0043194949097,0.0575755017185,0.0737480182266,0.0002572338412,15.1439384097487
55870,3.6279184080932,0.0043194949097,0.0574239045939,0.0736945519665,0.0002572338412,15.1439384097487
55876,3.6281550667730,0.0043998526345,0.0571936531245,0.0736501070283,0.0002572338412,15.1439384097487
55881,3.6280084444346,0.0044421305161,0.0570693086661,0.0736217426890,0.0002572338412,15.1439384097487
55884,3.6278336963739,0.0044344726772,0.0570623917115,0.0736135177437,0.0002572338412,15.1439384097487
55885,3.6278776088405,0.0044078355183,0.0568361064627,0.0735219070167,0.0002572338412,15.1439384097487
55888,3.6279332264478,0.0044078355183,0.0568091351229,0.0735130613807,0.0002572338412,15.1439384097487
55892,3.6279764593059,0.0044479372515,0.0567441773913,0.0735076603900,0.0002572338412,15.1439384097487
55895,3.6282391890253,0.0044213000926,0.0567355768626,0.0734968904553,0.0002572338412,15.1439384097487
55896,3.6282307774724,0.0044213000926,0.0566742514608,0.0734748695031,0.0002572338412,15.1439384097487
55907,3.6280750058584,0.0043417467162,0.0566249162408,0.0734209513197,0.0002572338412,15.1439384097487
58254,3.6342493355112,0.0043227508685,0.0563296062424,0.0733947087366,0.0001193765378,15.1439384097487
58255,3.6341555627052,0.0043227508685,0.0563148271610,0.0733881036143,0.0001193765378,15.1439384097487
58258,3.6341478713640,0.0043227508685,0.0560610954033,0.0732973762974,0.0001193765378,15.1439384097487
59215,3.6365194956564,0.0038350181534,0.0565098086395,0.0732821610431,0.0000899671657,15.1439384097487
59217,3.6366211465949,0.0038818521736,0.0563240962276,0.0732373452586,0.0000899671657,15.1439384097487
59314,3.6365378227957,0.0038470613446,0.0563040018103,0.0732140792995,0.0000881678224,15.1439384097487
59317,3.6365060238887,0.0037533933041,0.0563543690062,0.0731914741854,0.0000881678224,15.1439384097487
59325,3.6362538810888,0.0038160553610,0.0560758405044,0.0731152870841,0.0000881678224,15.1439384097487
59359,3.6365344576477,0.0041586252013,0.0555021686992,0.0730611900818,0.0000846763767,15.1439384097487
61016,3.6372624840975,0.0037215829720,0.0559752603656,0.0730531491042,0.0000542920114,15.1439384097487
61018,3.6373403520654,0.0037037330455,0.0559268261431,0.0730293030256,0.0000542920114,15.1439384097487
61026,3.6372823919051,0.0036793050905,0.0559109022131,0.0730123266518,0.0000542920114,15.1439384097487
61052,3.6370716898777,0.0036025448971,0.0559498241932,0.0729903487137,0.0000532061711,15.1439384097487
61059,3.6370392600448,0.0035640188056,0.0559398305443,0.0729698094913,0.0000532061711,15.1439384097487
61063,3.6371989044286,0.0035893888401,0.0558321810993,0.0729444950902,0.0000521420477,15.1439384097487
61828,3.6400548051874,0.0034966463514,0.0557724559112,0.0729238286895,0.0000434733156,15.1439384097487
61838,3.6399736647125,0.0035198237097,0.0556878729569,0.0729024055128,0.0000434733156,15.1439384097487
61916,3.6397749874153,0.0034368601159,0.0557592667204,0.0728895361892,0.0000417517723,15.1439384097487
61917,3.6398414830345,0.0034459393378,0.0556983206046,0.0728726017229,0.0000417517723,15.1439384097487
61918,3.6398587260177,0.0034492283521,0.0556698296301,0.0728640799394,0.0000417517723,15.1439384097487
61922,3.6399638481622,0.0033519627801,0.0556252841125,0.0728079730522,0.0000417517723,15.1439384097487
61991,3.6404142412501,0.0031843607847,0.0556422959129,0.0727485923006,0.0000417517723,15.1439384097487
61997,3.6404214423288,0.0032376020470,0.0555420528371,0.0727357107807,0.0000417517723,15.1439384097487
62000,3.6404820269799,0.0032612587089,0.0554348389397,0.0727084159412,0.0000417517723,15.1439384097487
62002,3.6406322428815,0.0032488904728,0.0554336628464,0.0727048207802,0.0000417517723,15.1439384097487
62023,3.6407812593643,0.0031960954586,0.0554816379150,0.0727014368719,0.0000417517723,15.1439384097487
62099,3.6414703612501,0.0030623422127,0.0555865541117,0.0726913348680,0.0000400984021,15.1439384097487
62101,3.6413516245884,0.0030889793716,0.0554384206913,0.0726481658844,0.0000400984021,15.1439384097487
62332,3.6409777972098,0.0031136993162,0.0554075080806,0.0726424302959,0.0000385105054,15.1439384097487
62339,3.6409897137521,0.0031487821348,0.0552924034882,0.0726165256249,0.0000385105054,15.1439384097487
63071,3.6434736233951,0.0030828641190,0.0551952896556,0.0725887386902,0.0000321080477,15.1439384097487
63086,3.6435220480185,0.0030761153042,0.0551899040502,0.0725846081156,0.0000321080477,15.1439384097487
63095,3.6434830473578,0.0030360300988,0.0551965139116,0.0725692375499,0.0000321080477,15.1439384097487
63300,3.6442271777067,0.0031011768214,0.0549911002487,0.0725343249460,0.0000308365690,15.1439384097487
63625,3.6436747355903,0.0029957575793,0.0551359355292,0.0725330551378,0.0000284426694,15.1439384097487
65802,3.6472114557838,0.0033066878738,0.0546022612924,0.0725257573905,0.0000178718740,15.1439384097487
65827,3.6473315865706,0.0031812425567,0.0547456705785,0.0725249125565,0.0000178718740,15.1439384097487
65895,3.6476046050175,0.0031563022427,0.0547197067529,0.0725088142484,0.0000175144365,15.1439384097487
65903,3.6475724956811,0.0032031362629,0.0545524696758,0.0724687040988,0.0000175144365,15.1439384097487
65962,3.6479150072595,0.0031581864016,0.0545408799739,0.0724501472092,0.0000171641478,15.1439384097487
65975,3.6479545292411,0.0031193352652,0.0545618941847,0.0724415610308,0.0000171641478,15.1439384097487
66001,3.6476554931387,0.0031193352652,0.0545719566164,0.0724409234156,0.0000171641478,15.1439384097487
66012,3.6478084302373,0.0031581864016,0.0544947794860,0.0724321746915,0.0000171641478,15.1439384097487
66040,3.6478657076823,0.0031870162367,0.0544284532896,0.0724216528798,0.0000171641478,15.1439384097487
67493,3.6455883553940,0.0035032409076,0.0540837892678,0.0724018590629,0.0000129356217,15.1439384097487
67628,3.6455562595647,0.0033751070830,0.0542283563486,0.0723981215131,0.0000129356217,15.1439384097487
67700,3.6454782199479,0.0031047578252,0.0545402309226,0.0723925370666,0.0000126769092,15.1439384097487
67714,3.6454639679579,0.0030657524302,0.0543995569308,0.0723253780926,0.0000126769092,15.1439384097487
67733,3.6455235567749,0.0030420957682,0.0543404928727,0.0722949883945,0.0000126769092,15.1439384097487
67744,3.6456844140595,0.0030420957682,0.0543038845151,0.0722841901009,0.0000126769092,15.1439384097487
67745,3.6457375837686,0.0030218989069,0.0542126526325,0.0722437038358,0.0000124233711,15.1439384097487
67821,3.6455920384131,0.0030482110209,0.0541843886291,0.0722428267121,0.0000124233711,15.1439384097487
67826,3.6457110631321,0.0030950450411,0.0541152675168,0.0722398965154,0.0000124233711,15.1439384097487
67829,3.6457527064847,0.0031191644789,0.0540808068000,0.0722385152690,0.0000124233711,15.1439384097487
67835,3.6457635529398,0.0031133907989,0.0539134033380,0.0721764073607,0.0000121749036,15.1439384097487
67843,3.6457876554886,0.0031284144871,0.0538707929013,0.0721679691205,0.0000121749036,15.1439384097487
67883,3.6457987623803,0.0031183766580,0.0538595087140,0.0721597942887,0.0000121749036,15.1439384097487
67897,3.6457800246927,0.0031183766580,0.0538595087140,0.0721595291516,0.0000121749036,15.1439384097487
68040,3.6460628856199,0.0030635928094,0.0538410691844,0.0721334672762,0.0000116927775,15.1439384097487
68050,3.6460401266660,0.0030635928094,0.0538307199051,0.0721294490674,0.0000116927775,15.1439384097487
68051,3.6460842110493,0.0030748812352,0.0538152569598,0.0721293882748,0.0000116927775,15.1439384097487
68094,3.6462313368201,0.0029732303109,0.0538902259018,0.0721146800349,0.0000116927775,15.1439384097487
68214,3.6462529035856,0.0029159122134,0.0539390789471,0.0721078678204,0.0000114589219,15.1439384097487
68273,3.6460476469945,0.0029392273027,0.0538661351065,0.0720889042629,0.0000114589219,15.1439384097487
68305,3.6461479066451,0.0029483065246,0.0538490956411,0.0720881285020,0.0000114589219,15.1439384097487
68315,3.6461125610095,0.0029483065246,0.0538395951878,0.0720842353445,0.0000114589219,15.1439384097487
68316,3.6460312284984,0.0029483065246,0.0536804757253,0.0720262561155,0.0000114589219,15.1439384097487
68442,3.6459480293514,0.0029959283656,0.0536198639546,0.0720238411526,0.0000112297435,15.1439384097487
69174,3.6456880254525,0.0029964076692,0.0536064560857,0.0720155790061,0.0000099477827,15.1439384097487
69178,3.6457118877499,0.0029964076692,0.0535556627171,0.0719977761672,0.0000099477827,15.1439384097487
69208,3.6456988799946,0.0029964076692,0.0535341649228,0.0719899143247,0.0000097488270,15.1439384097487
69393,3.6454378155168,0.0029406321580,0.0536110746368,0.0719897842443,0.0000093627735,15.1439384097487
69402,3.6453501815884,0.0029608290193,0.0535606224536,0.0719791813909,0.0000093627735,15.1439384097487
69428,3.6454050337786,0.0029406321580,0.0535495502434,0.0719673473872,0.0000093627735,15.1439384097487
69664,3.6452056896072,0.0029417284961,0.0535479567544,0.0719644274365,0.0000091755180,15.1439384097487
69694,3.6451449995917,0.0029249583799,0.0535411033764,0.0719539338492,0.0000091755180,15.1439384097487
69812,3.6451809931709,0.0029161876753,0.0535371893569,0.0719492864184,0.0000088121675,15.1439384097487
69899,3.6449978945029,0.0028632384024,0.0536013966712,0.0719469342227,0.0000086359242,15.1439384097487
69937,3.6449978070088,0.0028406780786,0.0535426015696,0.0719162660239,0.0000086359242,15.1439384097487
69952,3.6450643857863,0.0028406780786,0.0535324659543,0.0719135882466,0.0000086359242,15.1439384097487
69992,3.6451716689407,0.0028281555838,0.0534978528097,0.0718973776752,0.0000086359242,15.1439384097487
70280,3.6450665530143,0.0028126691198,0.0535114996364,0.0718941271025,0.0000081280627,15.1439384097487
70283,3.6450306682083,0.0028358464781,0.0534515999497,0.0718821597432,0.0000081280627,15.1439384097487
70284,3.6450333546650,0.0028358464781,0.0533954777299,0.0718621541065,0.0000081280627,15.1439384097487
70324,3.6450369425236,0.0028358464781,0.0533792734109,0.0718564176176,0.0000081280627,15.1439384097487
70419,3.6450580838049,0.0028358464781,0.0533745299620,0.0718550226764,0.0000079655015,15.1439384097487
70448,3.6450748524547,0.0028372513334,0.0533235917774,0.0718376698238,0.0000079655015,15.1439384097487
70706,3.6453991377936,0.0027575271708,0.0533996957831,0.0718352709434,0.0000076500676,15.1439384097487
70926,3.6452074931345,0.0027575271708,0.0534045627251,0.0718342973779,0.0000073471249,15.1439384097487
71011,3.6450275439411,0.0028032648529,0.0533390593205,0.0718279588995,0.0000073471249,15.1439384097487
71043,3.6450896629903,0.0028386561888,0.0532241952808,0.0718029827240,0.0000072001824,15.1439384097487
71730,3.6451348195297,0.0028385019302,0.0531817737074,0.0717884050132,0.0000065083946,15.1439384097487
71947,3.6451348091487,0.0027974746453,0.0532135147643,0.0717821578360,0.0000062506622,15.1439384097487
71984,3.6451326166854,0.0027819716535,0.0532042352995,0.0717721685789,0.0000061256490,15.1439384097487
72036,3.6450894045260,0.0027757021423,0.0531998842788,0.0717673162603,0.0000061256490,15.1439384097487
72063,3.6450832762603,0.0027757021423,0.0531712698113,0.0717570100931,0.0000061256490,15.1439384097487
72274,3.6451381147291,0.0028225361625,0.0531046115762,0.0717540512642,0.0000058830733,15.1439384097487
72291,3.6451949398836,0.0027757021423,0.0531543372401,0.0717525427790,0.0000058830733,15.1439384097487
72295,3.6452055191367,0.0027229071281,0.0532114725743,0.0717504715166,0.0000058830733,15.1439384097487
72328,3.6452642197928,0.0027697411483,0.0531210370530,0.0717390754495,0.0000058830733,15.1439384097487
72610,3.6453333841787,0.0027542381565,0.0531344730689,0.0717382085587,0.0000055371015,15.1439384097487
74438,3.6452172822726,0.0027691075861,0.0531175212464,0.0717368841148,0.0000042581550,15.1439384097487
74439,3.6452354835292,0.0027390436820,0.0531410342170,0.0717326546206,0.0000042581550,15.1439384097487
74534,3.6452571436973,0.0027540673702,0.0531161493675,0.0717305123878,0.0000041729919,15.1439384097487
74613,3.6452624915010,0.0027540673702,0.0531128869972,0.0717294229266,0.0000041729919,15.1439384097487
74738,3.6453196191914,0.0027665898650,0.0530122000174,0.0716996384274,0.0000040895321,15.1439384097487
74826,3.6453184229464,0.0027665898650,0.0529416115634,0.0716744113385,0.0000040077414,15.1439384097487
74838,3.6453093656690,0.0027824179017,0.0529158524641,0.0716718669446,0.0000039275866,15.1439384097487
74930,3.6452216557389,0.0027778948184,0.0529097388351,0.0716665039518,0.0000039275866,15.1439384097487
75253,3.6451940299144,0.0028087465433,0.0528586301078,0.0716610820991,0.0000037720542,15.1439384097487
75355,3.6452081275466,0.0028087465433,0.0528551647997,0.0716600439696,0.0000036966131,15.1439384097487
77054,3.6452272344619,0.0028005928732,0.0528002773710,0.0716372172480,0.0000028427782,15.1439384097487
77524,3.6450190543428,0.0028420994616,0.0527394550523,0.0716303377945,0.0000026220881,15.1439384097487
77598,3.6449479691661,0.0028248665696,0.0527567950788,0.0716281392855,0.0000025696464,15.1439384097487
77742,3.6448167662328,0.0027803960119,0.0528088326951,0.0716258088253,0.0000025182534,15.1439384097487
77746,3.6447757118589,0.0027803960119,0.0527732605544,0.0716125235727,0.0000025182534,15.1439384097487
77830,3.6448154862848,0.0027803960119,0.0527305356957,0.0715978275000,0.0000025182534,15.1439384097487
77838,3.6447903320003,0.0027929185066,0.0527164676359,0.0715978140450,0.0000025182534,15.1439384097487
78155,3.6449410985908,0.0028272300321,0.0526224934762,0.0715810901217,0.0000023701600,15.1439384097487
78252,3.6449400286078,0.0028422537203,0.0525967952643,0.0715783357722,0.0000023227568,15.1439384097487
78429,3.6449726088892,0.0027210229692,0.0527238843169,0.0715722296922,0.0000022763017,15.1439384097487
79116,3.6450801310214,0.0027457759691,0.0526883747070,0.0715716775482,0.0000020575964,15.1439384097487
79151,3.6449649357529,0.0027609704437,0.0526717154269,0.0715706097176,0.0000020164445,15.1439384097487
79195,3.6448941429321,0.0028007471318,0.0525911865619,0.0715578948471,0.0000020164445,15.1439384097487
79861,3.6448920552584,0.0028076336775,0.0525391595497,0.0715422356076,0.0000018227061,15.1439384097487
79909,3.6448862308752,0.0028362927263,0.0524778170737,0.0715325276153,0.0000017862520,15.1439384097487
79944,3.6449251327580,0.0028359842090,0.0524724724089,0.0715310370438,0.0000017862520,15.1439384097487
80000,3.6449703376980,0.0027894587060,0.0525211415621,0.0715291190298,0.0000017862520,15.1439384097487
80027,3.6449957729562,0.0027894587060,0.0524421085637,0.0715012528661,0.0000017862520,15.1439384097487
80137,3.6449992528389,0.0027606288710,0.0524742693171,0.0715004324460,0.0000017155164,15.1439384097487
80408,3.6450308228156,0.0027894587060,0.0523939141351,0.0714845365234,0.0000016812061,15.1439384097487
80522,3.6449611832587,0.0027504698387,0.0524364770130,0.0714820426415,0.0000016475820,15.1439384097487
80523,3.6449716704503,0.0027504698387,0.0524322221398,0.0714806714370,0.0000016475820,15.1439384097487
80746,3.6449234068710,0.0027194473275,0.0524231758516,0.0714634623315,0.0000015823377,15.1439384097487
80747,3.6449094901358,0.0026978456108,0.0524397394926,0.0714599231181,0.0000015823377,15.1439384097487
81747,3.6448193831607,0.0027446796311,0.0523779930537,0.0714566675338,0.0000013736678,15.1439384097487
81768,3.6449054046027,0.0027915136513,0.0523161119606,0.0714558560640,0.0000013736678,15.1439384097487
81773,3.6448533509712,0.0027404485374,0.0523755283601,0.0714544546024,0.0000013461944,15.1439384097487
81839,3.6447712859518,0.0027872825576,0.0523161119606,0.0714521449682,0.0000013461944,15.1439384097487
81853,3.6447235451334,0.0028341165778,0.0522592939950,0.0714512490312,0.0000013461944,15.1439384097487
81902,3.6446739715916,0.0027987252420,0.0522971732305,0.0714489081519,0.0000013192705,15.1439384097487
81991,3.6447167053397,0.0027987252420,0.0522810743681,0.0714437632379,0.0000012928851,15.1439384097487
82022,3.6447768408634,0.0028040526738,0.0522649651837,0.0714411440564,0.0000012928851,15.1439384097487
82023,3.6447169760536,0.0028026478184,0.0522513445714,0.0714348303881,0.0000012928851,15.1439384097487
82073,3.6449285398744,0.0028413281685,0.0521728998949,0.0714263853390,0.0000012928851,15.1439384097487
82365,3.6449432256841,0.0028427330238,0.0521243885651,0.0714098697482,0.0000012416869,15.1439384097487
82437,3.6449496026969,0.0028256543904,0.0520454636322,0.0713744530921,0.0000012168531,15.1439384097487
82552,3.6449811514148,0.0028242495351,0.0520365993586,0.0713711316115,0.0000011925161,15.1439384097487
82580,3.6450437128978,0.0028710835553,0.0519743143026,0.0713698439124,0.0000011925161,15.1439384097487
83072,3.6450743185515,0.0028275385493,0.0519765087683,0.0713523985727,0.0000010999388,15.1439384097487
83075,3.6449769048540,0.0028518122457,0.0519405090600,0.0713485661494,0.0000010999388,15.1439384097487
83180,3.6449178479582,0.0028596408709,0.0519311436540,0.0713477408355,0.0000010779401,15.1439384097487
83196,3.6448866799588,0.0028128068507,0.0519595536380,0.0713373745104,0.0000010779401,15.1439384097487
83649,3.6448929877037,0.0028142117060,0.0519087389465,0.0713199177413,0.0000009942576,15.1439384097487
83700,3.6448390321174,0.0028146910096,0.0518507940378,0.0712986650789,0.0000009942576,15.1439384097487
83715,3.6449140906615,0.0028615250299,0.0517861429427,0.0712967091984,0.0000009942576,15.1439384097487
83898,3.6449298973516,0.0028615250299,0.0517633931729,0.0712888079442,0.0000009743724,15.1439384097487
83940,3.6449470381051,0.0028215775554,0.0517593282000,0.0712704783625,0.0000009743724,15.1439384097487
84285,3.6448560406742,0.0028522915493,0.0517230301416,0.0712693903029,0.0000009170716,15.1439384097487
84304,3.6447665231188,0.0028374055921,0.0516603042037,0.0712393418189,0.0000009170716,15.1439384097487
84404,3.6446707664541,0.0028281555838,0.0515974436114,0.0712115723677,0.0000008987301,15.1439384097487
84760,3.6446291078377,0.0027814923499,0.0516354809925,0.0712045691512,0.0000008458776,15.1439384097487
84811,3.6447357945982,0.0028283263702,0.0515344483649,0.0711900674034,0.0000008458776,15.1439384097487
85028,3.6447596988105,0.0028444463964,0.0515076903611,0.0711877577991,0.0000008123808,15.1439384097487
85177,3.6448367610100,0.0027794374047,0.0515507564146,0.0711763679611,0.0000007802106,15.1439384097487
85183,3.6447267898557,0.0027769362113,0.0515143660580,0.0711607433806,0.0000007802106,15.1439384097487
85229,3.6447079859702,0.0028168836858,0.0514618238407,0.0711588325755,0.0000007802106,15.1439384097487
85802,3.6446824379912,0.0028005928732,0.0514665797910,0.0711531878502,0.0000007196414,15.1439384097487
87732,3.6446540593840,0.0028237702315,0.0514348471172,0.0711513863505,0.0000005315049,15.1439384097487
88016,3.6446657004483,0.0027586069812,0.0514791374587,0.0711394419426,0.0000005104573,15.1439384097487
88159,3.6445536134220,0.0027185217757,0.0515211334038,0.0711356750968,0.0000005002482,15.1439384097487
88249,3.6447116732003,0.0027653557960,0.0514424856713,0.0711298948791,0.0000004902432,15.1439384097487
88440,3.6447260118285,0.0027653557960,0.0514247913528,0.0711237783703,0.0000004804383,15.1439384097487
89492,3.6447478480150,0.0026965950141,0.0514769473147,0.0711132455736,0.0000004087392,15.1439384097487
89617,3.6447945567188,0.0027365424886,0.0514104657579,0.0711072834318,0.0000004005644,15.1439384097487
89648,3.6448594725737,0.0027730301625,0.0513472435590,0.0711012602045,0.0000004005644,15.1439384097487
89865,3.6448315307728,0.0027799167083,0.0513200238643,0.0710940948871,0.0000003847020,15.1439384097487
90032,3.6448762886568,0.0027666063927,0.0513248363760,0.0710907425414,0.0000003770080,15.1439384097487
