0,3.12456,0.555358,0.320124,0.396553,100000.000000
1,3.1244528449274,0.5553584234398,0.3200759173977,0.3965343790512,100000.0000000000000,15.1439384097487
2,3.1245149264642,0.5554052574601,0.3199737074219,0.3965188256610,100000.0000000000000,15.1439384097487
3,3.1245579244522,0.5554052574601,0.3198969304759,0.3964920137418,100000.0000000000000,15.1439384097487
4,3.1246785508009,0.5552876242404,0.3197442844427,0.3963887899192,100000.0000000000000,15.1439384097487
5,3.1246305715046,0.5552876242404,0.3196723779657,0.3963624301307,100000.0000000000000,15.1439384097487
6,3.1248320893937,0.5551699910208,0.3191132375137,0.3961151743398,100000.0000000000000,15.1439384097487
7,3.1247512895054,0.5551231570006,0.3190967905732,0.3960880853965,100000.0000000000000,15.1439384097487
111,3.1267003124371,0.5497621519325,0.3254424761313,0.3960844066106,98000.0000000000000,15.1439384097487
112,3.1266521301019,0.5497621519325,0.3252138472507,0.3960020716621,98000.0000000000000,15.1439384097487
113,3.1266610698632,0.5496445187129,0.3252335250776,0.3959588117175,98000.0000000000000,15.1439384097487
114,3.1265573126788,0.5496445187129,0.3252263655699,0.3959547865932,98000.0000000000000,15.1439384097487
115,3.1265522086019,0.5495268854932,0.3251057245008,0.3958612140378,98000.0000000000000,15.1439384097487
116,3.1265061427266,0.5494092522736,0.3251358703794,0.3958209143570,98000.0000000000000,15.1439384097487
117,3.1264661357874,0.5493624182534,0.3251620407065,0.3958096230839,98000.0000000000000,15.1439384097487
118,3.1263868023195,0.5492447850338,0.3251103353853,0.3957396200975,98000.0000000000000,15.1439384097487
119,3.1263744957725,0.5491271518142,0.3251285210123,0.3956955265905,98000.0000000000000,15.1439384097487
120,3.1263428366351,0.5490095185945,0.3251385045198,0.3956482299172,98000.0000000000000,15.1439384097487
121,3.1262915715445,0.5490563526148,0.3248014259652,0.3955471910445,98000.0000000000000,15.1439384097487
122,3.1264574994850,0.5489387193951,0.3247811185051,0.3954918720125,98000.0000000000000,15.1439384097487
123,3.1264657975617,0.5488918853749,0.3247338473936,0.3954550351669,98000.0000000000000,15.1439384097487
124,3.1264728227728,0.5488918853749,0.3242505101931,0.3952825141444,98000.0000000000000,15.1439384097487
11551,3.3443064350434,0.2309587065529,0.6808929155418,0.3894800561560,1689.1463920134941,15.1439384097487
11552,3.3442556150493,0.2309171999644,0.6805711550108,0.3893466340432,1689.1463920134941,15.1439384097487
11553,3.3442905984793,0.2307995667448,0.6806738654742,0.3893333971278,1689.1463920134941,15.1439384097487
13783,3.3755909960976,0.1871345695825,0.6737874995066,0.3686033090284,737.7961646676509,15.1439384097487
13786,3.3757267088728,0.1870283625196,0.6739067860268,0.3686023143710,737.7961646676509,15.1439384097487
13788,3.3756734610764,0.1870283625196,0.6737804807094,0.3685564518764,737.7961646676509,15.1439384097487
13789,3.3756470411145,0.1870384003486,0.6737533337004,0.3685506846021,737.7961646676509,15.1439384097487
13790,3.3754981662408,0.1870852343689,0.6735768759993,0.3685056291480,737.7961646676509,15.1439384097487
13791,3.3756116186666,0.1869676011493,0.6735902133337,0.3684615835889,737.7961646676509,15.1439384097487
13795,3.3752927111425,0.1870283625196,0.6730410305946,0.3682869749636,737.7961646676509,15.1439384097487
13796,3.3752696503588,0.1870283625196,0.6730296425579,0.3682825814991,737.7961646676509,15.1439384097487
13797,3.3753577614865,0.1870058187235,0.6730128227040,0.3682681595480,737.7961646676509,15.1439384097487
13808,3.3757618484716,0.1867090030931,0.6724373420833,0.3679411418600,737.7961646676509,15.1439384097487
13809,3.3757404942508,0.1867090030931,0.6724378030693,0.3679410043370,737.7961646676509,15.1439384097487
13810,3.3758537810979,0.1866621690728,0.6724709263877,0.3679343653719,737.7961646676509,15.1439384097487
13811,3.3758324036526,0.1867090030931,0.6717670780623,0.3677027602036,737.7961646676509,15.1439384097487
13823,3.3758919111004,0.1868152101560,0.6713744700201,0.3676089023847,737.7961646676509,15.1439384097487
13824,3.3758856368728,0.1867818572377,0.6714038786238,0.3676050225697,737.7961646676509,15.1439384097487
13826,3.3758588099260,0.1868286912579,0.6706214969329,0.3673452926607,737.7961646676509,15.1439384097487
13827,3.3758301248489,0.1867818572377,0.6705991747588,0.3673168428408,737.7961646676509,15.1439384097487
13828,3.3758078401893,0.1867818572377,0.6705267538255,0.3672906628953,737.7961646676509,15.1439384097487
13837,3.3760474522119,0.1864475953262,0.6708670184423,0.3672723213619,737.7961646676509,15.1439384097487
13838,3.3760676779361,0.1864944293464,0.6707876564146,0.3672643356962,737.7961646676509,15.1439384097487
13839,3.3761184251777,0.1864944293464,0.6707398204157,0.3672479694809,737.7961646676509,15.1439384097487
13848,3.3759147440071,0.1864046673547,0.6706478102562,0.3671737572097,737.7961646676509,15.1439384097487
13849,3.3758017815103,0.1864046673547,0.6705017579136,0.3671199972471,737.7961646676509,15.1439384097487
13850,3.3757993696770,0.1863672376013,0.6705392784446,0.3671173219865,737.7961646676509,15.1439384097487
13851,3.3758365500744,0.1863672376013,0.6704528143948,0.3670869680689,737.7961646676509,15.1439384097487
13853,3.3759965570523,0.1863672376013,0.6702310995961,0.3670100483002,737.7961646676509,15.1439384097487
13854,3.3759427292388,0.1864037252753,0.6701727049286,0.3670040689764,737.7961646676509,15.1439384097487
13861,3.3761991749061,0.1861562448585,0.6704277658994,0.3669927278335,723.0402413742979,15.1439384097487
13868,3.3761508857592,0.1857236210370,0.6706351630912,0.3668807047617,723.0402413742979,15.1439384097487
13869,3.3762601058793,0.1857236210370,0.6700548602065,0.3666749991889,723.0402413742979,15.1439384097487
13870,3.3764866755699,0.1857236210370,0.6698554144521,0.3666069745082,723.0402413742979,15.1439384097487
13871,3.3763967539622,0.1856767870167,0.6698950427813,0.3665997833753,723.0402413742979,15.1439384097487
13872,3.3764784853264,0.1856299529965,0.6699412086909,0.3665973559705,723.0402413742979,15.1439384097487
13873,3.3765065494539,0.1855831189763,0.6698857291480,0.3665578672306,723.0402413742979,15.1439384097487
13886,3.3767162206732,0.1852499534029,0.6700631755894,0.3664814225476,723.0402413742979,15.1439384097487
13887,3.3767777121299,0.1851323201833,0.6700843378320,0.3664394363545,723.0402413742979,15.1439384097487
13888,3.3768865104328,0.1850854861630,0.6701252738838,0.3664355241387,723.0402413742979,15.1439384097487
13889,3.3770021162590,0.1851323201833,0.6699833887836,0.3664065584263,723.0402413742979,15.1439384097487
13890,3.3769556239013,0.1850146869636,0.6701093748458,0.3664004813478,723.0402413742979,15.1439384097487
13903,3.3771216277177,0.1846539586796,0.6703691033059,0.3663409926189,723.0402413742979,15.1439384097487
13905,3.3772412498466,0.1845363254600,0.6704255646013,0.3663124357754,723.0402413742979,15.1439384097487
13906,3.3772821168164,0.1844788365762,0.6704648408175,0.3663024031673,723.0402413742979,15.1439384097487
13907,3.3772488729171,0.1844320025559,0.6704900297726,0.3662908571008,723.0402413742979,15.1439384097487
13920,3.3770313878003,0.1845156492950,0.6700948792818,0.3661825031282,723.0402413742979,15.1439384097487
13921,3.3769956898689,0.1844688152748,0.6701008439868,0.3661640565337,723.0402413742979,15.1439384097487
13922,3.3769226515240,0.1844688152748,0.6700943961427,0.3661607202445,723.0402413742979,15.1439384097487
13924,3.3769546418502,0.1844688152748,0.6700433575937,0.3661429448523,723.0402413742979,15.1439384097487
13925,3.3768849566191,0.1844688152748,0.6699129441483,0.3660953825804,723.0402413742979,15.1439384097487
13935,3.3767306094885,0.1843532204727,0.6695723153916,0.3659220048220,723.0402413742979,15.1439384097487
13938,3.3768556801259,0.1842445122164,0.6696647319794,0.3659101912347,723.0402413742979,15.1439384097487
13948,3.3774917883879,0.1840092457771,0.6695738216101,0.3657858956609,694.4078478158757,15.1439384097487
13949,3.3774802047340,0.1841268789968,0.6691614212818,0.3656888601585,694.4078478158757,15.1439384097487
13976,3.3774706650979,0.1836529028454,0.5663530791140,0.3287683274770,694.4078478158757,15.1439384097487
13977,3.3774509898763,0.1836060688252,0.5663794641703,0.3287574005854,694.4078478158757,15.1439384097487
13979,3.3776048181600,0.1834884356056,0.5663048754801,0.3286825241904,694.4078478158757,15.1439384097487
13980,3.3777361955093,0.1835346525913,0.5661579090596,0.3286517024434,694.4078478158757,15.1439384097487
13981,3.3778064520898,0.1834170193717,0.5661829810442,0.3286112366125,694.4078478158757,15.1439384097487
13984,3.3778265051204,0.1833701853514,0.5661232176226,0.3285701045595,694.4078478158757,15.1439384097487
13985,3.3779484674000,0.1833701853514,0.5656294317268,0.3283954782119,694.4078478158757,15.1439384097487
13986,3.3779211397010,0.1833233513312,0.5656762859989,0.3283917534725,694.4078478158757,15.1439384097487
13992,3.3781410922171,0.1832171607960,0.5646051676435,0.3279668132866,694.4078478158757,15.1439384097487
13999,3.3780680430687,0.1832497424212,0.4708195624793,0.2944848842125,694.4078478158757,15.1439384097487
14000,3.3780857120153,0.1832497424212,0.4702836192258,0.2942937259221,694.4078478158757,15.1439384097487
14141,3.3808004248393,0.1811882742378,0.4688052555682,0.2929206655419,653.5711111015197,15.1439384097487
14142,3.3808322828106,0.1811882742378,0.4686130915336,0.2928524863177,653.5711111015197,15.1439384097487
14143,3.3808888417337,0.1811414402176,0.4685903174633,0.2928250813032,653.5711111015197,15.1439384097487
14144,3.3809600419704,0.1810238069980,0.4687147190933,0.2928201036984,653.5711111015197,15.1439384097487
14145,3.3809601854136,0.1810320983990,0.4686498093444,0.2928004771325,653.5711111015197,15.1439384097487
14146,3.3810762103996,0.1809144651794,0.4685132211236,0.2927029231339,653.5711111015197,15.1439384097487
14147,3.3810872943487,0.1809144651794,0.4684490538046,0.2926801630714,653.5711111015197,15.1439384097487
14148,3.3812259848728,0.1809144651794,0.4684092828448,0.2926679216188,653.5711111015197,15.1439384097487
14151,3.3814648729736,0.1809487601772,0.4683262309773,0.2926563383443,653.5711111015197,15.1439384097487
14152,3.3814551009526,0.1808311269575,0.4681258604958,0.2925342249477,653.5711111015197,15.1439384097487
14153,3.3814605657247,0.1807842929373,0.4681208416665,0.2925124381118,653.5711111015197,15.1439384097487
14154,3.3814595561933,0.1807842929373,0.4681014526154,0.2925054991659,653.5711111015197,15.1439384097487
14171,3.3812842219413,0.1804447035940,0.4685037975498,0.2925011745275,653.5711111015197,15.1439384097487
14172,3.3813418591865,0.1804447035940,0.4684929475929,0.2924981151060,653.5711111015197,15.1439384097487
14204,3.3822700389062,0.1797284036714,0.4692676214030,0.2924809323236,640.4996888794893,15.1439384097487
14205,3.3823820432867,0.1796815696511,0.4690980523520,0.2924018850798,640.4996888794893,15.1439384097487
14206,3.3822937331426,0.1796347356309,0.4690991747370,0.2923809646260,640.4996888794893,15.1439384097487
14207,3.3823369819743,0.1795171024113,0.4691933599529,0.2923647999342,640.4996888794893,15.1439384097487
14208,3.3823715053374,0.1793994691917,0.4692606100177,0.2923388920808,640.4996888794893,15.1439384097487
14215,3.3825370323846,0.1790616097487,0.3866517184693,0.2626932618203,640.4996888794893,15.1439384097487
14216,3.3826089332828,0.1790616097487,0.3865471120551,0.2626569197795,640.4996888794893,15.1439384097487
14217,3.3827437803590,0.1790616097487,0.3865399733001,0.2626562783013,640.4996888794893,15.1439384097487
14219,3.3828415376291,0.1788971425088,0.3866414070207,0.2626234019290,640.4996888794893,15.1439384097487
14226,3.3824608641738,0.1786156590839,0.3869495895828,0.2626074448723,640.4996888794893,15.1439384097487
14227,3.3825670574036,0.1786156590839,0.3866870768147,0.2625151929393,640.4996888794893,15.1439384097487
14228,3.3826288804908,0.1785688250636,0.3866246702601,0.2624737079537,640.4996888794893,15.1439384097487
14229,3.3825601354858,0.1785219910434,0.3866101800550,0.2624474884203,640.4996888794893,15.1439384097487
14230,3.3826806408265,0.1785219910434,0.3865709028003,0.2624351659718,640.4996888794893,15.1439384097487
14232,3.3827822349345,0.1785219910434,0.3865609490705,0.2624330486181,640.4996888794893,15.1439384097487
14234,3.3828928753001,0.1784936405119,0.3852502543775,0.2619543586966,640.4996888794893,15.1439384097487
14235,3.3828640137510,0.1784468064917,0.3852375420613,0.2619293384717,640.4996888794893,15.1439384097487
14236,3.3828033935365,0.1785644397113,0.3846907342966,0.2617836064493,640.4996888794893,15.1439384097487
14237,3.3829299550025,0.1785644397113,0.3845848227388,0.2617475717292,640.4996888794893,15.1439384097487
14238,3.3829574490784,0.1785749237885,0.3845270864546,0.2617318338430,640.4996888794893,15.1439384097487
14260,3.3832086819988,0.1780397069633,0.3851323524787,0.2617221765698,640.4996888794893,15.1439384097487
14261,3.3832165149577,0.1779928729430,0.3850869748525,0.2616860093876,640.4996888794893,15.1439384097487
14262,3.3832182890724,0.1779460389228,0.3850819560231,0.2616641703292,640.4996888794893,15.1439384097487
14315,3.3832631580876,0.1765541909005,0.3866124958435,0.2616149202919,615.1359011998615,15.1439384097487
14316,3.3832689049357,0.1764365576809,0.3865625046308,0.2615467333679,615.1359011998615,15.1439384097487
14317,3.3832710143239,0.1764365576809,0.3859075205402,0.2613128403261,615.1359011998615,15.1439384097487
14318,3.3832551867059,0.1764365576809,0.3858775624196,0.2613019170376,615.1359011998615,15.1439384097487
14319,3.3831927132014,0.1763897236607,0.3858788775377,0.2612814310038,615.1359011998615,15.1439384097487
14321,3.3830984472720,0.1764365576809,0.3856743875833,0.2612271367436,615.1359011998615,15.1439384097487
14322,3.3831249719804,0.1764315552941,0.3856587398278,0.2612197797022,615.1359011998615,15.1439384097487
14324,3.3830240947513,0.1764315552941,0.3856617381438,0.2612194231234,615.1359011998615,15.1439384097487
14325,3.3833119725827,0.1764315552941,0.3850151669121,0.2609925782784,615.1359011998615,15.1439384097487
14326,3.3833086482207,0.1763139220744,0.3850729289484,0.2609627463006,615.1359011998615,15.1439384097487
14327,3.3833692553510,0.1762473539688,0.3848373452657,0.2608509376697,615.1359011998615,15.1439384097487
14328,3.3834856895599,0.1762941879890,0.3845869647563,0.2607832353184,615.1359011998615,15.1439384097487
14330,3.3834132477815,0.1762381039605,0.3846259662061,0.2607721033491,615.1359011998615,15.1439384097487
14331,3.3834912357925,0.1762381039605,0.3843720800447,0.2606825332452,615.1359011998615,15.1439384097487
14332,3.3834890674004,0.1762247936449,0.3842603492996,0.2606368943041,615.1359011998615,15.1439384097487
14362,3.3836961422300,0.1759469242792,0.3845717677829,0.2606319584149,615.1359011998615,15.1439384097487
14389,3.3834573888920,0.1756598214329,0.3847500481465,0.2605692075526,602.8331831758642,15.1439384097487
14391,3.3834540724854,0.1756129874126,0.3846090086585,0.2604987176570,602.8331831758642,15.1439384097487
14393,3.3835664071596,0.1754953541930,0.3846223459929,0.2604546562818,602.8331831758642,15.1439384097487
14394,3.3835659293879,0.1755421882132,0.3831390286899,0.2599449650647,602.8331831758642,15.1439384097487
14395,3.3835335457405,0.1754953541930,0.3831001738472,0.2599105583858,602.8331831758642,15.1439384097487
14397,3.3837132507104,0.1753777209734,0.3830827492111,0.2598564638778,602.8331831758642,15.1439384097487
14399,3.3837099335845,0.1752600877538,0.3831032108665,0.2598133104377,602.8331831758642,15.1439384097487
14407,3.3834093224768,0.1753069217740,0.3827734658329,0.2597113624502,602.8331831758642,15.1439384097487
14408,3.3834216914431,0.1753069217740,0.3825642387922,0.2596368135272,602.8331831758642,15.1439384097487
14527,3.3850057468794,0.1732819412646,0.3849086844438,0.2596286810342,578.9609891220999,15.1439384097487
14529,3.3851118496616,0.1731643080450,0.3850339511693,0.2596245062607,578.9609891220999,15.1439384097487
14530,3.3851672343977,0.1731174740247,0.3850805544304,0.2596218622499,578.9609891220999,15.1439384097487
14531,3.3852461342550,0.1731174740247,0.3850735403458,0.2596204736474,578.9609891220999,15.1439384097487
14532,3.3852037553411,0.1730706400045,0.3849889667505,0.2595695974102,578.9609891220999,15.1439384097487
14619,3.3871738141334,0.1716233249882,0.3865485655303,0.2595341953102,567.3817693396579,15.1439384097487
14696,3.3883589537214,0.1702124645905,0.3862163399565,0.2588276585092,544.9134512738075,15.1439384097487
14697,3.3882746592254,0.1702124645905,0.3858658351803,0.2587012854705,544.9134512738075,15.1439384097487
14698,3.3882402605811,0.1700948313709,0.3859168549068,0.2586686058259,544.9134512738075,15.1439384097487
14699,3.3882853328870,0.1702124645905,0.3857066668310,0.2586445906631,544.9134512738075,15.1439384097487
14702,3.3885478397973,0.1703061326309,0.3854053389427,0.2585808314612,544.9134512738075,15.1439384097487
14704,3.3884118935704,0.1702835888348,0.3851143058859,0.2584653058269,544.9134512738075,15.1439384097487
14705,3.3883659260652,0.1702592986107,0.3850748557906,0.2584401559740,544.9134512738075,15.1439384097487
14708,3.3884981581135,0.1701416653911,0.3851838644458,0.2584305444742,534.0151822483314,15.1439384097487
20900,3.4692581723143,0.0768814406557,0.4576768322649,0.2454949711724,60.2517657768314,15.1439384097487
20901,3.4691903990854,0.0768346066354,0.4576170316516,0.2454525831009,60.2517657768314,15.1439384097487
20902,3.4692209569955,0.0768346066354,0.4575379471971,0.2454247710453,60.2517657768314,15.1439384097487
29552,3.5451281001694,0.0175066625402,0.4545881659153,0.2200190969675,2.7387939516280,15.1439384097487
29553,3.5450772249860,0.0175066625402,0.4545468469151,0.2200036203013,2.7387939516280,15.1439384097487
29554,3.5450449188047,0.0175534965604,0.4542173457922,0.2199055559215,2.7387939516280,15.1439384097487
29555,3.5449201691357,0.0175066625402,0.4541809052688,0.2198707045265,2.7387939516280,15.1439384097487
29556,3.5448952213861,0.0175141826481,0.4538887947350,0.2197692492302,2.7387939516280,15.1439384097487
29557,3.5448667358171,0.0175610166683,0.4537383242176,0.2197351784138,2.7387939516280,15.1439384097487
29558,3.5448549147127,0.0175408198070,0.4537292432203,0.2197231121349,2.7387939516280,15.1439384097487
29559,3.5448434228031,0.0175358174202,0.4536720047965,0.2197003633509,2.7387939516280,15.1439384097487
29560,3.5448401185161,0.0174889834000,0.4537142466933,0.2196953312642,2.7387939516280,15.1439384097487
29588,3.5453956355959,0.0173118559344,0.4537244393139,0.2196309202444,2.6303377111435,15.1439384097487
29589,3.5455128611862,0.0173118559344,0.4535862190603,0.2195832146024,2.6303377111435,15.1439384097487
29604,3.5453161941819,0.0173135858347,0.3704565492081,0.1898920053589,2.6303377111435,15.1439384097487
29605,3.5453618327287,0.0173604198550,0.3698308412376,0.1896892557319,2.6303377111435,15.1439384097487
29606,3.5453739433311,0.0173604198550,0.3693976665411,0.1895347218474,2.6303377111435,15.1439384097487
29613,3.5450567786908,0.0174556635371,0.3691454886817,0.1894809891886,2.6303377111435,15.1439384097487
29616,3.5448997062245,0.0174559720543,0.3685269217407,0.1892579820808,2.6303377111435,15.1439384097487
29664,3.5445128564840,0.0174348000581,0.3680758391709,0.1890823335524,2.6303377111435,15.1439384097487
29666,3.5446531832047,0.0174348000581,0.3680100407333,0.1890608197241,2.6303377111435,15.1439384097487
29667,3.5447198425748,0.0174816340784,0.3678439292607,0.1890225091468,2.6303377111435,15.1439384097487
29670,3.5448028093614,0.0175842270821,0.3676949381499,0.1890144404404,2.5777309569206,15.1439384097487
29671,3.5447243215120,0.0175842270821,0.3676742725377,0.1890059492668,2.5777309569206,15.1439384097487
29672,3.5446259676193,0.0176976292080,0.3674930816794,0.1889884474561,2.5777309569206,15.1439384097487
29673,3.5447972287518,0.0176976292080,0.3674715252215,0.1889831720547,2.5777309569206,15.1439384097487
29675,3.5448499724113,0.0176976292080,0.3674360133671,0.1889712355688,2.5777309569206,15.1439384097487
38440,3.5812571660937,0.0038639691916,0.3633820726787,0.1821098475255,0.1125328504111,15.1439384097487
38453,3.5814059361446,0.0038248260657,0.3633647293890,0.1820889829543,0.1125328504111,15.1439384097487
38455,3.5815685452026,0.0038758911796,0.3631844510152,0.1820487837769,0.1125328504111,15.1439384097487
39358,3.5795993891251,0.0045405971016,0.3561750626661,0.1798024413350,0.0831132863463,15.1439384097487
39359,3.5795656624210,0.0045713110956,0.3561028762158,0.1797893463696,0.0831132863463,15.1439384097487
39364,3.5797261172739,0.0047459538954,0.3557454418104,0.1797388085644,0.0831132863463,15.1439384097487
39365,3.5796711154907,0.0046991198752,0.3554391185768,0.1796085574151,0.0831132863463,15.1439384097487
39366,3.5796259095877,0.0046926961054,0.3553842251518,0.1795855599157,0.0831132863463,15.1439384097487
39368,3.5796384205214,0.0046890985739,0.3552359228501,0.1795312300376,0.0831132863463,15.1439384097487
39369,3.5796904998622,0.0046778101481,0.3552240171096,0.1795228770099,0.0831132863463,15.1439384097487
39370,3.5796239048141,0.0046873686736,0.3550790970157,0.1794742740289,0.0831132863463,15.1439384097487
39371,3.5797218161432,0.0047292003070,0.3549616013395,0.1794516245690,0.0831132863463,15.1439384097487
39372,3.5796281923280,0.0047292003070,0.3534221027137,0.1789004788605,0.0831132863463,15.1439384097487
39376,3.5795453556973,0.0047230850544,0.3532130532262,0.1788220253740,0.0831132863463,15.1439384097487
39379,3.5794841683387,0.0047937134674,0.3528506393271,0.1787219953614,0.0831132863463,15.1439384097487
39380,3.5793975808327,0.0047468794472,0.3522699723543,0.1784933173693,0.0814510206194,15.1439384097487
39381,3.5792551134604,0.0047468794472,0.3522476501802,0.1784833292605,0.0814510206194,15.1439384097487
39390,3.5799724883904,0.0047930964329,0.3520873412086,0.1784560341432,0.0814510206194,15.1439384097487
39392,3.5798570299011,0.0047425106226,0.2797915490786,0.1526127950196,0.0814510206194,15.1439384097487
39393,3.5799123391971,0.0047539533070,0.2796516347817,0.1525685122583,0.0814510206194,15.1439384097487
39395,3.5798880352327,0.0047632033152,0.2796379036331,0.1525672286664,0.0814510206194,15.1439384097487
39396,3.5798522512726,0.0047578758834,0.2796131023974,0.1525555815565,0.0814510206194,15.1439384097487
39398,3.5799088205641,0.0046516853482,0.2795426457448,0.1524857086886,0.0814510206194,15.1439384097487
39399,3.5799462409713,0.0046048513280,0.2795308595387,0.1524619571026,0.0814510206194,15.1439384097487
39400,3.5798920961461,0.0045205875544,0.2795407627064,0.1524286147568,0.0814510206194,15.1439384097487
39405,3.5796583499972,0.0045468996683,0.2793699990978,0.1523755968816,0.0814510206194,15.1439384097487
39407,3.5795817490924,0.0045559788902,0.2793201954756,0.1523606170711,0.0814510206194,15.1439384097487
39408,3.5794971604730,0.0045091448700,0.2793770589816,0.1523596568198,0.0814510206194,15.1439384097487
39409,3.5794340179556,0.0045091448700,0.2793395541233,0.1523453687652,0.0814510206194,15.1439384097487
39412,3.5794117968586,0.0045445362058,0.2791266629588,0.1522841894948,0.0814510206194,15.1439384097487
39417,3.5794676095870,0.0046230097718,0.2787105039896,0.1521699825661,0.0814510206194,15.1439384097487
39448,3.5801457324462,0.0049757882274,0.2781976944545,0.1521476224633,0.0798220002070,15.1439384097487
39452,3.5800075130583,0.0048940091195,0.2782821045081,0.1521407649269,0.0798220002070,15.1439384097487
39473,3.5798284608847,0.0049756339688,0.2781454053700,0.1521243923081,0.0782255602028,15.1439384097487
39476,3.5798929518462,0.0049136054740,0.2780483029362,0.1520640417696,0.0782255602028,15.1439384097487
39477,3.5800204303947,0.0049136054740,0.2780244929864,0.1520573420291,0.0782255602028,15.1439384097487
39478,3.5801494146189,0.0049350694598,0.2779228087846,0.1520320502119,0.0782255602028,15.1439384097487
39479,3.5802401128821,0.0048973146615,0.2778682644608,0.1519976728427,0.0782255602028,15.1439384097487
39480,3.5802302430887,0.0050082155940,0.2776994148863,0.1519847587374,0.0782255602028,15.1439384097487
39481,3.5803234950994,0.0049779809036,0.2775006684538,0.1519021396539,0.0782255602028,15.1439384097487
39482,3.5802132766021,0.0049206628061,0.2774887895530,0.1518717727061,0.0782255602028,15.1439384097487
39483,3.5803864726341,0.0049206628061,0.2773715299519,0.1518323449894,0.0782255602028,15.1439384097487
39634,3.5800290094038,0.0051413352776,0.2169816641738,0.1303540516185,0.0751278280188,15.1439384097487
39635,3.5800426404064,0.0051413352776,0.2168677072372,0.1303135455904,0.0736252714584,15.1439384097487
39650,3.5800820037052,0.0048118002911,0.2170998074348,0.1302557662262,0.0736252714584,15.1439384097487
39651,3.5801983106522,0.0047649662709,0.2166448922436,0.1300748705276,0.0736252714584,15.1439384097487
39652,3.5802830360285,0.0048118002911,0.2164852290955,0.1300391185560,0.0736252714584,15.1439384097487
39655,3.5804780777591,0.0048586343114,0.2161900300810,0.1299565218870,0.0736252714584,15.1439384097487
39659,3.5807074527789,0.0048305922971,0.2161434877623,0.1299311272654,0.0736252714584,15.1439384097487
39660,3.5807639606534,0.0048739830445,0.2160409464135,0.1299139009723,0.0736252714584,15.1439384097487
39662,3.5808100929260,0.0048774263174,0.2159391511991,0.1298796739955,0.0736252714584,15.1439384097487
39676,3.5810271742881,0.0048601934253,0.2157977484485,0.1298248591748,0.0736252714584,15.1439384097487
39682,3.5811073065075,0.0048601934253,0.2155026278697,0.1297205928336,0.0736252714584,15.1439384097487
39685,3.5810986290296,0.0048769470138,0.2154005783195,0.1296912038892,0.0736252714584,15.1439384097487
39686,3.5810901487092,0.0048415556780,0.2154129417693,0.1296803316957,0.0736252714584,15.1439384097487
39687,3.5811164654366,0.0048415556780,0.2152800005186,0.1296332250575,0.0736252714584,15.1439384097487
39688,3.5811713984844,0.0048883896982,0.2151556218897,0.1296096531405,0.0736252714584,15.1439384097487
39689,3.5810959813536,0.0048962348511,0.2151481042322,0.1296092633239,0.0736252714584,15.1439384097487
39690,3.5811335237028,0.0048962348511,0.2151447524998,0.1296085974983,0.0736252714584,15.1439384097487
39691,3.5812069754961,0.0048494008309,0.2151601310135,0.1295950574397,0.0736252714584,15.1439384097487
39692,3.5812260456457,0.0048962348511,0.2149078963583,0.1295253151985,0.0736252714584,15.1439384097487
39693,3.5811429971033,0.0049430688713,0.2148054654585,0.1295076293260,0.0736252714584,15.1439384097487
39733,3.5816786597772,0.0047315968249,0.1637631293703,0.1111951722941,0.0721527660292,15.1439384097487
39734,3.5816724113778,0.0047644869673,0.1636668999621,0.1111748120092,0.0721527660292,15.1439384097487
39735,3.5816736493302,0.0048821201869,0.1635029944770,0.1111667060899,0.0721527660292,15.1439384097487
39740,3.5814921590655,0.0049070274456,0.1632845874858,0.1110968100573,0.0721527660292,15.1439384097487
39780,3.5812894996384,0.0047121712567,0.1252355026832,0.0974214737867,0.0721527660292,15.1439384097487
39781,3.5814626529497,0.0046653372365,0.1249310461696,0.0972951177024,0.0707097107087,15.1439384097487
39784,3.5816043533982,0.0046185032162,0.1245357039577,0.0971358573842,0.0707097107087,15.1439384097487
39785,3.5816923767324,0.0045937667439,0.1244946799871,0.0971118501451,0.0707097107087,15.1439384097487
39787,3.5816802753573,0.0045937667439,0.1236075848802,0.0967948592304,0.0707097107087,15.1439384097487
39788,3.5817312132813,0.0046039423039,0.1235840177850,0.0967915241332,0.0707097107087,15.1439384097487
39789,3.5816287984484,0.0046254062897,0.1234795837727,0.0967619759597,0.0707097107087,15.1439384097487
39790,3.5817043409040,0.0046149222124,0.1232426814672,0.0966739437382,0.0707097107087,15.1439384097487
39792,3.5815772381424,0.0046402922469,0.1231803588548,0.0966607600387,0.0707097107087,15.1439384097487
39798,3.5818594847152,0.0047248810655,0.1226806507556,0.0965225389813,0.0707097107087,15.1439384097487
39799,3.5817718126937,0.0047248810655,0.1226567831570,0.0965127742857,0.0707097107087,15.1439384097487
40908,3.5859245848861,0.0040715021339,0.1209005346709,0.0956642845898,0.0481697617853,15.1439384097487
40909,3.5859051614467,0.0040715021339,0.1208562149688,0.0956481812844,0.0481697617853,15.1439384097487
40928,3.5857648718243,0.0039969346167,0.0917436740274,0.0852169026378,0.0472063665496,15.1439384097487
40938,3.5860808283979,0.0042386413535,0.0906447291247,0.0849324816812,0.0472063665496,15.1439384097487
40939,3.5861598385202,0.0042601053392,0.0903169816063,0.0848257458350,0.0472063665496,15.1439384097487
40940,3.5862518656836,0.0042386413535,0.0902363273509,0.0847890440710,0.0472063665496,15.1439384097487
40941,3.5862620821141,0.0042386413535,0.0902313004494,0.0847873933109,0.0472063665496,15.1439384097487
40942,3.5861502266273,0.0041918073333,0.0901566050647,0.0847390619172,0.0472063665496,15.1439384097487
40943,3.5861565886327,0.0041918073333,0.0899379516314,0.0846610614272,0.0472063665496,15.1439384097487
40944,3.5862271917201,0.0040741741136,0.0899927751877,0.0846312260607,0.0472063665496,15.1439384097487
40945,3.5863348038112,0.0041061387043,0.0899095634187,0.0846167293860,0.0472063665496,15.1439384097487
40946,3.5863373017931,0.0041061387043,0.0895978198335,0.0845054277375,0.0472063665496,15.1439384097487
40947,3.5864887221729,0.0041011363175,0.0894954874252,0.0844688791570,0.0472063665496,15.1439384097487
40948,3.5864065659563,0.0041388911158,0.0888805207414,0.0842642663214,0.0472063665496,15.1439384097487
40949,3.5864106646747,0.0041388911158,0.0885423930118,0.0841435644146,0.0472063665496,15.1439384097487
40950,3.5863073285045,0.0041122539569,0.0885697023340,0.0841404396188,0.0472063665496,15.1439384097487
40951,3.5861586264154,0.0040917320507,0.0885912366427,0.0841372312160,0.0472063665496,15.1439384097487
40952,3.5860388729177,0.0041183692096,0.0885494632518,0.0841320335691,0.0472063665496,15.1439384097487
40953,3.5860506573247,0.0041652032298,0.0882509063578,0.0840456445785,0.0472063665496,15.1439384097487
40954,3.5860504307758,0.0041385660709,0.0882234564209,0.0840244218987,0.0472063665496,15.1439384097487
40962,3.5857983300917,0.0039363440327,0.0884348373697,0.0840096812991,0.0472063665496,15.1439384097487
45801,3.5931995167536,0.0046122171773,0.0846521411308,0.0830531045714,0.0084765086229,15.1439384097487
45802,3.5931056608682,0.0046131592567,0.0846004045019,0.0830337028978,0.0084765086229,15.1439384097487
45803,3.5931286664451,0.0046599932770,0.0845131090646,0.0830229232062,0.0084765086229,15.1439384097487
45804,3.5931710786449,0.0046368159186,0.0845114923113,0.0830130127705,0.0084765086229,15.1439384097487
45805,3.5930903013214,0.0046745707170,0.0843969341241,0.0829871367664,0.0084765086229,15.1439384097487
45806,3.5930275253403,0.0046762840896,0.0841818264851,0.0829101586362,0.0084765086229,15.1439384097487
45808,3.5930706689817,0.0046994614479,0.0841105267238,0.0828952380689,0.0084765086229,15.1439384097487
45857,3.5932011869970,0.0046728408167,0.0837094786698,0.0827424446003,0.0083069784505,15.1439384097487
45917,3.5935230909227,0.0042243889584,0.0842340657524,0.0827421583953,0.0079780221038,15.1439384097487
45919,3.5933484932330,0.0041697263130,0.0842928039879,0.0827372389428,0.0079780221038,15.1439384097487
46151,3.5941190879167,0.0043358903977,0.0840339515456,0.0827269086844,0.0075088505800,15.1439384097487
46158,3.5941372446732,0.0042572625732,0.0840790386973,0.0827095705163,0.0075088505800,15.1439384097487
46160,3.5941537140027,0.0042832661699,0.0839764937431,0.0826843247569,0.0073586735684,15.1439384097487
46161,3.5941337719243,0.0041958511129,0.0838554212916,0.0826033388208,0.0073586735684,15.1439384097487
46162,3.5941950437332,0.0041958511129,0.0837591281279,0.0825698153971,0.0073586735684,15.1439384097487
46163,3.5944075018330,0.0041958511129,0.0837484823683,0.0825690196080,0.0073586735684,15.1439384097487
46166,3.5942207557189,0.0041764420724,0.0836776907901,0.0825327762963,0.0073586735684,15.1439384097487
46167,3.5942621619713,0.0041764420724,0.0836557679020,0.0825255325891,0.0073586735684,15.1439384097487
46168,3.5941548136302,0.0042185822231,0.0835066880451,0.0824888308758,0.0073586735684,15.1439384097487
46191,3.5944115779283,0.0042154474675,0.0632568215378,0.0752590254255,0.0073586735684,15.1439384097487
46273,3.5950560706976,0.0043113412395,0.0629001224016,0.0751818497373,0.0070672700951,15.1439384097487
46275,3.5951414149875,0.0042645072193,0.0628525708902,0.0751460029477,0.0070672700951,15.1439384097487
46529,3.5963122875276,0.0042143511294,0.0628430290560,0.0751376674507,0.0065186249138,15.1439384097487
46530,3.5962386060487,0.0042143511294,0.0628118941909,0.0751255052680,0.0065186249138,15.1439384097487
46543,3.5967235018805,0.0041238343723,0.0627010849867,0.0750539988999,0.0065186249138,15.1439384097487
46545,3.5968451560502,0.0041706683925,0.0625998052739,0.0750396206952,0.0065186249138,15.1439384097487
46546,3.5967629346456,0.0041706683925,0.0622997665355,0.0749313005755,0.0065186249138,15.1439384097487
46672,3.5956553749659,0.0043160185814,0.0619678591970,0.0748593832831,0.0062604873672,15.1439384097487
47483,3.5990480586189,0.0049496138444,0.0610575695479,0.0748538269105,0.0046238025369,15.1439384097487
47484,3.5989811626909,0.0049964478646,0.0610038703562,0.0748537737778,0.0046238025369,15.1439384097487
47485,3.5990406374826,0.0049588638526,0.0610052910515,0.0748390152996,0.0046238025369,15.1439384097487
47486,3.5990499320783,0.0049693644576,0.0609635176607,0.0748287280086,0.0046238025369,15.1439384097487
47491,3.5992510382599,0.0050819787626,0.0606358450873,0.0747628110022,0.0046238025369,15.1439384097487
48813,3.6032720435695,0.0042110786429,0.0614893016784,0.0747512709749,0.0029053537573,15.1439384097487
48814,3.6034158242474,0.0042110786429,0.0613573058922,0.0747061641097,0.0029053537573,15.1439384097487
48815,3.6034505303474,0.0041479538100,0.0613455018181,0.0746753859581,0.0029053537573,15.1439384097487
48817,3.6035268478019,0.0041479538100,0.0613362802060,0.0746731724121,0.0029053537573,15.1439384097487
48822,3.6036246408064,0.0040740363827,0.0610539570631,0.0745420475853,0.0029053537573,15.1439384097487
48827,3.6037080967517,0.0039291489697,0.0611550822064,0.0745172499983,0.0029053537573,15.1439384097487
48831,3.6035491592221,0.0040228170102,0.0608954635310,0.0744624235334,0.0029053537573,15.1439384097487
48834,3.6034989826881,0.0040461486271,0.0608643507069,0.0744606010803,0.0029053537573,15.1439384097487
48835,3.6035489019677,0.0039993146069,0.0608719073768,0.0744439345225,0.0029053537573,15.1439384097487
48836,3.6034444286379,0.0039993146069,0.0607861886752,0.0744118424098,0.0029053537573,15.1439384097487
48837,3.6034396734355,0.0039321129390,0.0608098025832,0.0743914079478,0.0029053537573,15.1439384097487
48853,3.6037089461041,0.0038862375259,0.0606578970202,0.0743213052599,0.0028472466821,15.1439384097487
48854,3.6037563044149,0.0038862375259,0.0606128354919,0.0743058819739,0.0028472466821,15.1439384097487
49273,3.6068660533973,0.0038185565545,0.0604695846855,0.0742697175808,0.0025222117798,15.1439384097487
49274,3.6069859440752,0.0038653905747,0.0602014262972,0.0741957148959,0.0025222117798,15.1439384097487
49275,3.6071040480758,0.0038293656766,0.0602174074228,0.0741876543624,0.0025222117798,15.1439384097487
49276,3.6071502138640,0.0038293656766,0.0601357266703,0.0741591359079,0.0025222117798,15.1439384097487
49277,3.6071005578573,0.0037939743408,0.0600415414544,0.0741096279863,0.0025222117798,15.1439384097487
49278,3.6071867986107,0.0037894182021,0.0600287640606,0.0741043323013,0.0025222117798,15.1439384097487
49279,3.6072307992539,0.0038135376399,0.0598117004238,0.0740377690820,0.0024717675442,15.1439384097487
49363,3.6072454620164,0.0038296741939,0.0597845664889,0.0740352015340,0.0024223321933,15.1439384097487
49364,3.6071670586245,0.0038674289922,0.0597186602055,0.0740267348008,0.0024223321933,15.1439384097487
49370,3.6072888273654,0.0038248260657,0.0597183323957,0.0740100823483,0.0023738855495,15.1439384097487
49371,3.6071833458378,0.0037779920455,0.0596722002718,0.0739720423102,0.0023738855495,15.1439384097487
49372,3.6072110340006,0.0037472780515,0.0596441992546,0.0739492705924,0.0023738855495,15.1439384097487
49376,3.6072323937453,0.0037485451759,0.0595905635524,0.0739309602767,0.0023738855495,15.1439384097487
49388,3.6073986093586,0.0035879839848,0.0597706603420,0.0739288205594,0.0023738855495,15.1439384097487
49401,3.6074011746549,0.0037013861107,0.0592205658615,0.0737809954548,0.0023738855495,15.1439384097487
49725,3.6113131553661,0.0036636643678,0.0589820324356,0.0737349927494,0.0021028884270,15.1439384097487
49726,3.6114647369919,0.0036636643678,0.0588522250408,0.0736907778354,0.0021028884270,15.1439384097487
49800,3.6117514252552,0.0036698126758,0.0588162213671,0.0736846109894,0.0021028884270,15.1439384097487
49801,3.6117250545050,0.0036777955596,0.0587793436995,0.0736744884854,0.0021028884270,15.1439384097487
49802,3.6116266608249,0.0037246295799,0.0586620627814,0.0736512819022,0.0021028884270,15.1439384097487
49852,3.6117435384170,0.0034894843438,0.0589091560588,0.0736404067816,0.0020196140453,15.1439384097487
51070,3.6167148363018,0.0042501005656,0.0577467082771,0.0736215687725,0.0013213442278,15.1439384097487
51071,3.6166976829131,0.0042501005656,0.0577036817909,0.0736059594510,0.0013213442278,15.1439384097487
51072,3.6167560239557,0.0042969345858,0.0575734460392,0.0735803439273,0.0013213442278,15.1439384097487
51078,3.6170111513320,0.0042496212620,0.0576103334570,0.0735768509016,0.0013213442278,15.1439384097487
51104,3.6172084110024,0.0042945380679,0.0574786628074,0.0735518669404,0.0013213442278,15.1439384097487
51399,3.6163892412164,0.0038335637149,0.0579784631635,0.0735212154330,0.0011705027167,15.1439384097487
51401,3.6163119924039,0.0038803977351,0.0578290639372,0.0734868372239,0.0011705027167,15.1439384097487
51403,3.6163965341245,0.0038803977351,0.0577463311175,0.0734584860480,0.0011705027167,15.1439384097487
51404,3.6164568330057,0.0038803977351,0.0574459577253,0.0733520630616,0.0011705027167,15.1439384097487
51481,3.6171215884139,0.0037778212591,0.0575391908907,0.0733508055183,0.0011470926624,15.1439384097487
51486,3.6170576851356,0.0037468318033,0.0573247328590,0.0732600279417,0.0011470926624,15.1439384097487
52463,3.6153069107880,0.0041637818467,0.0565631880844,0.0731419672010,0.0008136577932,15.1439384097487
52464,3.6153874908652,0.0041637818467,0.0564858138231,0.0731154737390,0.0008136577932,15.1439384097487
52520,3.6164104732201,0.0043641197260,0.0562016509529,0.0731143212226,0.0008136577932,15.1439384097487
52535,3.6160234091080,0.0043119748017,0.0558349140276,0.0729555189933,0.0007814369446,15.1439384097487
52536,3.6160252899570,0.0043005321173,0.0558154107168,0.0729436761314,0.0007814369446,15.1439384097487
52809,3.6170427502544,0.0041523556901,0.0558106476103,0.0728928678339,0.0007207725568,15.1439384097487
54700,3.6183230631562,0.0043609684427,0.0553566802621,0.0728382584453,0.0003853067250,15.1439384097487
54715,3.6181872983817,0.0044508681653,0.0552049521294,0.0728206772166,0.0003853067250,15.1439384097487
54716,3.6183720045123,0.0044040341451,0.0552393511788,0.0728155044478,0.0003853067250,15.1439384097487
54845,3.6180993440264,0.0038669496886,0.0558728164231,0.0728077048547,0.0003626476071,15.1439384097487
54846,3.6180995350554,0.0038669496886,0.0558490955086,0.0727992358026,0.0003626476071,15.1439384097487
54847,3.6181716275689,0.0037493164690,0.0559769937047,0.0727955195970,0.0003626476071,15.1439384097487
54848,3.6182392890106,0.0037961504892,0.0559137494924,0.0727939615061,0.0003626476071,15.1439384097487
54851,3.6182899639291,0.0038334259840,0.0556806887153,0.0727274177731,0.0003626476071,15.1439384097487
55378,3.6235070854372,0.0042410048160,0.0549582804686,0.0727179133900,0.0003023566309,15.1439384097487
57330,3.6323732690654,0.0040384577329,0.0547943331707,0.0726980107954,0.0001583995413,15.1439384097487
57331,3.6324597185919,0.0040140132501,0.0546974910431,0.0726541713694,0.0001583995413,15.1439384097487
57333,3.6324068048269,0.0038963800305,0.0548359365716,0.0726524532378,0.0001583995413,15.1439384097487
57334,3.6325407625575,0.0038495460103,0.0547701381340,0.0726107775658,0.0001583995413,15.1439384097487
57335,3.6327188575248,0.0038027119900,0.0548068238735,0.0726063279245,0.0001583995413,15.1439384097487
57342,3.6326199367542,0.0037638773813,0.0548486087604,0.0726032079724,0.0001583995413,15.1439384097487
57369,3.6330027546158,0.0037533933041,0.0547333179111,0.0725629563402,0.0001583995413,15.1439384097487
57370,3.6330633602561,0.0037441432959,0.0547413185227,0.0725627069780,0.0001583995413,15.1439384097487
57397,3.6332568444481,0.0035080890358,0.0549701370845,0.0725459995698,0.0001583995413,15.1439384097487
57400,3.6329881843507,0.0036017570763,0.0547737524029,0.0725122041071,0.0001583995413,15.1439384097487
57402,3.6331208798238,0.0036485910965,0.0546688190081,0.0724966772496,0.0001583995413,15.1439384097487
57403,3.6331290908060,0.0036656532022,0.0545840671626,0.0724738372492,0.0001552315505,15.1439384097487
57404,3.6331331064083,0.0036188191820,0.0546367556035,0.0724726396471,0.0001552315505,15.1439384097487
57405,3.6330811556470,0.0035986223206,0.0546281963072,0.0724601918581,0.0001552315505,15.1439384097487
57407,3.6331438387503,0.0036188191820,0.0545599701205,0.0724453681222,0.0001552315505,15.1439384097487
57408,3.6332280401765,0.0036560946767,0.0544646118693,0.0724284782606,0.0001552315505,15.1439384097487
57409,3.6332804790490,0.0036560946767,0.0544407701708,0.0724207053747,0.0001552315505,15.1439384097487
57570,3.6325689286634,0.0032849153709,0.0547357255124,0.0723569013325,0.0001490843811,15.1439384097487
57572,3.6325468860824,0.0032803592322,0.0547291343361,0.0723522828091,0.0001490843811,15.1439384097487
57573,3.6325575841736,0.0033099603604,0.0546534649134,0.0723380955903,0.0001490843811,15.1439384097487
57574,3.6326551279382,0.0033099603604,0.0546482128710,0.0723376000986,0.0001490843811,15.1439384097487
57588,3.6320392971402,0.0032761281385,0.0544712453319,0.0722511839179,0.0001490843811,15.1439384097487
57589,3.6319945607116,0.0032761281385,0.0542567934499,0.0721739609426,0.0001490843811,15.1439384097487
57592,3.6320433764720,0.0031956161550,0.0542648339450,0.0721430181519,0.0001490843811,15.1439384097487
57596,3.6320730214512,0.0030847152225,0.0543891189962,0.0721402961736,0.0001490843811,15.1439384097487
57598,3.6320779874276,0.0030784457113,0.0542935224228,0.0721035378751,0.0001461026934,15.1439384097487
60302,3.6395340471943,0.0036325922734,0.0532541542355,0.0720753290812,0.0000651180295,15.1439384097487
61872,3.6452111960062,0.0035149590538,0.0531378896182,0.0720637230421,0.0000434733156,15.1439384097487
61873,3.6452024969043,0.0035187273716,0.0531310067591,0.0720627567798,0.0000434733156,15.1439384097487
61950,3.6454455211993,0.0036371484121,0.0529484870060,0.0720517618056,0.0000426038493,15.1439384097487
61952,3.6454287593415,0.0036304161250,0.0528604697518,0.0720172046269,0.0000426038493,15.1439384097487
62067,3.6456863631391,0.0035016652659,0.0529959353957,0.0720140513509,0.0000409167368,15.1439384097487
62070,3.6457769455101,0.0034726811722,0.0529139399548,0.0719736272449,0.0000409167368,15.1439384097487
62073,3.6457360983100,0.0034258471520,0.0529675706996,0.0719721313742,0.0000409167368,15.1439384097487
62174,3.6450670968864,0.0032975755965,0.0531250247294,0.0719639251072,0.0000400984021,15.1439384097487
62178,3.6450882410118,0.0033605461707,0.0530131952607,0.0719512725881,0.0000400984021,15.1439384097487
62180,3.6450344676250,0.0033137121505,0.0530112764503,0.0719297546859,0.0000400984021,15.1439384097487
62184,3.6451645464896,0.0032668781303,0.0528724042023,0.0718619263388,0.0000400984021,15.1439384097487
62190,3.6452605260177,0.0032668781303,0.0528598781239,0.0718588108432,0.0000400984021,15.1439384097487
63657,3.6461332160635,0.0033824233492,0.0525729953919,0.0718182206099,0.0000278738160,15.1439384097487
63658,3.6462853180600,0.0034175226955,0.0524121939129,0.0717779863203,0.0000278738160,15.1439384097487
63753,3.6460110043352,0.0032203526273,0.0525941478115,0.0717545868769,0.0000273163397,15.1439384097487
63754,3.6459509094434,0.0032001557660,0.0525962072366,0.0717458162495,0.0000273163397,15.1439384097487
63781,3.6459239736595,0.0029704922203,0.0527751602762,0.0717109196759,0.0000273163397,15.1439384097487
63783,3.6459528554728,0.0029540471491,0.0527884407924,0.0717090235055,0.0000273163397,15.1439384097487
64258,3.6475606237717,0.0028188559925,0.0527753518010,0.0716691596124,0.0000246918075,15.1439384097487
64317,3.6479003226805,0.0027580946222,0.0528241858890,0.0716653664876,0.0000241979714,15.1439384097487
64406,3.6479550221329,0.0029496617968,0.0525273352163,0.0716422226015,0.0000237140120,15.1439384097487
64407,3.6478607582914,0.0029496617968,0.0524232443714,0.0716037134727,0.0000237140120,15.1439384097487
64421,3.6477489255006,0.0029964958170,0.0522986545991,0.0715777064219,0.0000237140120,15.1439384097487
64427,3.6477348839282,0.0029496617968,0.0523144629228,0.0715630818415,0.0000237140120,15.1439384097487
64484,3.6477911465298,0.0028083719153,0.0524251872652,0.0715428695552,0.0000232397317,15.1439384097487
64486,3.6477376288388,0.0028176219235,0.0523840857495,0.0715313974599,0.0000232397317,15.1439384097487
64503,3.6478214220336,0.0027139325817,0.0524495370510,0.0715115203035,0.0000232397317,15.1439384097487
65559,3.6480393812145,0.0027837897016,0.0523545702644,0.0715106264675,0.0000189885528,15.1439384097487
65560,3.6482037524494,0.0027660940337,0.0523313940972,0.0714970912492,0.0000189885528,15.1439384097487
65575,3.6481393666163,0.0027660940337,0.0523128502442,0.0714895573893,0.0000189885528,15.1439384097487
65582,3.6479211380492,0.0027660940337,0.0521267425790,0.0714200024464,0.0000186087818,15.1439384097487
65703,3.6477208031979,0.0027200313066,0.0520925341214,0.0713852092467,0.0000182366061,15.1439384097487
65735,3.6478989826653,0.0029441966341,0.0517990100817,0.0713789713147,0.0000182366061,15.1439384097487
66029,3.6488081896255,0.0029656440921,0.0517344839392,0.0713779832491,0.0000171641478,15.1439384097487
66071,3.6486413999440,0.0030281518904,0.0516597356536,0.0713757164264,0.0000168208649,15.1439384097487
66080,3.6485268091101,0.0030281518904,0.0515172262517,0.0713231987588,0.0000168208649,15.1439384097487
66252,3.6485787230052,0.0030262512038,0.0515159909817,0.0713226775891,0.0000164844476,15.1439384097487
66256,3.6485668317238,0.0030550645112,0.0514690129600,0.0713180800237,0.0000164844476,15.1439384097487
66274,3.6490116229032,0.0030014982038,0.0514455330798,0.0712930311287,0.0000164844476,15.1439384097487
66308,3.6490821803341,0.0029889757091,0.0513806046692,0.0712654740101,0.0000161547586,15.1439384097487
66313,3.6491078311063,0.0029415081266,0.0513650924788,0.0712399536492,0.0000161547586,15.1439384097487
66314,3.6490266727706,0.0028946741064,0.0514222008679,0.0712391293945,0.0000158316634,15.1439384097487
66571,3.6491162436870,0.0028759151558,0.0514323263158,0.0712359734981,0.0000155150302,15.1439384097487
66630,3.6491877351980,0.0028220238035,0.0514859241191,0.0712330308770,0.0000152047296,15.1439384097487
66896,3.6499149658841,0.0026863368156,0.0515146539902,0.0711954302445,0.0000146026223,15.1439384097487
66929,3.6499560096128,0.0026412326957,0.0514985486662,0.0711709287719,0.0000143105698,15.1439384097487
66951,3.6499964215942,0.0026700625307,0.0514556467932,0.0711685341448,0.0000143105698,15.1439384097487
66952,3.6500402105980,0.0027168965509,0.0513767329821,0.0711610419753,0.0000143105698,15.1439384097487
66956,3.6500647265277,0.0027147038748,0.0513753959698,0.0711599716513,0.0000143105698,15.1439384097487
66970,3.6503243803117,0.0027147038748,0.0513403289143,0.0711511217866,0.0000143105698,15.1439384097487
66996,3.6501428880971,0.0027393026162,0.0512583440665,0.0711298156988,0.0000140243584,15.1439384097487
67007,3.6500942207362,0.0027147038748,0.0512421326664,0.0711127949555,0.0000140243584,15.1439384097487
67009,3.6501310753822,0.0027272428973,0.0511862292621,0.0710987248115,0.0000140243584,15.1439384097487
67245,3.6498893537822,0.0028152584610,0.0510814279523,0.0710955963837,0.0000137438713,15.1439384097487
67279,3.6498511907349,0.0028620924812,0.0510221217418,0.0710939473126,0.0000134689938,15.1439384097487
67316,3.6499333705715,0.0026399986267,0.0512661634209,0.0710870848138,0.0000134689938,15.1439384097487
67319,3.6499482949497,0.0026263632661,0.0512736687000,0.0710841327237,0.0000134689938,15.1439384097487
67328,3.6502060991882,0.0026263632661,0.0512599911953,0.0710828958133,0.0000131996140,15.1439384097487
67330,3.6502264302808,0.0026263632661,0.0512386016446,0.0710755443716,0.0000131996140,15.1439384097487
67443,3.6502382998864,0.0026534466732,0.0512048277328,0.0710752573888,0.0000131996140,15.1439384097487
67494,3.6502182839881,0.0026728722414,0.0511289530932,0.0710562013231,0.0000129356217,15.1439384097487
67511,3.6501429193629,0.0026260382211,0.0511209841306,0.0710322171377,0.0000129356217,15.1439384097487
67928,3.6509167347240,0.0026600412294,0.0509832427689,0.0710085459476,0.0000121749036,15.1439384097487
68000,3.6509572590523,0.0025746811177,0.0510815104412,0.0710076320564,0.0000121749036,15.1439384097487
68002,3.6510038381747,0.0025594866432,0.0510883488675,0.0710042215253,0.0000119314056,15.1439384097487
68005,3.6511628307635,0.0025328494843,0.0511099053254,0.0710027540695,0.0000119314056,15.1439384097487
68014,3.6510839776643,0.0025420829648,0.0510612354237,0.0709882134016,0.0000119314056,15.1439384097487
68015,3.6510962471743,0.0025270592766,0.0510523984103,0.0709787922147,0.0000116927775,15.1439384097487
68037,3.6510596880231,0.0025270592766,0.0510068572871,0.0709620102182,0.0000116927775,15.1439384097487
68038,3.6509072349803,0.0025738932968,0.0508666502665,0.0709298508049,0.0000116927775,15.1439384097487
68045,3.6510572405886,0.0025738932968,0.0508595104055,0.0709294234239,0.0000116927775,15.1439384097487
68046,3.6510549361287,0.0026207273171,0.0507356587022,0.0709052297877,0.0000116927775,15.1439384097487
68060,3.6510778546848,0.0026675613373,0.0506578311121,0.0708978302388,0.0000116927775,15.1439384097487
68077,3.6511777797212,0.0026675613373,0.0506225928365,0.0708866590729,0.0000116927775,15.1439384097487
68095,3.6511920483727,0.0026547303253,0.0506360563101,0.0708861703517,0.0000116927775,15.1439384097487
68503,3.6504289386429,0.0026710046102,0.0505708580091,0.0708590619862,0.0000110051486,15.1439384097487
68509,3.6503874564037,0.0026335748568,0.0506099241102,0.0708563858713,0.0000110051486,15.1439384097487
68549,3.6504181644840,0.0026611375674,0.0505375739294,0.0708427936286,0.0000107850456,15.1439384097487
68619,3.6505102414608,0.0026932398890,0.0504883020451,0.0708402575480,0.0000107850456,15.1439384097487
68786,3.6503356533984,0.0026293272354,0.0505534343915,0.0708336575535,0.0000103579578,15.1439384097487
68878,3.6502111797354,0.0027731348380,0.0503355167602,0.0708157003638,0.0000101507987,15.1439384097487
68999,3.6501889750886,0.0026778911559,0.0504289657378,0.0708079420835,0.0000101507987,15.1439384097487
69359,3.6500855413364,0.0026390400195,0.0503986172906,0.0707789892846,0.0000095538505,15.1439384097487
69373,3.6501335063431,0.0026490778486,0.0503525314842,0.0707675106964,0.0000093627735,15.1439384097487
69420,3.6502382565158,0.0027076630704,0.0502678542252,0.0707638589784,0.0000093627735,15.1439384097487
69508,3.6501027468628,0.0026517498283,0.0502979854237,0.0707487398501,0.0000093627735,15.1439384097487
69559,3.6503362623662,0.0026517498283,0.0502861937793,0.0707478327773,0.0000091755180,15.1439384097487
69598,3.6503080716174,0.0026517498283,0.0502074605370,0.0707193148650,0.0000089920077,15.1439384097487
69737,3.6499591230668,0.0026868326469,0.0500951491124,0.0706893015370,0.0000088121675,15.1439384097487
69743,3.6499037069122,0.0027336666671,0.0500366372352,0.0706876920260,0.0000088121675,15.1439384097487
69753,3.6497940633298,0.0027336666671,0.0500279471566,0.0706830369772,0.0000088121675,15.1439384097487
69846,3.6497860356278,0.0027114313883,0.0500365729271,0.0706764746128,0.0000088121675,15.1439384097487
69864,3.6498403615037,0.0027114313883,0.0499866621409,0.0706594180396,0.0000088121675,15.1439384097487
69964,3.6499511665046,0.0026645973680,0.0499654876917,0.0706333518967,0.0000086359242,15.1439384097487
70179,3.6498890158943,0.0027323995427,0.0498610747543,0.0706242402098,0.0000082939416,15.1439384097487
70196,3.6497889072895,0.0027643476057,0.0498027653504,0.0706156909196,0.0000082939416,15.1439384097487
70231,3.6496853979931,0.0027275514145,0.0498451250816,0.0706135849492,0.0000081280627,15.1439384097487
70246,3.6497254624505,0.0027284934940,0.0498254038394,0.0706075123061,0.0000081280627,15.1439384097487
70258,3.6498030548113,0.0027284934940,0.0497746454582,0.0705904822396,0.0000081280627,15.1439384097487
70390,3.6497660791363,0.0027001429625,0.0497984732298,0.0705863187269,0.0000079655015,15.1439384097487
70611,3.6495666909670,0.0027001429625,0.0497849567790,0.0705786700938,0.0000076500676,15.1439384097487
70699,3.6496339606535,0.0028212029273,0.0496314634018,0.0705766857341,0.0000076500676,15.1439384097487
70742,3.6495927413059,0.0027369391537,0.0497331915256,0.0705763209101,0.0000074970663,15.1439384097487
71688,3.6495839114319,0.0029007893590,0.0494870417645,0.0705585068556,0.0000065083946,15.1439384097487
71714,3.6497059747674,0.0026833563186,0.0496873655114,0.0705385926502,0.0000065083946,15.1439384097487
71750,3.6496234382302,0.0027272263696,0.0496376280289,0.0705384628275,0.0000063782268,15.1439384097487
71756,3.6496047023534,0.0027740603898,0.0495133552221,0.0705138862938,0.0000063782268,15.1439384097487
71839,3.6497723500901,0.0027784622698,0.0494924441386,0.0705106767739,0.0000063782268,15.1439384097487
71840,3.6497960763055,0.0027784622698,0.0494698620177,0.0705029474551,0.0000063782268,15.1439384097487
71884,3.6497916857576,0.0027054703943,0.0494764645807,0.0704739611549,0.0000063782268,15.1439384097487
71899,3.6498847455338,0.0026586363740,0.0494800149990,0.0704564742281,0.0000063782268,15.1439384097487
71901,3.6498878914551,0.0027054703943,0.0494168326582,0.0704540253440,0.0000063782268,15.1439384097487
71971,3.6499158409466,0.0027147204025,0.0493182405378,0.0704231736451,0.0000061256490,15.1439384097487
71972,3.6498234473903,0.0027214692173,0.0492592209433,0.0704036802050,0.0000061256490,15.1439384097487
72042,3.6498277782784,0.0027353965674,0.0492362092482,0.0704014918886,0.0000061256490,15.1439384097487
72091,3.6499209801540,0.0027822305876,0.0491706848257,0.0703994808324,0.0000060031360,15.1439384097487
72189,3.6498894284980,0.0028290646079,0.0491071493954,0.0703964148764,0.0000060031360,15.1439384097487
72267,3.6495603887806,0.0028036945734,0.0490636618255,0.0703653548396,0.0000058830733,15.1439384097487
72997,3.6499005376379,0.0026645808403,0.0492101146004,0.0703628523143,0.0000052114756,15.1439384097487
73010,3.6497971556336,0.0027114148605,0.0491503424592,0.0703601139955,0.0000052114756,15.1439384097487
73167,3.6497391374921,0.0027292647871,0.0490850668622,0.0703436302980,0.0000051072461,15.1439384097487
73178,3.6497487754397,0.0027292647871,0.0490762826045,0.0703406294394,0.0000051072461,15.1439384097487
73239,3.6496668689744,0.0027292647871,0.0490247930232,0.0703210813322,0.0000051072461,15.1439384097487
73276,3.6497311320425,0.0027386690539,0.0490057745236,0.0703192287291,0.0000050051012,15.1439384097487
73289,3.6497253932146,0.0027487068830,0.0489899942913,0.0703178136546,0.0000050051012,15.1439384097487
73330,3.6497181823433,0.0026544052803,0.0490833550804,0.0703106397876,0.0000050051012,15.1439384097487
73371,3.6496078198167,0.0026544052803,0.0489899942913,0.0702757350263,0.0000049049992,15.1439384097487
73399,3.6496701432234,0.0026075712601,0.0490189565212,0.0702668888289,0.0000049049992,15.1439384097487
73471,3.6497511414254,0.0026075712601,0.0489666378045,0.0702493496921,0.0000048068992,15.1439384097487
73800,3.6505233567689,0.0026761777833,0.0488536101264,0.0702493122553,0.0000045242151,15.1439384097487
73818,3.6503242007630,0.0026761777833,0.0488297176422,0.0702379611810,0.0000045242151,15.1439384097487
73849,3.6503326575125,0.0026761777833,0.0487892490737,0.0702236277833,0.0000045242151,15.1439384097487
73865,3.6502936198935,0.0026706960929,0.0487947092929,0.0702226761860,0.0000045242151,15.1439384097487
73866,3.6502922155125,0.0026238620727,0.0488078851776,0.0702072902643,0.0000045242151,15.1439384097487
73920,3.6501965023780,0.0026144578058,0.0488198609402,0.0702061825878,0.0000045242151,15.1439384097487
73947,3.6502806593555,0.0026487693313,0.0487734509636,0.0702055033513,0.0000045242151,15.1439384097487
73977,3.6501150553976,0.0026487693313,0.0487591247643,0.0701980435666,0.0000044337308,15.1439384097487
74053,3.6501650828880,0.0026387315022,0.0487599762509,0.0701947536278,0.0000044337308,15.1439384097487
74159,3.6500055434884,0.0026204187998,0.0487651844783,0.0701865079362,0.0000043450561,15.1439384097487
74266,3.6499321327958,0.0026446924962,0.0487156341009,0.0701781756292,0.0000042581550,15.1439384097487
74273,3.6499859980052,0.0026446924962,0.0486885907961,0.0701692794952,0.0000042581550,15.1439384097487
74290,3.6499995916168,0.0026213608793,0.0486711287045,0.0701532361182,0.0000042581550,15.1439384097487
74317,3.6499432790489,0.0026631759850,0.0486199506782,0.0701520821922,0.0000041729919,15.1439384097487
74532,3.6499051279986,0.0026531381559,0.0485724595523,0.0701302793142,0.0000040895321,15.1439384097487
74630,3.6498499649199,0.0026067669116,0.0485892150823,0.0701156094878,0.0000040895321,15.1439384097487
74785,3.6497965096280,0.0025644890300,0.0486174602754,0.0701068215758,0.0000040077414,15.1439384097487
74825,3.6497579437721,0.0026113230502,0.0485597947257,0.0701057527553,0.0000038490349,15.1439384097487
74850,3.6497837613022,0.0025928395615,0.0485352619185,0.0700894348596,0.0000038490349,15.1439384097487
74855,3.6497828290768,0.0025585280360,0.0485749743944,0.0700888997563,0.0000038490349,15.1439384097487
75062,3.6498152553425,0.0025460055412,0.0485754760323,0.0700841709587,0.0000037720542,15.1439384097487
75114,3.6498353282074,0.0025505616799,0.0485329778535,0.0700712296982,0.0000037720542,15.1439384097487
75169,3.6498207935417,0.0025973957001,0.0484501918551,0.0700615293287,0.0000036966131,15.1439384097487
75391,3.6497783504980,0.0026442297204,0.0483728551675,0.0700533802398,0.0000035502272,15.1439384097487
75419,3.6498609239104,0.0026988923658,0.0482471389678,0.0700330768534,0.0000035502272,15.1439384097487
75509,3.6498815176619,0.0026525211214,0.0482818983709,0.0700259089357,0.0000034792227,15.1439384097487
75536,3.6498003018496,0.0026280766387,0.0483118963770,0.0700249971041,0.0000034792227,15.1439384097487
75630,3.6495811882377,0.0025469310930,0.0484168346336,0.0700245979475,0.0000034792227,15.1439384097487
75640,3.6496429144673,0.0025812426184,0.0483345502732,0.0700107890374,0.0000034792227,15.1439384097487
75643,3.6495956745254,0.0026056871012,0.0482434889622,0.0699880749055,0.0000034792227,15.1439384097487
75651,3.6495840109486,0.0026116315675,0.0481957513391,0.0699734083440,0.0000034096382,15.1439384097487
76004,3.6495854959642,0.0026015937384,0.0481659220156,0.0699584741003,0.0000032091242,15.1439384097487
76827,3.6497432118142,0.0026011309625,0.0481477003226,0.0699539996890,0.0000029007941,15.1439384097487
76926,3.6497503672763,0.0026285559423,0.0481039777639,0.0699502393015,0.0000028427782,15.1439384097487
77185,3.6496826014252,0.0026670820337,0.0480425474155,0.0699438521912,0.0000026756001,15.1439384097487
77471,3.6496842482201,0.0025914181784,0.0481305394604,0.0699428738570,0.0000026220881,15.1439384097487
77660,3.6495690407914,0.0025779536042,0.0480763025188,0.0699161028115,0.0000025696464,15.1439384097487
77780,3.6496464205056,0.0025577567429,0.0480771476895,0.0699088437782,0.0000024678884,15.1439384097487
77993,3.6496144169947,0.0025577567429,0.0480712561593,0.0699062868127,0.0000024185306,15.1439384097487
78032,3.6495962604434,0.0026169755270,0.0479601927756,0.0698917438835,0.0000023701600,15.1439384097487
78084,3.6496132706170,0.0025701415067,0.0479889213422,0.0698821730557,0.0000023701600,15.1439384097487
78094,3.6497127995293,0.0025701415067,0.0479528741937,0.0698707074015,0.0000023701600,15.1439384097487
78148,3.6497069746674,0.0025577567429,0.0478881726502,0.0698422095301,0.0000023701600,15.1439384097487
78238,3.6496793825872,0.0025917432234,0.0478400193596,0.0698391871347,0.0000023227568,15.1439384097487
78286,3.6496959048573,0.0026385772436,0.0477781850484,0.0698374089641,0.0000023227568,15.1439384097487
78292,3.6496990204187,0.0026008224453,0.0478184301273,0.0698356456637,0.0000023227568,15.1439384097487
78359,3.6496614300774,0.0026232285105,0.0477524273787,0.0698211439521,0.0000022763017,15.1439384097487
78362,3.6496233461346,0.0025763944903,0.0477913633517,0.0698144390485,0.0000022763017,15.1439384097487
78554,3.6496270439484,0.0025763944903,0.0477734705431,0.0698081010835,0.0000021861601,15.1439384097487
78592,3.6496575913565,0.0026131906814,0.0477156430127,0.0698036504341,0.0000021861601,15.1439384097487
78717,3.6496818308684,0.0026093011604,0.0477010936187,0.0697971302718,0.0000021424369,15.1439384097487
78730,3.6496637496872,0.0026216693965,0.0476525963942,0.0697848546596,0.0000021424369,15.1439384097487
78790,3.6496338168430,0.0026216693965,0.0475980174243,0.0697649386226,0.0000021424369,15.1439384097487
78791,3.6496459498752,0.0026685034168,0.0475194536360,0.0697571235314,0.0000021424369,15.1439384097487
78821,3.6496617634784,0.0026317072256,0.0475492829595,0.0697522308264,0.0000020995882,15.1439384097487
78946,3.6496734528946,0.0026317072256,0.0475354441750,0.0697474538078,0.0000020575964,15.1439384097487
79026,3.6497285960749,0.0025848732054,0.0475802861910,0.0697441773629,0.0000020575964,15.1439384097487
79106,3.6496903334108,0.0026317072256,0.0474651939873,0.0697226033132,0.0000020164445,15.1439384097487
79158,3.6497197984927,0.0026769821319,0.0473972520644,0.0697181588010,0.0000020164445,15.1439384097487
79159,3.6497913330976,0.0026769821319,0.0473901354889,0.0697166293767,0.0000020164445,15.1439384097487
79323,3.6497179630292,0.0027238161521,0.0473243157122,0.0697121558550,0.0000019761156,15.1439384097487
79324,3.6496969985068,0.0027706501723,0.0472583539828,0.0697083731709,0.0000019365933,15.1439384097487
79469,3.6496292220217,0.0027808257323,0.0472221221269,0.0696988351439,0.0000018978614,15.1439384097487
79504,3.6496478921585,0.0027645349197,0.0471959625949,0.0696827748583,0.0000018978614,15.1439384097487
79745,3.6495873204428,0.0026887168058,0.0472839737191,0.0696808568395,0.0000018227061,15.1439384097487
79747,3.6495651543270,0.0026418827856,0.0472874463256,0.0696617116841,0.0000018227061,15.1439384097487
79764,3.6496104589302,0.0026887168058,0.0472079996512,0.0696540506519,0.0000018227061,15.1439384097487
79771,3.6497000173989,0.0027054869220,0.0471680200742,0.0696482266705,0.0000018227061,15.1439384097487
79790,3.6496561761990,0.0026586529017,0.0472233775666,0.0696473051305,0.0000018227061,15.1439384097487
79851,3.6497464537017,0.0026586529017,0.0471881392910,0.0696359974527,0.0000017862520,15.1439384097487
79856,3.6495901839454,0.0026418827856,0.0471919968484,0.0696279767525,0.0000017862520,15.1439384097487
79890,3.6495339460646,0.0026418827856,0.0471907485176,0.0696267351579,0.0000017862520,15.1439384097487
79971,3.6494630500035,0.0026874662091,0.0470716810274,0.0696027436327,0.0000017505269,15.1439384097487
80099,3.6494890369932,0.0026979668140,0.0470400646480,0.0695963200420,0.0000017155164,15.1439384097487
80209,3.6494013069298,0.0027245874452,0.0470038143324,0.0695935409682,0.0000017155164,15.1439384097487
80243,3.6494127806779,0.0027140868403,0.0469662984804,0.0695758045431,0.0000016812061,15.1439384097487
80281,3.6493961778502,0.0027140868403,0.0469366736403,0.0695649893142,0.0000016812061,15.1439384097487
80290,3.6493474430175,0.0027164503028,0.0468740129439,0.0695429338119,0.0000016812061,15.1439384097487
80313,3.6493137358664,0.0027377600299,0.0468182484684,0.0695316737140,0.0000016812061,15.1439384097487
80402,3.6493401371576,0.0026469017001,0.0468682270776,0.0695109575096,0.0000016475820,15.1439384097487
80422,3.6493230718301,0.0026469017001,0.0468043959189,0.0694879191940,0.0000016146303,15.1439384097487
80533,3.6493164361948,0.0025875286574,0.0468686274609,0.0694853195469,0.0000016146303,15.1439384097487
80575,3.6493011476221,0.0025485232624,0.0468847082869,0.0694741297689,0.0000016146303,15.1439384097487
80640,3.6492660290847,0.0025953572826,0.0467436081231,0.0694433116512,0.0000015823377,15.1439384097487
80841,3.6492520580977,0.0026058578875,0.0467113295791,0.0694360861705,0.0000015506910,15.1439384097487
81346,3.6492257207381,0.0026890253231,0.0465766544750,0.0694232584338,0.0000014303080,15.1439384097487
81369,3.6491632532869,0.0026548680562,0.0464990074940,0.0693800046303,0.0000014303080,15.1439384097487
81428,3.6491673981458,0.0026503284453,0.0464660667854,0.0693663531935,0.0000014017018,15.1439384097487
81450,3.6491921136780,0.0026335748568,0.0464758097338,0.0693630024317,0.0000013736678,15.1439384097487
81605,3.6491731618379,0.0026235370277,0.0464554592866,0.0693511643208,0.0000013461944,15.1439384097487
81693,3.6491098774209,0.0026335748568,0.0464192530422,0.0693416399757,0.0000013461944,15.1439384097487
81694,3.6490163135038,0.0025821846979,0.0463531990146,0.0692947009746,0.0000013461944,15.1439384097487
82239,3.6489914551201,0.0025533548628,0.0463853597681,0.0692934795699,0.0000012416869,15.1439384097487
82288,3.6490369111317,0.0025721468688,0.0463263775191,0.0692811113974,0.0000012168531,15.1439384097487
82309,3.6490665964605,0.0025973791724,0.0462480567058,0.0692643735681,0.0000012168531,15.1439384097487
82909,3.6490399515470,0.0025969163965,0.0462298350128,0.0692572904644,0.0000011223866,15.1439384097487
83003,3.6490492001401,0.0026437504168,0.0461665379643,0.0692548869656,0.0000010999388,15.1439384097487
83146,3.6489918351866,0.0026276138628,0.0461830646285,0.0692530619694,0.0000010563813,15.1439384097487
83192,3.6489412782205,0.0026022438283,0.0462127607142,0.0692520794647,0.0000010563813,15.1439384097487
83246,3.6490172340602,0.0026188431582,0.0461557783544,0.0692399173905,0.0000010563813,15.1439384097487
83279,3.6491019767691,0.0026656771784,0.0460921142625,0.0692384510414,0.0000010563813,15.1439384097487
83344,3.6492028976702,0.0027125111986,0.0460283155162,0.0692371655218,0.0000010352536,15.1439384097487
83386,3.6491696317581,0.0026379436814,0.0460981574694,0.0692296808587,0.0000010352536,15.1439384097487
83431,3.6492226663142,0.0026379436814,0.0460699970969,0.0692203740182,0.0000010352536,15.1439384097487
83438,3.6492471337749,0.0026379436814,0.0460538190166,0.0692149423453,0.0000010352536,15.1439384097487
83488,3.6492193270047,0.0026011474902,0.0460812214853,0.0692085656811,0.0000010145486,15.1439384097487
83515,3.6492887739788,0.0026224572174,0.0460395399046,0.0692037948126,0.0000010145486,15.1439384097487
83548,3.6492146927033,0.0026479815105,0.0460031603716,0.0692006928599,0.0000009942576,15.1439384097487
83794,3.6491569681785,0.0026011474902,0.0460546244851,0.0691981843793,0.0000009743724,15.1439384097487
84039,3.6492202865119,0.0026116480952,0.0460365291759,0.0691971179783,0.0000009170716,15.1439384097487
84085,3.6492881248378,0.0026558266634,0.0459795791948,0.0691966722792,0.0000009170716,15.1439384097487
84491,3.6491961920069,0.0025541592114,0.0460921131766,0.0691919903784,0.0000008631404,15.1439384097487
84518,3.6490851811705,0.0026009932316,0.0459727912453,0.0691678763300,0.0000008631404,15.1439384097487
84519,3.6491431378157,0.0026025523456,0.0459544691164,0.0691628209869,0.0000008631404,15.1439384097487
84913,3.6490983000378,0.0026493863658,0.0458755673300,0.0691540790489,0.0000008123808,15.1439384097487
84948,3.6491337936155,0.0026493863658,0.0458299006795,0.0691382717626,0.0000008123808,15.1439384097487
84964,3.6490937559260,0.0025876829160,0.0458458463705,0.0691169557860,0.0000008123808,15.1439384097487
85183,3.6492363975502,0.0026345169363,0.0457657772458,0.0691104497624,0.0000007802106,15.1439384097487
86229,3.6491543863604,0.0026786955044,0.0457087718858,0.0691078639245,0.0000006637743,15.1439384097487
86281,3.6490935206597,0.0026906009647,0.0456903943780,0.0691055416234,0.0000006637743,15.1439384097487
86549,3.6490633026487,0.0026681948995,0.0456718085102,0.0690888736312,0.0000006247391,15.1439384097487
86595,3.6490605095855,0.0026240163313,0.0457100750213,0.0690835670486,0.0000006247391,15.1439384097487
86656,3.6491566227755,0.0026708503515,0.0456457615545,0.0690820296715,0.0000006247391,15.1439384097487
86833,3.6491674914784,0.0026124193883,0.0456839151301,0.0690707678985,0.0000006122443,15.1439384097487
86854,3.6491480285922,0.0026025523456,0.0456558154937,0.0690562281830,0.0000006122443,15.1439384097487
86858,3.6491200446274,0.0026493863658,0.0455911349834,0.0690528037524,0.0000006122443,15.1439384097487
86919,3.6490910735137,0.0026125901746,0.0456193508144,0.0690467010994,0.0000005999994,15.1439384097487
87049,3.6490263503793,0.0026125901746,0.0456181579030,0.0690453592316,0.0000005762394,15.1439384097487
87071,3.6489530873862,0.0026594241949,0.0455167306579,0.0690281702720,0.0000005762394,15.1439384097487
87555,3.6489013262625,0.0026594241949,0.0454976911509,0.0690206380316,0.0000005423519,15.1439384097487
87692,3.6489230515283,0.0026594241949,0.0454633594975,0.0690086841379,0.0000005315049,15.1439384097487
87976,3.6490362473475,0.0025901841094,0.0455385214494,0.0690074550831,0.0000005104573,15.1439384097487
88141,3.6489548043713,0.0026069542256,0.0455089631079,0.0690029333125,0.0000005002482,15.1439384097487
88150,3.6488344878898,0.0025601202054,0.0455697421423,0.0690028659174,0.0000005002482,15.1439384097487
88320,3.6487684708661,0.0025823554842,0.0455241385320,0.0689951741825,0.0000004804383,15.1439384097487
88601,3.6487623795877,0.0026291895045,0.0454439217302,0.0689865108565,0.0000004614130,15.1439384097487
89080,3.6488190540473,0.0026370181297,0.0453920161736,0.0689721302226,0.0000004342782,15.1439384097487
89089,3.6487806958209,0.0025995883763,0.0454089895546,0.0689616080552,0.0000004255926,15.1439384097487
89382,3.6486977791686,0.0026130529505,0.0453723700463,0.0689531269261,0.0000004087392,15.1439384097487
89388,3.6485987420173,0.0025895505472,0.0453356510879,0.0689285391848,0.0000004087392,15.1439384097487
89692,3.6486970767345,0.0025895505472,0.0452988326795,0.0689167811829,0.0000003925531,15.1439384097487
90251,3.6486924287017,0.0025342543396,0.0453541582453,0.0689127761695,0.0000003620785,15.1439384097487
90256,3.6486014209550,0.0025810883598,0.0452789412730,0.0689046969345,0.0000003620785,15.1439384097487
90637,3.6485645938512,0.0026252669280,0.0452062814660,0.0688971595745,0.0000003339697,15.1439384097487
90878,3.6485401617892,0.0026252669280,0.0451687003846,0.0688833920476,0.0000003272903,15.1439384097487
90958,3.6485514848554,0.0026252669280,0.0451613631448,0.0688809318255,0.0000003207445,15.1439384097487
90959,3.6484606302967,0.0025784329078,0.0452027309116,0.0688743487190,0.0000003207445,15.1439384097487
90974,3.6484761933754,0.0026252669280,0.0451414532786,0.0688727557896,0.0000003207445,15.1439384097487
91380,3.6484196396569,0.0026581735982,0.0450888633077,0.0688672762844,0.0000003018821,15.1439384097487
91475,3.6484254826349,0.0026581735982,0.0450512822262,0.0688539371473,0.0000002958445,15.1439384097487
91792,3.6483973168702,0.0025895670749,0.0451086500908,0.0688446243311,0.0000002841290,15.1439384097487
91874,3.6483595341446,0.0026208981034,0.0450724992942,0.0688446062928,0.0000002784465,15.1439384097487
91885,3.6483434245498,0.0026082048223,0.0450514165205,0.0688314088035,0.0000002784465,15.1439384097487
91995,3.6483632870576,0.0026544052803,0.0449724259732,0.0688232791432,0.0000002728775,15.1439384097487
92129,3.6483309803424,0.0027012393006,0.0448982684351,0.0688164088933,0.0000002674200,15.1439384097487
92169,3.6483460666190,0.0026855820502,0.0449061628793,0.0688127315573,0.0000002620716,15.1439384097487
92198,3.6482409582310,0.0026387480300,0.0449263236591,0.0687983728362,0.0000002620716,15.1439384097487
92342,3.6481256919585,0.0026855820502,0.0448312564756,0.0687828609836,0.0000002568301,15.1439384097487
92414,3.6480560333528,0.0027324160704,0.0447647778763,0.0687782046850,0.0000002568301,15.1439384097487
92428,3.6480942408708,0.0027754983005,0.0446893866791,0.0687702837042,0.0000002568301,15.1439384097487
92772,3.6480706877293,0.0027906927750,0.0446694214340,0.0687693319018,0.0000002417265,15.1439384097487
92872,3.6479946318937,0.0028129280539,0.0446100081436,0.0687565660897,0.0000002368919,15.1439384097487
92931,3.6478997890487,0.0027660940337,0.0446688804647,0.0687561781758,0.0000002368919,15.1439384097487
92948,3.6479138815861,0.0027347630052,0.0447050312613,0.0687558609995,0.0000002368919,15.1439384097487
92995,3.6478857979184,0.0027676696753,0.0446515584044,0.0687504690272,0.0000002321541,15.1439384097487
92997,3.6478892766658,0.0027208356551,0.0446960969250,0.0687463531428,0.0000002321541,15.1439384097487
93033,3.6478959826588,0.0027347630052,0.0446734297191,0.0687443214658,0.0000002321541,15.1439384097487
93130,3.6478373443814,0.0026753899625,0.0447345711598,0.0687398823771,0.0000002321541,15.1439384097487
93169,3.6477830816399,0.0026114938366,0.0447536756515,0.0687185535418,0.0000002275110,15.1439384097487
93228,3.6477818579608,0.0026171297856,0.0445968048628,0.0686649263518,0.0000002275110,15.1439384097487
93377,3.6478223708019,0.0026639638058,0.0444815896802,0.0686444230493,0.0000002185016,15.1439384097487
93545,3.6479215101621,0.0027107978260,0.0444166507349,0.0686427051071,0.0000002141316,15.1439384097487
93965,3.6478325090296,0.0026143035472,0.0444578892843,0.0686148191094,0.0000002015389,15.1439384097487
94058,3.6478293029519,0.0026611375674,0.0443563898495,0.0685985956685,0.0000001975081,15.1439384097487
94217,3.6477386955498,0.0026923143373,0.0443193058543,0.0685974307686,0.0000001935580,15.1439384097487
94276,3.6477159914006,0.0026988923658,0.0442587439776,0.0685782994198,0.0000001935580,15.1439384097487
94469,3.6477257562651,0.0026520583455,0.0442806066715,0.0685661739740,0.0000001858931,15.1439384097487
94644,3.6477174131867,0.0026472102174,0.0442845109750,0.0685653725448,0.0000001821752,15.1439384097487
94679,3.6476499371377,0.0026472102174,0.0442194981911,0.0685411989119,0.0000001821752,15.1439384097487
94821,3.6477027082943,0.0025878371746,0.0442804189102,0.0685382574302,0.0000001785317,15.1439384097487
94846,3.6477961957714,0.0026346711949,0.0442027048055,0.0685318969573,0.0000001785317,15.1439384097487
94973,3.6477795153262,0.0026815052151,0.0441243181459,0.0685237374175,0.0000001749611,15.1439384097487
95121,3.6478848158115,0.0026815052151,0.0440871162411,0.0685119410177,0.0000001680326,15.1439384097487
95261,3.6479231191410,0.0026052243253,0.0441284135869,0.0684945402494,0.0000001646720,15.1439384097487
95302,3.6478993006332,0.0026224572174,0.0440905145947,0.0684880533899,0.0000001646720,15.1439384097487
95305,3.6478731379563,0.0026052243253,0.0440522049805,0.0684666156596,0.0000001646720,15.1439384097487
95383,3.6479245083260,0.0025583903051,0.0440961738001,0.0684629739738,0.0000001613785,15.1439384097487
95554,3.6479447230906,0.0026052243253,0.0440142837941,0.0684540853036,0.0000001581510,15.1439384097487
95608,3.6478575984472,0.0025975499587,0.0439523646380,0.0684274494971,0.0000001581510,15.1439384097487
95805,3.6478541603302,0.0025975499587,0.0439245537589,0.0684174683912,0.0000001518882,15.1439384097487
95843,3.6478271810205,0.0026114773088,0.0438789675710,0.0684067747187,0.0000001518882,15.1439384097487
95981,3.6477555616400,0.0026583113291,0.0438167658832,0.0684036181437,0.0000001488504,15.1439384097487
96036,3.6476775819282,0.0026583113291,0.0437956665400,0.0683949792563,0.0000001488504,15.1439384097487
96121,3.6477256321186,0.0026197852376,0.0438394454593,0.0683947833095,0.0000001458734,15.1439384097487
96215,3.6476217173278,0.0026666192578,0.0437743588368,0.0683901394229,0.0000001429559,15.1439384097487
96464,3.6474846669728,0.0026017645247,0.0438561614921,0.0683896205179,0.0000001372949,15.1439384097487
96483,3.6476345560738,0.0026017645247,0.0437924236926,0.0683689779389,0.0000001372949,15.1439384097487
96511,3.6475774047021,0.0025729346897,0.0438255099819,0.0683676301391,0.0000001372949,15.1439384097487
96661,3.6475612566146,0.0025549305045,0.0438326647503,0.0683622408398,0.0000001318580,15.1439384097487
96670,3.6475584098479,0.0025549305045,0.0437947435639,0.0683486572774,0.0000001318580,15.1439384097487
96671,3.6474954610923,0.0026017645247,0.0437120545083,0.0683383064741,0.0000001318580,15.1439384097487
96672,3.6476062482365,0.0025549305045,0.0437142679143,0.0683205928839,0.0000001318580,15.1439384097487
96793,3.6475650246524,0.0025549305045,0.0436512186315,0.0682974919720,0.0000001292208,15.1439384097487
96881,3.6476032905188,0.0025549305045,0.0436335243130,0.0682917140320,0.0000001292208,15.1439384097487
96969,3.6476291103021,0.0026017645247,0.0435506145359,0.0682825404685,0.0000001266364,15.1439384097487
97093,3.6475418634143,0.0026346711949,0.0435133828637,0.0682821117637,0.0000001216216,15.1439384097487
97149,3.6474307394337,0.0026017645247,0.0435506145359,0.0682797335340,0.0000001216216,15.1439384097487
97259,3.6474324724139,0.0025549305045,0.0435903274496,0.0682738695160,0.0000001191892,15.1439384097487
97320,3.6473511460770,0.0025080964843,0.0436285833798,0.0682663098630,0.0000001191892,15.1439384097487
97378,3.6474056519791,0.0025080964843,0.0436083565119,0.0682598572365,0.0000001191892,15.1439384097487
97384,3.6472739329061,0.0025549305045,0.0435065046951,0.0682416894946,0.0000001191892,15.1439384097487
97431,3.6472524955240,0.0025549305045,0.0434888103767,0.0682350667576,0.0000001168054,15.1439384097487
97464,3.6472597908913,0.0025635469505,0.0434462950406,0.0682236787005,0.0000001168054,15.1439384097487
97503,3.6472844471009,0.0025635469505,0.0434282880837,0.0682175965282,0.0000001168054,15.1439384097487
97543,3.6472103264461,0.0026103809708,0.0433641640531,0.0682137180094,0.0000001168054,15.1439384097487
97832,3.6471992540185,0.0025718548793,0.0434069434612,0.0682123285132,0.0000001099363,15.1439384097487
98313,3.6472126532439,0.0025817219220,0.0433428009710,0.0681938388118,0.0000001014018,15.1439384097487
98566,3.6473300095180,0.0025234452174,0.0434009745952,0.0681912999590,0.0000000993737,15.1439384097487
98570,3.6473676511662,0.0025234452174,0.0433782403804,0.0681837132234,0.0000000993737,15.1439384097487
98679,3.6472961092112,0.0025702792376,0.0433030387697,0.0681759149144,0.0000000954385,15.1439384097487
98682,3.6471942581028,0.0025763944903,0.0432657701782,0.0681637843393,0.0000000954385,15.1439384097487
98719,3.6472170708445,0.0025763944903,0.0432499920383,0.0681584720881,0.0000000954385,15.1439384097487
98738,3.6472189976725,0.0025680865615,0.0432069485582,0.0681395661402,0.0000000954385,15.1439384097487
99022,3.6472450541060,0.0025763944903,0.0431671555357,0.0681292835842,0.0000000916592,15.1439384097487
99101,3.6472671587503,0.0025480439588,0.0431964989169,0.0681279259146,0.0000000916592,15.1439384097487
