0,3.12456,0.555358,0.320124,0.396553,100000.000000
1,3.1245775257056,0.5552407902202,0.3201679970267,0.3965186146207,100000.0000000000000,15.1439384097487
2,3.1246376116880,0.5552407902202,0.3200887489972,0.3964911619657,100000.0000000000000,15.1439384097487
3,3.1246506077444,0.5551939562000,0.3201102794441,0.3964789635814,100000.0000000000000,15.1439384097487
4,3.1247044013891,0.5551471221797,0.3201480457282,0.3964731409935,100000.0000000000000,15.1439384097487
5,3.1246105913067,0.5551471221798,0.3198478217387,0.3963645907337,100000.0000000000000,15.1439384097487
6,3.1247207354508,0.5550294889601,0.3197519731175,0.3962815033786,100000.0000000000000,15.1439384097487
7,3.1246978487656,0.5549826549399,0.3197088319102,0.3962457002365,100000.0000000000000,15.1439384097487
8,3.1245247901621,0.5549358209197,0.3197069868613,0.3962225207999,100000.0000000000000,15.1439384097487
9,3.1246524399437,0.5549358209197,0.3196659615920,0.3962096751538,100000.0000000000000,15.1439384097487
10,3.1245769284477,0.5548889868994,0.3196828171533,0.3961945547916,100000.0000000000000,15.1439384097487
11,3.1246103152779,0.5547713536798,0.3196539793217,0.3961343137504,100000.0000000000000,15.1439384097487
12,3.1247783340378,0.5547713536798,0.3196054464447,0.3961193580343,100000.0000000000000,15.1439384097487
13,3.1247484696810,0.5547713536798,0.3195477323515,0.3960983232795,100000.0000000000000,15.1439384097487
14,3.1248054546803,0.5546537204602,0.3194851828031,0.3960263762520,100000.0000000000000,15.1439384097487
15,3.1247692397186,0.5546537204602,0.3191464102191,0.3959048736042,100000.0000000000000,15.1439384097487
16,3.1249539903829,0.5545360872406,0.3191485082045,0.3958578228572,100000.0000000000000,15.1439384097487
17,3.1250482518390,0.5544892532203,0.3191328610354,0.3958334966529,100000.0000000000000,15.1439384097487
18,3.1251929869676,0.5544424192001,0.3191780415846,0.3958316088327,100000.0000000000000,15.1439384097487
19,3.1250320966767,0.5544424192001,0.3188545330248,0.3957137934745,100000.0000000000000,15.1439384097487
20,3.1251837263491,0.5544424192001,0.3188406545001,0.3957109824083,100000.0000000000000,15.1439384097487
21,3.1250982708302,0.5544424192001,0.3187680350144,0.3956838376878,100000.0000000000000,15.1439384097487
22,3.1248779936835,0.5544424192001,0.3187294507430,0.3956669406840,100000.0000000000000,15.1439384097487
23,3.1248218166817,0.5543247859805,0.3187937740430,0.3956387041533,100000.0000000000000,15.1439384097487
24,3.1249961488711,0.5542779519602,0.3188129495113,0.3956279476007,100000.0000000000000,15.1439384097487
25,3.1248917678747,0.5541603187406,0.3188568501962,0.3955917351957,100000.0000000000000,15.1439384097487
26,3.1248685505995,0.5540426855210,0.3182795531617,0.3953348149235,100000.0000000000000,15.1439384097487
27,3.1248755527802,0.5539250523014,0.3181622806454,0.3952426167254,100000.0000000000000,15.1439384097487
28,3.1247988364367,0.5538782182812,0.3179946840259,0.3951616035357,100000.0000000000000,15.1439384097487
29,3.1248644360216,0.5538782182812,0.3178794112498,0.3951213629168,100000.0000000000000,15.1439384097487
30,3.1248557757947,0.5538782182812,0.3178073731884,0.3950955124961,100000.0000000000000,15.1439384097487
31,3.1249333386437,0.5538313842609,0.3176332030655,0.3950143346670,100000.0000000000000,15.1439384097487
32,3.1249527252685,0.5537137510413,0.3172607907261,0.3948311903425,100000.0000000000000,15.1439384097487
33,3.1249586560122,0.5537137510413,0.3171677097708,0.3947980310638,100000.0000000000000,15.1439384097487
34,3.1250069302532,0.5536669170211,0.3172111348082,0.3947941513601,100000.0000000000000,15.1439384097487
35,3.1251282517343,0.5536200830008,0.3172055827612,0.3947738134540,100000.0000000000000,15.1439384097487
36,3.1251611344235,0.5536669170211,0.3171026245028,0.3947575796582,100000.0000000000000,15.1439384097487
37,3.1249373470516,0.5536669170211,0.3168762068594,0.3946735496379,100000.0000000000000,15.1439384097487
38,3.1250528924318,0.5535492838014,0.3168653859383,0.3946209057456,100000.0000000000000,15.1439384097487
39,3.1250615686356,0.5535492838014,0.3167958590527,0.3945961974827,100000.0000000000000,15.1439384097487
40,3.1251717178019,0.5535492838014,0.3167630400758,0.3945860350229,100000.0000000000000,15.1439384097487
41,3.1251869005055,0.5535492838014,0.3153682490073,0.3940881101898,100000.0000000000000,15.1439384097487
42,3.1251709934079,0.5535492838014,0.3152643185487,0.3940507670845,100000.0000000000000,15.1439384097487
43,3.1253085108600,0.5534316505818,0.3149820608125,0.3939014923759,100000.0000000000000,15.1439384097487
44,3.1252777239487,0.5533140173622,0.3149887785265,0.3938530416898,100000.0000000000000,15.1439384097487
45,3.1253434499523,0.5533140173622,0.3149679493868,0.3938465327298,100000.0000000000000,15.1439384097487
46,3.1252938060147,0.5533140173622,0.3149629001749,0.3938440269815,100000.0000000000000,15.1439384097487
47,3.1253617174417,0.5531963841426,0.3148948624518,0.3937702744998,100000.0000000000000,15.1439384097487
48,3.1253596169938,0.5531963841426,0.3147221895114,0.3937085758713,100000.0000000000000,15.1439384097487
49,3.1252727478104,0.5531495501224,0.3147195617310,0.3936863364623,100000.0000000000000,15.1439384097487
50,3.1253703769664,0.5530319169027,0.3146892014372,0.3936264607092,100000.0000000000000,15.1439384097487
51,3.1254170114822,0.5529142836831,0.3145846027542,0.3935393496750,100000.0000000000000,15.1439384097487
52,3.1253179311563,0.5527966504635,0.3146009145145,0.3934933590867,100000.0000000000000,15.1439384097487
53,3.1254841367426,0.5527966504635,0.3132891255668,0.3930272148319,100000.0000000000000,15.1439384097487
54,3.1254658092954,0.5527966504635,0.3131727241143,0.3929853835524,100000.0000000000000,15.1439384097487
55,3.1254884371899,0.5526790172439,0.3132845636132,0.3929752321768,100000.0000000000000,15.1439384097487
56,3.1254372022350,0.5526790172439,0.3131564948121,0.3929287683481,100000.0000000000000,15.1439384097487
57,3.1255462609590,0.5525613840242,0.3130881258620,0.3928554798026,100000.0000000000000,15.1439384097487
58,3.1254266034739,0.5525145500040,0.3129610611290,0.3927883346724,100000.0000000000000,15.1439384097487
59,3.1254215569119,0.5523969167844,0.3129664177636,0.3927397621107,100000.0000000000000,15.1439384097487
60,3.1254805609413,0.5523969167844,0.3128464436830,0.3926977491279,100000.0000000000000,15.1439384097487
61,3.1255636862283,0.5523969167844,0.3126131201682,0.3926155955184,100000.0000000000000,15.1439384097487
62,3.1255713257360,0.5522792835648,0.3126090040591,0.3925638193410,100000.0000000000000,15.1439384097487
63,3.1256863233686,0.5522324495445,0.3126228703641,0.3925503270786,100000.0000000000000,15.1439384097487
64,3.1257381398824,0.5522324495445,0.3125155660642,0.3925127373146,100000.0000000000000,15.1439384097487
65,3.1258173807926,0.5522324495445,0.3124843530688,0.3925027110698,100000.0000000000000,15.1439384097487
66,3.1258582512687,0.5521148163249,0.3124149697725,0.3924280953986,100000.0000000000000,15.1439384097487
67,3.1258519714245,0.5519971831053,0.3124148353621,0.3923775442986,100000.0000000000000,15.1439384097487
68,3.1258807317708,0.5519971831053,0.3124077995260,0.3923754384569,100000.0000000000000,15.1439384097487
69,3.1258938500432,0.5519503490851,0.3124602857641,0.3923742974417,100000.0000000000000,15.1439384097487
70,3.1259178156110,0.5518327158654,0.3125001655701,0.3923384651037,100000.0000000000000,15.1439384097487
71,3.1259763847959,0.5517858818452,0.3125044559263,0.3923207544009,100000.0000000000000,15.1439384097487
72,3.1259688939967,0.5517390478250,0.3124202822414,0.3922705146533,100000.0000000000000,15.1439384097487
73,3.1260642264311,0.5516214146054,0.3124804628515,0.3922429424389,100000.0000000000000,15.1439384097487
74,3.1261711103179,0.5516214146054,0.3124460739615,0.3922321730923,100000.0000000000000,15.1439384097487
75,3.1261437585237,0.5515037813857,0.3122376932941,0.3921069501624,100000.0000000000000,15.1439384097487
76,3.1261976615358,0.5515037813857,0.3122256711729,0.3921034192717,100000.0000000000000,15.1439384097487
77,3.1262880687804,0.5515037813857,0.3121756959486,0.3920868502337,100000.0000000000000,15.1439384097487
78,3.1263344719393,0.5513861481661,0.3121117931806,0.3920142701812,100000.0000000000000,15.1439384097487
79,3.1262435146987,0.5512685149465,0.3121582337490,0.3919791548226,100000.0000000000000,15.1439384097487
80,3.1264078029670,0.5512685149465,0.3121330289090,0.3919724777621,100000.0000000000000,15.1439384097487
81,3.1264228914106,0.5511508817269,0.3121498515326,0.3919282851054,100000.0000000000000,15.1439384097487
82,3.1265050696506,0.5511508817269,0.3120718831741,0.3919016020797,100000.0000000000000,15.1439384097487
83,3.1265044868753,0.5511508817269,0.3120060857386,0.3918780947493,100000.0000000000000,15.1439384097487
84,3.1265265191778,0.5511508817269,0.3119137676579,0.3918454357618,100000.0000000000000,15.1439384097487
85,3.1263599790082,0.5511508817269,0.3118057729021,0.3918045096739,100000.0000000000000,15.1439384097487
86,3.1264754903791,0.5511508817269,0.3117099395318,0.3917719179484,98000.0000000000000,15.1439384097487
87,3.1265291308580,0.5511508817269,0.3116309538713,0.3917444677931,98000.0000000000000,15.1439384097487
88,3.1266513706399,0.5510332485073,0.3115126153504,0.3916535194834,98000.0000000000000,15.1439384097487
89,3.1267881787726,0.5510332485073,0.3114172262846,0.3916213877858,98000.0000000000000,15.1439384097487
90,3.1267805323664,0.5509156152876,0.3113921174495,0.3915618979116,98000.0000000000000,15.1439384097487
91,3.1268149319868,0.5507979820680,0.3112010270640,0.3914437238607,98000.0000000000000,15.1439384097487
92,3.1267984458440,0.5507979820680,0.3109313571904,0.3913471799138,98000.0000000000000,15.1439384097487
93,3.1267360490824,0.5507979820680,0.3106330585532,0.3912397617762,98000.0000000000000,15.1439384097487
94,3.1267980533914,0.5507979820680,0.3106181323624,0.3912353083506,98000.0000000000000,15.1439384097487
95,3.1268331818509,0.5506803488484,0.3099591388919,0.3909500363681,98000.0000000000000,15.1439384097487
96,3.1268445670628,0.5505627156288,0.3099086783051,0.3908817615929,98000.0000000000000,15.1439384097487
97,3.1267756128146,0.5505627156288,0.3097520838533,0.3908248593050,98000.0000000000000,15.1439384097487
98,3.1268406413170,0.5505627156288,0.3091141307882,0.3905979390736,98000.0000000000000,15.1439384097487
99,3.1268484536980,0.5504450824091,0.3090596504336,0.3905281781117,98000.0000000000000,15.1439384097487
100,3.1269472246633,0.5504450824091,0.3089398707905,0.3904867972703,98000.0000000000000,15.1439384097487
101,3.1269511928480,0.5503274491895,0.3087181890616,0.3903572671369,98000.0000000000000,15.1439384097487
102,3.1269790030225,0.5502098159699,0.3087281719523,0.3903108117301,98000.0000000000000,15.1439384097487
103,3.1269182701081,0.5502098159699,0.3087096384515,0.3903033332560,98000.0000000000000,15.1439384097487
104,3.1270375273374,0.5501629819497,0.3087203207038,0.3902887641049,98000.0000000000000,15.1439384097487
105,3.1271041743039,0.5501161479294,0.3087073019763,0.3902649858866,98000.0000000000000,15.1439384097487
106,3.1271143833962,0.5499985147098,0.3087504227896,0.3902301163980,98000.0000000000000,15.1439384097487
107,3.1270877434039,0.5498808814902,0.3087755841077,0.3901883113920,98000.0000000000000,15.1439384097487
108,3.1270559665814,0.5497632482706,0.3087081792305,0.3901133743447,98000.0000000000000,15.1439384097487
109,3.1271705215233,0.5496456150510,0.3086966779639,0.3900604734572,98000.0000000000000,15.1439384097487
110,3.1271333353539,0.5495987810307,0.3086400518330,0.3900196519343,98000.0000000000000,15.1439384097487
111,3.1270811380769,0.5494811478111,0.3086499397980,0.3899720305254,98000.0000000000000,15.1439384097487
112,3.1271286375972,0.5494811478111,0.3085312110061,0.3899302995004,98000.0000000000000,15.1439384097487
113,3.1272304874856,0.5494811478111,0.3084805189019,0.3899136363466,98000.0000000000000,15.1439384097487
114,3.1272154888338,0.5494343137909,0.3084562867587,0.3898846980569,98000.0000000000000,15.1439384097487
115,3.1271349466065,0.5493166805712,0.3082026491091,0.3897425592779,98000.0000000000000,15.1439384097487
116,3.1272196750087,0.5492698465510,0.3082526809796,0.3897415549814,98000.0000000000000,15.1439384097487
117,3.1272803320740,0.5492698465510,0.3081161115223,0.3896936384686,98000.0000000000000,15.1439384097487
118,3.1273970857112,0.5492698465510,0.3078523173351,0.3896010783150,98000.0000000000000,15.1439384097487
119,3.1274165600418,0.5492230125308,0.3078339946682,0.3895747383429,98000.0000000000000,15.1439384097487
120,3.1275596253653,0.5491053793112,0.3077719992531,0.3895042072510,98000.0000000000000,15.1439384097487
121,3.1275831608009,0.5489877460915,0.3077696604464,0.3894532907508,98000.0000000000000,15.1439384097487
122,3.1276465301222,0.5488990804379,0.3077734212547,0.3894175310024,98000.0000000000000,15.1439384097487
123,3.1277128171324,0.5488522464177,0.3077629128584,0.3893946442375,98000.0000000000000,15.1439384097487
124,3.1276215275267,0.5488054123974,0.3076964929897,0.3893495593911,98000.0000000000000,15.1439384097487
133,3.1275924725783,0.5481943774582,0.3083250576450,0.3893117635256,98000.0000000000000,15.1439384097487
134,3.1277468547211,0.5480767442386,0.3080283308926,0.3891575599455,98000.0000000000000,15.1439384097487
135,3.1278251695068,0.5480767442386,0.3079757326115,0.3891398829940,98000.0000000000000,15.1439384097487
136,3.1277568842891,0.5480767442386,0.3079307490486,0.3891228512046,98000.0000000000000,15.1439384097487
137,3.1278387336606,0.5480767442386,0.3074779642114,0.3889623004973,98000.0000000000000,15.1439384097487
138,3.1279044770542,0.5479591110190,0.3076109121526,0.3889602979325,98000.0000000000000,15.1439384097487
139,3.1279907657785,0.5479591110190,0.3070903037184,0.3887755873286,98000.0000000000000,15.1439384097487
140,3.1279320914196,0.5480059450392,0.3069612684481,0.3887487447881,98000.0000000000000,15.1439384097487
141,3.1279141033704,0.5480059450392,0.3067750296374,0.3886819763975,98000.0000000000000,15.1439384097487
142,3.1279896469411,0.5478883118196,0.3066313275752,0.3885813089319,98000.0000000000000,15.1439384097487
143,3.1278223804468,0.5478414777994,0.3066211743160,0.3885552442353,98000.0000000000000,15.1439384097487
144,3.1279834378698,0.5478414777994,0.3065694015522,0.3885390329142,98000.0000000000000,15.1439384097487
145,3.1281084608261,0.5477238445798,0.3064336102473,0.3884418908491,98000.0000000000000,15.1439384097487
146,3.1282036957450,0.5476062113601,0.3058142521882,0.3881716248730,98000.0000000000000,15.1439384097487
147,3.1283930138470,0.5475593773399,0.3057712413915,0.3881388709897,98000.0000000000000,15.1439384097487
148,3.1283506488024,0.5475593773399,0.3057184107212,0.3881194034306,98000.0000000000000,15.1439384097487
149,3.1283857064834,0.5475593773399,0.3056399791384,0.3880918882149,98000.0000000000000,15.1439384097487
150,3.1284781276050,0.5474417441203,0.3056029154555,0.3880295447010,98000.0000000000000,15.1439384097487
151,3.1285701937110,0.5474417441203,0.3055815219617,0.3880232068967,98000.0000000000000,15.1439384097487
152,3.1285405771306,0.5474417441203,0.3054631602646,0.3879805157894,98000.0000000000000,15.1439384097487
153,3.1286553750966,0.5474417441203,0.3052179557005,0.3878945671143,98000.0000000000000,15.1439384097487
154,3.1287613004437,0.5474417441203,0.3046784795595,0.3877033959005,98000.0000000000000,15.1439384097487
155,3.1289333840036,0.5473949101001,0.3047207216781,0.3877008456193,98000.0000000000000,15.1439384097487
156,3.1288660522449,0.5473949101001,0.3045769697555,0.3876485529071,98000.0000000000000,15.1439384097487
157,3.1288269314388,0.5472772768804,0.3046275687849,0.3876156561953,98000.0000000000000,15.1439384097487
158,3.1288394432257,0.5472772768804,0.3045076298987,0.3875729979197,98000.0000000000000,15.1439384097487
159,3.1286282954244,0.5472772768804,0.3044633592606,0.3875541992503,98000.0000000000000,15.1439384097487
160,3.1286287522053,0.5471596436608,0.3042593377396,0.3874309266478,98000.0000000000000,15.1439384097487
161,3.1287926726780,0.5470420104412,0.3041021635579,0.3873266982382,98000.0000000000000,15.1439384097487
162,3.1286458626784,0.5469951764210,0.3040893285589,0.3872999652354,98000.0000000000000,15.1439384097487
163,3.1288272759220,0.5469951764210,0.3040586976571,0.3872915926128,98000.0000000000000,15.1439384097487
164,3.1286819366584,0.5469951764210,0.3040090761109,0.3872718140912,98000.0000000000000,15.1439384097487
165,3.1286387688819,0.5468775432013,0.3038250524994,0.3871550663147,98000.0000000000000,15.1439384097487
166,3.1286061532579,0.5468775432013,0.3036745148035,0.3871008413430,98000.0000000000000,15.1439384097487
167,3.1285892993725,0.5468775432013,0.3036029452502,0.3870750423069,98000.0000000000000,15.1439384097487
168,3.1287372129989,0.5468307091811,0.3035554405086,0.3870400975727,98000.0000000000000,15.1439384097487
169,3.1287274951387,0.5468307091811,0.3035402105091,0.3870345207801,98000.0000000000000,15.1439384097487
170,3.1287156028471,0.5468307091811,0.3034374933811,0.3869976678164,98000.0000000000000,15.1439384097487
171,3.1288183351415,0.5467130759615,0.3033521531083,0.3869182285656,94119.1999999999971,15.1439384097487
172,3.1287076865321,0.5467130759615,0.3033334463188,0.3869099818990,94119.1999999999971,15.1439384097487
173,3.1285808450155,0.5465954427419,0.3029761720500,0.3867301749099,94119.1999999999971,15.1439384097487
174,3.1285535116621,0.5466422767621,0.3027096057866,0.3866546576308,94119.1999999999971,15.1439384097487
175,3.1285774226990,0.5466422767621,0.3025654262164,0.3866035032667,94119.1999999999971,15.1439384097487
176,3.1286348680697,0.5466422767621,0.3025169241592,0.3865869939516,94119.1999999999971,15.1439384097487
177,3.1287810310357,0.5466133091961,0.3020079401454,0.3863948674717,94119.1999999999971,15.1439384097487
178,3.1287674613635,0.5464956759765,0.3020254220101,0.3863505047479,94119.1999999999971,15.1439384097487
179,3.1288772140205,0.5463780427569,0.3019783765473,0.3862848415526,94119.1999999999971,15.1439384097487
180,3.1288332541523,0.5463780427569,0.3018933291053,0.3862538454370,94119.1999999999971,15.1439384097487
181,3.1288197916294,0.5464248767771,0.3016092715460,0.3861722775379,94119.1999999999971,15.1439384097487
182,3.1288517193587,0.5463072435575,0.3014773447116,0.3860751983496,94119.1999999999971,15.1439384097487
183,3.1288670257595,0.5463072435575,0.3013000514294,0.3860120959047,94119.1999999999971,15.1439384097487
184,3.1289686760729,0.5461896103379,0.3012518290732,0.3859458977428,94119.1999999999971,15.1439384097487
185,3.1289788763922,0.5461427763176,0.3012416998418,0.3859223527710,94119.1999999999971,15.1439384097487
186,3.1288555384203,0.5460959422974,0.3012838257395,0.3859155807875,94119.1999999999971,15.1439384097487
187,3.1289484463955,0.5459881761205,0.3006557514640,0.3856463976835,94119.1999999999971,15.1439384097487
188,3.1289892892049,0.5459881761205,0.3005737661631,0.3856176951419,94119.1999999999971,15.1439384097487
189,3.1288702591702,0.5459413421003,0.3005234800828,0.3855779798375,94119.1999999999971,15.1439384097487
190,3.1289094650759,0.5459413421003,0.3004795434860,0.3855628429568,94119.1999999999971,15.1439384097487
191,3.1288927818550,0.5459413421003,0.3003573169203,0.3855189545454,94119.1999999999971,15.1439384097487
11602,3.3561281431775,0.2202824671543,0.5816588680357,0.3496310701113,1622.2561948897596,15.1439384097487
11603,3.3559734344045,0.2202824671543,0.5816171787705,0.3496139919693,1622.2561948897596,15.1439384097487
11604,3.3558082824310,0.2202409605658,0.5813186001374,0.3494872313159,1622.2561948897596,15.1439384097487
11605,3.3559346286607,0.2201941265456,0.5813362331699,0.3494752448952,1622.2561948897596,15.1439384097487
11606,3.3559337225376,0.2201941265456,0.5812937480216,0.3494600588064,1622.2561948897596,15.1439384097487
11607,3.3559306566543,0.2201941265456,0.5809720696979,0.3493451303087,1622.2561948897596,15.1439384097487
11608,3.3559869885318,0.2201472925253,0.5809895239659,0.3493320893452,1622.2561948897596,15.1439384097487
11609,3.3559484133663,0.2201472925253,0.5806578254191,0.3492130797425,1622.2561948897596,15.1439384097487
11610,3.3558399810376,0.2201472925253,0.5801692209888,0.3490370438501,1622.2561948897596,15.1439384097487
11611,3.3559284191376,0.2201472925253,0.5800042336923,0.3489793712088,1622.2561948897596,15.1439384097487
11612,3.3560206452532,0.2201472925253,0.5799747155804,0.3489701340193,1622.2561948897596,15.1439384097487
11613,3.3562331157396,0.2201472925253,0.5799331526271,0.3489582965506,1622.2561948897596,15.1439384097487
11614,3.3562868588534,0.2201472925253,0.5784685774866,0.3484359944619,1622.2561948897596,15.1439384097487
11615,3.3562871781302,0.2201472925253,0.5781860400544,0.3483350927538,1622.2561948897596,15.1439384097487
11616,3.3563011256785,0.2201004585051,0.5780198386122,0.3482558607298,1622.2561948897596,15.1439384097487
11617,3.3563340549679,0.2199828252855,0.5780102553769,0.3482024898560,1622.2561948897596,15.1439384097487
11618,3.3562591657758,0.2199828252855,0.5775618396884,0.3480412817188,1622.2561948897596,15.1439384097487
11635,3.3566812154595,0.2199356662203,0.4840075517639,0.3146147969783,1622.2561948897596,15.1439384097487
11636,3.3566381438022,0.2199156070899,0.4839876243851,0.3145984738261,1622.2561948897596,15.1439384097487
11637,3.3566613406851,0.2199156070899,0.4837329372779,0.3145078423793,1622.2561948897596,15.1439384097487
11638,3.3565916193534,0.2197979738703,0.4837148224901,0.3144499720230,1622.2561948897596,15.1439384097487
12246,3.3633990036202,0.2089268452273,0.4833614638180,0.3097610413961,1273.0115663123752,15.1439384097487
12247,3.3636618582695,0.2088800112071,0.4833772823611,0.3097503385285,1273.0115663123752,15.1439384097487
12290,3.3636887345149,0.2080792932522,0.4799992287686,0.3082011062761,1273.0115663123752,15.1439384097487
12291,3.3636226221230,0.2080792932522,0.4798216795098,0.3081367603406,1273.0115663123752,15.1439384097487
12292,3.3637137110656,0.2080792932522,0.4797823666023,0.3081240089190,1273.0115663123752,15.1439384097487
12294,3.3637653440652,0.2080792932522,0.4797711363419,0.3081207287152,1273.0115663123752,15.1439384097487
12296,3.3638113251148,0.2080324592320,0.4794120082204,0.3079730475776,1273.0115663123752,15.1439384097487
12309,3.3637073197980,0.2076241091069,0.4798735741648,0.3079614136930,1273.0115663123752,15.1439384097487
12310,3.3637561010388,0.2076241091069,0.4798648249692,0.3079589792316,1273.0115663123752,15.1439384097487
12674,3.3696792920392,0.2009965470750,0.4826290162787,0.3061896194415,1105.1338448341726,15.1439384097487
12676,3.3696944604441,0.2008789138553,0.4825398567799,0.3061075771583,1105.1338448341726,15.1439384097487
12677,3.3698062152847,0.2007612806357,0.4825191441548,0.3060513468788,1105.1338448341726,15.1439384097487
12682,3.3698615995456,0.2008081146559,0.4823496957382,0.3060116849937,1105.1338448341726,15.1439384097487
12709,3.3703572994382,0.2003003062827,0.4827554874171,0.3059459925536,1105.1338448341726,15.1439384097487
12711,3.3703417602458,0.2001826730631,0.4827907260114,0.3059079436503,1105.1338448341726,15.1439384097487
12712,3.3703366496227,0.2001826730631,0.4827194537432,0.3058824169539,1105.1338448341726,15.1439384097487
12713,3.3703900878682,0.2001826730631,0.4824867063163,0.3058000490204,1105.1338448341726,15.1439384097487
12724,3.3711239226199,0.1998537385834,0.4820110954844,0.3054995998017,1105.1338448341726,15.1439384097487
12725,3.3712974886106,0.1998069045631,0.4820543573518,0.3054974346929,1105.1338448341726,15.1439384097487
12726,3.3714153740284,0.1998069045631,0.4816960297764,0.3053711286295,1105.1338448341726,15.1439384097487
12727,3.3713946977774,0.1998069045631,0.4815759228791,0.3053279407415,1105.1338448341726,15.1439384097487
12728,3.3714343192053,0.1998069045631,0.4814585814813,0.3052865937400,1105.1338448341726,15.1439384097487
12729,3.3714817485635,0.1997600705429,0.4810954998911,0.3051375211428,1105.1338448341726,15.1439384097487
12730,3.3712625182648,0.1997600705429,0.4807404233036,0.3050076059818,1105.1338448341726,15.1439384097487
12732,3.3713411661936,0.1997132365227,0.4807355061152,0.3049868909830,1105.1338448341726,15.1439384097487
12733,3.3713229745464,0.1997132365227,0.4806018914972,0.3049389140660,1105.1338448341726,15.1439384097487
12736,3.3712104707690,0.1995487692828,0.4806140737741,0.3048711869983,1105.1338448341726,15.1439384097487
12741,3.3711179190586,0.1994933188166,0.4806785712408,0.3048691477218,1105.1338448341726,15.1439384097487
12742,3.3710941421070,0.1993756855969,0.4806562146610,0.3048104125498,1105.1338448341726,15.1439384097487
12743,3.3710716970802,0.1993288515767,0.4806249631443,0.3047788619752,1105.1338448341726,15.1439384097487
12744,3.3710490752833,0.1993288515767,0.4804450681669,0.3047142936721,1105.1338448341726,15.1439384097487
12745,3.3709414791877,0.1993288515767,0.4803265905218,0.3046704577499,1105.1338448341726,15.1439384097487
12747,3.3709608744202,0.1992580523773,0.4802761874718,0.3046223885878,1105.1338448341726,15.1439384097487
12767,3.3710343210693,0.1984944556586,0.4795001568353,0.3040190183176,1061.3705445787393,15.1439384097487
12768,3.3708615428523,0.1985373671023,0.4791005102597,0.3038922332163,1061.3705445787393,15.1439384097487
12769,3.3709299755490,0.1984197338827,0.4792170257004,0.3038843999548,1061.3705445787393,15.1439384097487
12770,3.3709808519393,0.1984197338827,0.4790938809932,0.3038411395997,1061.3705445787393,15.1439384097487
12771,3.3709978481274,0.1984197338827,0.4790113885622,0.3038119185122,1061.3705445787393,15.1439384097487
12772,3.3710391833012,0.1984161198235,0.4789874151226,0.3038023925769,1061.3705445787393,15.1439384097487
12775,3.3711952304755,0.1983138353370,0.4790536500149,0.3037844197441,1061.3705445787393,15.1439384097487
12776,3.3713662743689,0.1983138353370,0.4787491935013,0.3036781055346,1061.3705445787393,15.1439384097487
12777,3.3712737910448,0.1982670013168,0.4787716387330,0.3036647413330,1061.3705445787393,15.1439384097487
12860,3.3717827540588,0.1964199360937,0.4807599591371,0.3035904581743,1040.1431336871644,15.1439384097487
12861,3.3718143649749,0.1964199360937,0.4807415368330,0.3035843260723,1040.1431336871644,15.1439384097487
12862,3.3717537576110,0.1964199360937,0.4806426782190,0.3035481618343,1040.1431336871644,15.1439384097487
12863,3.3717384131011,0.1964199360937,0.4805504605037,0.3035150098122,1040.1431336871644,15.1439384097487
12864,3.3717042679365,0.1964667701140,0.4799044456240,0.3033038787835,1040.1431336871644,15.1439384097487
12881,3.3716379704639,0.1962122488929,0.4794726545482,0.3030396490569,1040.1431336871644,15.1439384097487
12882,3.3716667716498,0.1962122488929,0.4793512044501,0.3029966815567,1040.1431336871644,15.1439384097487
12883,3.3715760836524,0.1962122488929,0.4793354757759,0.3029897809439,1040.1431336871644,15.1439384097487
12884,3.3715422581428,0.1962122488929,0.4792807612687,0.3029697614198,1040.1431336871644,15.1439384097487
12885,3.3715945606367,0.1962122488929,0.4791642556797,0.3029288923577,1040.1431336871644,15.1439384097487
12886,3.3716166345249,0.1962122488929,0.4790921689629,0.3029034594457,1040.1431336871644,15.1439384097487
12887,3.3715950687991,0.1961691831904,0.4789597054309,0.3028373891582,1040.1431336871644,15.1439384097487
12894,3.3713709342882,0.1960515499708,0.4790559088159,0.3028181617848,1040.1431336871644,15.1439384097487
12903,3.3711383794877,0.1957694495114,0.4793116776825,0.3027853169767,1040.1431336871644,15.1439384097487
12904,3.3711080004502,0.1956518162917,0.4793381169068,0.3027439154585,1040.1431336871644,15.1439384097487
12905,3.3710616712731,0.1956049822715,0.4793622086073,0.3027317923596,1040.1431336871644,15.1439384097487
12906,3.3711022753909,0.1956049822715,0.4793013930208,0.3027106470528,1040.1431336871644,15.1439384097487
12910,3.3709959410288,0.1954405150316,0.4790166348422,0.3025369571193,1040.1431336871644,15.1439384097487
12914,3.3712430148018,0.1954405150316,0.4789308100136,0.3025098014721,1040.1431336871644,15.1439384097487
12915,3.3713499920681,0.1954405150316,0.4787806208113,0.3024576761924,1040.1431336871644,15.1439384097487
12935,3.3717398958273,0.1949785985992,0.4783643488098,0.3021165605472,998.9534655931527,15.1439384097487
12936,3.3717710155235,0.1949785985992,0.4783540681135,0.3021133292116,998.9534655931527,15.1439384097487
12960,3.3724735392683,0.1944585597207,0.4788262482494,0.3020690318333,998.9534655931527,15.1439384097487
12961,3.3724882564813,0.1944585597207,0.4787703270018,0.3020492682067,998.9534655931527,15.1439384097487
12963,3.3725574102631,0.1943877605213,0.4788144801551,0.3020356731974,998.9534655931527,15.1439384097487
12964,3.3725169211874,0.1943877605213,0.4785380488416,0.3019363748106,998.9534655931527,15.1439384097487
12968,3.3728875806629,0.1942232932815,0.4786632249914,0.3019158394252,998.9534655931527,15.1439384097487
12969,3.3729143746387,0.1941056600619,0.4787677012271,0.3019031172625,998.9534655931527,15.1439384097487
15732,3.4154004454652,0.1445288498666,0.4771544576524,0.2806809295304,371.2128203948724,15.1439384097487
15733,3.4155301912929,0.1444820158464,0.4770355430869,0.2806202242145,371.2128203948724,15.1439384097487
15764,3.4161164522641,0.1434880173443,0.4781724548961,0.2806085603418,371.2128203948724,15.1439384097487
15765,3.4160549111908,0.1434880173443,0.4779466093495,0.2805270304160,371.2128203948724,15.1439384097487
15766,3.4160137183197,0.1434126620063,0.4779806855067,0.2805063224509,371.2128203948724,15.1439384097487
15778,3.4163548918751,0.1431137914306,0.4783235913426,0.2805055290142,371.2128203948724,15.1439384097487
15779,3.4163613556503,0.1431137914306,0.4767200143831,0.2799329144193,371.2128203948724,15.1439384097487
15780,3.4163156376115,0.1431137914306,0.4761651293867,0.2797340942991,371.2128203948724,15.1439384097487
15781,3.4162280979895,0.1431137914306,0.4760132960340,0.2796786294219,371.2128203948724,15.1439384097487
15784,3.4164221555041,0.1431302365018,0.4758946934693,0.2796460651516,371.2128203948724,15.1439384097487
15785,3.4165473584601,0.1431302365018,0.4758605454313,0.2796356410372,371.2128203948724,15.1439384097487
15786,3.4167194738014,0.1431302365018,0.4755800320998,0.2795378931250,371.2128203948724,15.1439384097487
15787,3.4167375716670,0.1431302365018,0.4755251051361,0.2795185324359,371.2128203948724,15.1439384097487
15788,3.4167103130918,0.1431374315648,0.4755157118078,0.2795178755672,371.2128203948724,15.1439384097487
15790,3.4168175354950,0.1431804972672,0.4752858601833,0.2794557596207,371.2128203948724,15.1439384097487
15791,3.4168528476060,0.1431804972672,0.3921926228884,0.2497801031080,371.2128203948724,15.1439384097487
15792,3.4168657564344,0.1431804972672,0.3921666475543,0.2497710088620,371.2128203948724,15.1439384097487
15794,3.4169865237046,0.1432981304868,0.3919491878994,0.2497454677853,371.2128203948724,15.1439384097487
15795,3.4170148618538,0.1432550647844,0.3919723375426,0.2497356797683,371.2128203948724,15.1439384097487
15810,3.4172097576064,0.1429150126653,0.3922976912617,0.2497088986645,371.2128203948724,15.1439384097487
15812,3.4173161604832,0.1429150126653,0.3922507651479,0.2496936449317,356.5127927072354,15.1439384097487
15816,3.4173149830771,0.1429302071398,0.3194623739155,0.2237042861776,356.5127927072354,15.1439384097487
15818,3.4172769293304,0.1429302071398,0.3194084365274,0.2236844843667,356.5127927072354,15.1439384097487
15819,3.4172540341162,0.1429302071398,0.3193735510361,0.2236717012969,356.5127927072354,15.1439384097487
15820,3.4172755853475,0.1429302071398,0.3192697369650,0.2236349297915,356.5127927072354,15.1439384097487
15821,3.4172711536126,0.1428125739202,0.3193638655465,0.2236180701963,356.5127927072354,15.1439384097487
15825,3.4171304219206,0.1427657398999,0.3193030916986,0.2235743021836,356.5127927072354,15.1439384097487
15826,3.4172115760820,0.1427657398999,0.3185584924643,0.2233095222116,356.5127927072354,15.1439384097487
15827,3.4172342472501,0.1427234620184,0.3184249353428,0.2232440249430,356.5127927072354,15.1439384097487
15828,3.4173012443607,0.1427234620184,0.3183736653541,0.2232266622374,356.5127927072354,15.1439384097487
15829,3.4174031748716,0.1427649686068,0.2560560732691,0.2009896101977,356.5127927072354,15.1439384097487
15830,3.4173709762550,0.1426473353872,0.2561778747125,0.2009822408680,356.5127927072354,15.1439384097487
16042,3.4199074193078,0.1393390277978,0.2556392586353,0.1994079223728,335.5469883937083,15.1439384097487
16043,3.4198141945252,0.1393390277978,0.2556304603389,0.1994034609997,335.5469883937083,15.1439384097487
16044,3.4197616771074,0.1392213945782,0.2555186080846,0.1993123564111,335.5469883937083,15.1439384097487
16045,3.4197370577406,0.1392524170894,0.2537496097394,0.1986935182874,335.5469883937083,15.1439384097487
16046,3.4197839773656,0.1392524170894,0.2537050642218,0.1986782730835,335.5469883937083,15.1439384097487
16048,3.4199283648244,0.1392992511096,0.2535603097787,0.1986486898639,335.5469883937083,15.1439384097487
16049,3.4199223245998,0.1392741895924,0.2535591463214,0.1986374482244,335.5469883937083,15.1439384097487
16050,3.4200810024802,0.1393210236126,0.2534880141256,0.1986343608731,335.5469883937083,15.1439384097487
16051,3.4199223572971,0.1392741895924,0.2534677898561,0.1986048213781,335.5469883937083,15.1439384097487
16052,3.4199407963502,0.1392741895924,0.2532736229154,0.1985357369535,335.5469883937083,15.1439384097487
16054,3.4200721987121,0.1392741895924,0.2532073282999,0.1985139196397,335.5469883937083,15.1439384097487
16055,3.4201566098177,0.1392741895924,0.2530840815456,0.1984710973532,335.5469883937083,15.1439384097487
16056,3.4201385568546,0.1392696334537,0.2530732606315,0.1984650246620,335.5469883937083,15.1439384097487
16093,3.4204792370643,0.1387425702986,0.2536471279319,0.1984489136621,328.8360486258342,15.1439384097487
16094,3.4205598715399,0.1387425702986,0.2536399954896,0.1984475073337,328.8360486258342,15.1439384097487
16096,3.4206935546549,0.1387425702986,0.2536089863987,0.1984383242655,328.8360486258342,15.1439384097487
16097,3.4207969239778,0.1386957362784,0.2534047242958,0.1983467644605,328.8360486258342,15.1439384097487
16098,3.4207838069555,0.1386957362784,0.2531223566311,0.1982457332610,328.8360486258342,15.1439384097487
16099,3.4207430930482,0.1385781030588,0.2531551965106,0.1982064714533,328.8360486258342,15.1439384097487
16101,3.4208661317946,0.1385781030588,0.2530966603697,0.1981873066787,328.8360486258342,15.1439384097487
16102,3.4208836248457,0.1385312690385,0.2531208904546,0.1981761360830,328.8360486258342,15.1439384097487
16104,3.4212592615262,0.1384136358189,0.2531276434464,0.1981334488627,328.8360486258342,15.1439384097487
16105,3.4211770552527,0.1383668017987,0.2531477959754,0.1981194112583,328.8360486258342,15.1439384097487
16106,3.4210914151310,0.1384065784869,0.2528134027061,0.1980158204408,328.8360486258342,15.1439384097487
16107,3.4212745391142,0.1384065784869,0.2527595869994,0.1979991917376,328.8360486258342,15.1439384097487
16111,3.4213698105992,0.1383775943932,0.2527531286781,0.1979858115250,328.8360486258342,15.1439384097487
16112,3.4214213901401,0.1383685151713,0.2527453058788,0.1979798564200,328.8360486258342,15.1439384097487
16113,3.4214050303748,0.1383685151713,0.2524315067339,0.1978675538073,328.8360486258342,15.1439384097487
16150,3.4219388230858,0.1376133641122,0.2531995112881,0.1978257581110,328.8360486258342,15.1439384097487
16151,3.4218348655064,0.1376133641122,0.2528536002065,0.1977007474462,315.8141411002511,15.1439384097487
16152,3.4218163408625,0.1376133641122,0.2527767141839,0.1976730260299,315.8141411002511,15.1439384097487
16154,3.4216790299342,0.1376841633116,0.2526145072294,0.1976434945484,315.8141411002511,15.1439384097487
16155,3.4216710994764,0.1376841633116,0.2525308896074,0.1976135188965,315.8141411002511,15.1439384097487
16156,3.4216632916010,0.1376423482059,0.2525222859089,0.1975924149065,315.8141411002511,15.1439384097487
16157,3.4217517267883,0.1375247149863,0.2525717583717,0.1975609207582,315.8141411002511,15.1439384097487
16160,3.4217614943244,0.1375247149863,0.2524981154985,0.1975347579421,315.8141411002511,15.1439384097487
16162,3.4219208767795,0.1375247149863,0.2524402162303,0.1975163348831,315.8141411002511,15.1439384097487
16187,3.4225275852314,0.1371234221932,0.2023098740198,0.1794492434948,315.8141411002511,15.1439384097487
16188,3.4225359834107,0.1371234221932,0.2021994380653,0.1794099209162,315.8141411002511,15.1439384097487
16190,3.4225305385864,0.1371234221932,0.2021880242940,0.1794057675254,315.8141411002511,15.1439384097487
16191,3.4225609779544,0.1371234221932,0.2020235150502,0.1793474449390,315.8141411002511,15.1439384097487
16192,3.4225601437749,0.1370057889736,0.2021625428495,0.1793466716839,315.8141411002511,15.1439384097487
16197,3.4227095189787,0.1369191782652,0.2022436191978,0.1793406222967,315.8141411002511,15.1439384097487
16198,3.4227652498756,0.1369191782652,0.2022264658525,0.1793352846904,315.8141411002511,15.1439384097487
16200,3.4228388213807,0.1369191782652,0.2021902065381,0.1793233759671,315.8141411002511,15.1439384097487
16208,3.4228712393591,0.1366903355958,0.2023936793582,0.1792984281140,315.8141411002511,15.1439384097487
16215,3.4227287662775,0.1365258683560,0.2024750947511,0.1792550030955,315.8141411002511,15.1439384097487
16231,3.4225413371371,0.1361908351513,0.2021592685977,0.1789959702718,315.8141411002511,15.1439384097487
16232,3.4226050652004,0.1361908351513,0.2020845344264,0.1789701812442,315.8141411002511,15.1439384097487
16233,3.4225833410068,0.1361908351513,0.2020682153247,0.1789640455977,315.8141411002511,15.1439384097487
16234,3.4225991134601,0.1361515212391,0.2018515879697,0.1788700530448,315.8141411002511,15.1439384097487
16235,3.4226402071873,0.1361515212391,0.2018358859917,0.1788650266690,315.8141411002511,15.1439384097487
16236,3.4226673284667,0.1361515212391,0.2018049519163,0.1788543625492,309.4978582782461,15.1439384097487
16237,3.4225687354874,0.1361606004610,0.2017963253096,0.1788537776293,309.4978582782461,15.1439384097487
16238,3.4225895342477,0.1361137664407,0.2016526204541,0.1787826770447,309.4978582782461,15.1439384097487
16239,3.4226313560032,0.1361137664407,0.2016341981500,0.1787766894254,309.4978582782461,15.1439384097487
16240,3.4225656261302,0.1361137664407,0.2016237769145,0.1787720374823,309.4978582782461,15.1439384097487
16241,3.4225385806667,0.1361137664407,0.2014780225769,0.1787195996703,309.4978582782461,15.1439384097487
16242,3.4225827001760,0.1360742982698,0.2015212852779,0.1787187599926,309.4978582782461,15.1439384097487
16243,3.4226769240749,0.1360742982698,0.2015029187134,0.1787135337671,309.4978582782461,15.1439384097487
16244,3.4225303995303,0.1360742982698,0.2015035951782,0.1787117020492,309.4978582782461,15.1439384097487
16246,3.4223939242741,0.1360742982698,0.2014965080716,0.1787072398240,309.4978582782461,15.1439384097487
16250,3.4226801525146,0.1359491449422,0.2013157259167,0.1785930877387,309.4978582782461,15.1439384097487
16270,3.4224274186392,0.1358037947533,0.2014571738691,0.1785777357590,309.4978582782461,15.1439384097487
16271,3.4224595338918,0.1358037947533,0.2011366550365,0.1784637191761,309.4978582782461,15.1439384097487
34128,3.5811739587414,0.0049458951097,0.2914730577663,0.1568905616432,0.5331771037205,15.1439384097487
34129,3.5811252789105,0.0049231805272,0.2912680209108,0.1568069105574,0.5331771037205,15.1439384097487
34130,3.5811793846041,0.0049472999650,0.2911442806162,0.1567738200888,0.5331771037205,15.1439384097487
34137,3.5811769292026,0.0049394713398,0.2911414356009,0.1567694141431,0.5331771037205,15.1439384097487
34138,3.5811629792056,0.0048915244538,0.2910404712549,0.1567126093911,0.5331771037205,15.1439384097487
34142,3.5810712706013,0.0049704773233,0.2907253358605,0.1566326003095,0.5331771037205,15.1439384097487
34143,3.5809999676180,0.0050082321217,0.2901442986226,0.1564402587057,0.5331771037205,15.1439384097487
34144,3.5809407850484,0.0049613981014,0.2901579724954,0.1564242330793,0.5331771037205,15.1439384097487
34145,3.5808273077522,0.0049613981014,0.2898924888418,0.1563278117926,0.5331771037205,15.1439384097487
34146,3.5807477721949,0.0050082321217,0.2894338425321,0.1561829558393,0.5331771037205,15.1439384097487
34156,3.5810620976438,0.0048456325130,0.2893857485134,0.1561005415415,0.5331771037205,15.1439384097487
34164,3.5810472191837,0.0048498636067,0.2893640138047,0.1560943819422,0.5331771037205,15.1439384097487
34182,3.5808231482550,0.0048489215273,0.2876830682203,0.1554904698965,0.5120632904132,15.1439384097487
34184,3.5807948066254,0.0049032756554,0.2872963286736,0.1553752422240,0.5120632904132,15.1439384097487
34185,3.5808155254911,0.0048266862484,0.2872438351417,0.1553239636730,0.5120632904132,15.1439384097487
34186,3.5807618448305,0.0048266862484,0.2872168860267,0.1553135794114,0.5120632904132,15.1439384097487
34191,3.5806510129232,0.0048858885048,0.2869314426367,0.1552354394750,0.5120632904132,15.1439384097487
34194,3.5806776406990,0.0049327225250,0.2864458064919,0.1550824464989,0.5120632904132,15.1439384097487
34196,3.5807353879374,0.0049327225250,0.2864168185028,0.1550729107653,0.5120632904132,15.1439384097487
34197,3.5808687308408,0.0048858885048,0.2864611382049,0.1550705543005,0.5120632904132,15.1439384097487
34270,3.5817383142635,0.0049199961885,0.2863465730340,0.1550565602940,0.5018220246049,15.1439384097487
34271,3.5817111458088,0.0049199961885,0.2863320912880,0.1550510038100,0.5018220246049,15.1439384097487
34272,3.5817495264674,0.0049453662230,0.2862620540894,0.1550374064805,0.5018220246049,15.1439384097487
34273,3.5817542913221,0.0049453662230,0.2862404109802,0.1550297442210,0.5018220246049,15.1439384097487
35871,3.5842944104049,0.0046012372688,0.2858024839803,0.1547618003984,0.2850229545426,15.1439384097487
35872,3.5842332923233,0.0046012372688,0.2858018737467,0.1547607176411,0.2850229545426,15.1439384097487
35875,3.5839918239237,0.0045962348819,0.2856602991331,0.1547045946373,0.2850229545426,15.1439384097487
35877,3.5840177813409,0.0046430689022,0.2854998493740,0.1546677301706,0.2793224954518,15.1439384097487
35878,3.5840440163642,0.0046430689022,0.2854367090013,0.1546455512613,0.2793224954518,15.1439384097487
35879,3.5839368302374,0.0045962348819,0.2853417928939,0.1545900642521,0.2793224954518,15.1439384097487
35880,3.5840623010095,0.0045494008617,0.2850861286083,0.1544804592587,0.2793224954518,15.1439384097487
35881,3.5840742758681,0.0045761757515,0.2849664397581,0.1544493576370,0.2793224954518,15.1439384097487
35882,3.5841240594719,0.0045761757515,0.2848324839270,0.1544022207034,0.2793224954518,15.1439384097487
35883,3.5842000328586,0.0045457868025,0.2848475414768,0.1543956495828,0.2793224954518,15.1439384097487
35884,3.5840802504691,0.0045457868025,0.2844083194295,0.1542370896531,0.2793224954518,15.1439384097487
35885,3.5839904637329,0.0044989527823,0.2843312074874,0.1541882074745,0.2793224954518,15.1439384097487
36134,3.5862100380955,0.0039369610672,0.2835052483326,0.1536837752985,0.2576381761764,15.1439384097487
36135,3.5863282895603,0.0039369610672,0.2834288697997,0.1536581705014,0.2576381761764,15.1439384097487
36139,3.5862911035780,0.0038995313138,0.2834165391632,0.1536371992005,0.2576381761764,15.1439384097487
36141,3.5862426833131,0.0038641399780,0.2833813511015,0.1536087791768,0.2576381761764,15.1439384097487
36142,3.5863439746714,0.0038710265237,0.2833329290883,0.1535958702433,0.2576381761764,15.1439384097487
36143,3.5862739946009,0.0037834572082,0.2833290488373,0.1535559645194,0.2576381761764,15.1439384097487
36144,3.5861075363014,0.0038302912284,0.2830127504429,0.1534607171563,0.2576381761764,15.1439384097487
36159,3.5863358510831,0.0037423968679,0.2829693523841,0.1534107794768,0.2576381761764,15.1439384097487
36160,3.5862298303885,0.0037423968679,0.2829672745788,0.1534085372177,0.2576381761764,15.1439384097487
36395,3.5869909153561,0.0036357270291,0.2829907581875,0.1533819778770,0.2328845054955,15.1439384097487
36398,3.5870810337269,0.0035798137869,0.2830182507205,0.1533691089896,0.2328845054955,15.1439384097487
36399,3.5870947688704,0.0036266478072,0.2829487630795,0.1533645580493,0.2328845054955,15.1439384097487
36734,3.5881576625240,0.0041504880589,0.2236842619782,0.1324382076379,0.2062989648145,15.1439384097487
36740,3.5881566815006,0.0041689715476,0.2222205728249,0.1319233691255,0.2062989648145,15.1439384097487
36744,3.5881119157865,0.0042211329996,0.2220744039695,0.1318928874389,0.2062989648145,15.1439384097487
36746,3.5880982346748,0.0042211329996,0.2220737824163,0.1318924718689,0.2062989648145,15.1439384097487
36747,3.5881624212792,0.0042679670199,0.2220104341239,0.1318908274378,0.2062989648145,15.1439384097487
36807,3.5893464265145,0.0038646192816,0.2204811392546,0.1311885409772,0.2062989648145,15.1439384097487
36808,3.5893322079750,0.0037640481677,0.2203499777120,0.1310983944718,0.2062989648145,15.1439384097487
36810,3.5893684804463,0.0038277900350,0.2202073425611,0.1310752845426,0.2062989648145,15.1439384097487
36811,3.5893189868159,0.0038277900350,0.2201498301999,0.1310540440821,0.2021729855182,15.1439384097487
36815,3.5893363667063,0.0039000106174,0.2200471415764,0.1310485671761,0.2021729855182,15.1439384097487
36818,3.5892492947743,0.0038563113528,0.1681016524667,0.1124766464615,0.2021729855182,15.1439384097487
36824,3.5895489431149,0.0036841532187,0.1682931082453,0.1124754814718,0.2021729855182,15.1439384097487
36825,3.5895135861627,0.0036373191984,0.1683310738896,0.1124684686090,0.2021729855182,15.1439384097487
36866,3.5896555293088,0.0035259059069,0.1684556145592,0.1124672073521,0.2021729855182,15.1439384097487
36867,3.5896819803110,0.0035259059069,0.1684404512912,0.1124621661791,0.2021729855182,15.1439384097487
36868,3.5896614314072,0.0035243467930,0.1684210622401,0.1124542825607,0.2021729855182,15.1439384097487
36869,3.5898034518340,0.0035312498664,0.1681356275102,0.1123573096253,0.2021729855182,15.1439384097487
36871,3.5898479483579,0.0035188816303,0.1680841994131,0.1123342713980,0.2021729855182,15.1439384097487
36873,3.5897666550397,0.0034736067240,0.1681203388848,0.1123266245259,0.2021729855182,15.1439384097487
36874,3.5895886552927,0.0035204407442,0.1680291680239,0.1123116165426,0.2021729855182,15.1439384097487
36879,3.5898360308035,0.0034859749601,0.1679946072129,0.1122880026924,0.2021729855182,15.1439384097487
36881,3.5898436238782,0.0034859749601,0.1678209987509,0.1122261071118,0.2021729855182,15.1439384097487
36882,3.5897009511001,0.0034859749601,0.1676414160816,0.1121599516339,0.2021729855182,15.1439384097487
36884,3.5896592738360,0.0036209953304,0.1674616157048,0.1121530133561,0.2021729855182,15.1439384097487
36909,3.5905039151747,0.0033844782945,0.1676717736697,0.1121386569465,0.1941669352917,15.1439384097487
36916,3.5902545449922,0.0034098648567,0.1676258480027,0.1121296063065,0.1941669352917,15.1439384097487
36917,3.5902878463852,0.0033633393537,0.1676071058401,0.1121034443882,0.1941669352917,15.1439384097487
36919,3.5902655215293,0.0033849741258,0.1675119477761,0.1120784155152,0.1941669352917,15.1439384097487
36924,3.5903572819820,0.0033617802397,0.1674632625285,0.1120523860942,0.1941669352917,15.1439384097487
36928,3.5903392300004,0.0034064215838,0.1673936057568,0.1120463852460,0.1941669352917,15.1439384097487
36953,3.5902928685589,0.0033378150606,0.1674357740632,0.1120313865485,0.1941669352917,15.1439384097487
37106,3.5908765563462,0.0032193940201,0.1675312036710,0.1120229758199,0.1827483661610,15.1439384097487
37112,3.5909466764302,0.0032300488837,0.1674280406433,0.1119916904460,0.1827483661610,15.1439384097487
37113,3.5908674925591,0.0032844030119,0.1670481395229,0.1118781856543,0.1827483661610,15.1439384097487
37114,3.5908148579814,0.0032391281056,0.1670935861337,0.1118742682798,0.1827483661610,15.1439384097487
37115,3.5908784756549,0.0032222202585,0.1670970181868,0.1118691479786,0.1827483661610,15.1439384097487
37118,3.5908120359557,0.0032222202585,0.1670977286224,0.1118684615883,0.1827483661610,15.1439384097487
37120,3.5909157634723,0.0032779792420,0.1668670861135,0.1118114537084,0.1827483661610,15.1439384097487
37132,3.5910869625705,0.0035732522861,0.1264426622076,0.0975031275024,0.1827483661610,15.1439384097487
37140,3.5912343223161,0.0035535182007,0.1264440333277,0.0974972448535,0.1827483661610,15.1439384097487
41687,3.6151268869830,0.0054788696757,0.1225787169685,0.0972800035472,0.0355766977364,15.1439384097487
41688,3.6150477237382,0.0054320356554,0.1223306121323,0.0971702027996,0.0355766977364,15.1439384097487
41689,3.6151697771805,0.0054320356554,0.1222643695421,0.0971482717797,0.0355766977364,15.1439384097487
41691,3.6152275396430,0.0054788696757,0.1217693428526,0.0969923655914,0.0355766977364,15.1439384097487
41692,3.6153314866119,0.0054674269913,0.1216158078221,0.0969340984870,0.0355766977364,15.1439384097487
41693,3.6152775877850,0.0055051817896,0.1208764526174,0.0966854610198,0.0355766977364,15.1439384097487
41694,3.6153228115595,0.0056228150092,0.1205902885492,0.0966343137172,0.0355766977364,15.1439384097487
41695,3.6154545056587,0.0056228150092,0.1205850365068,0.0966343014505,0.0355766977364,15.1439384097487
41703,3.6152719149911,0.0055433993638,0.1195245065841,0.0962189218415,0.0355766977364,15.1439384097487
42411,3.6143967081220,0.0043613100154,0.1201204996865,0.0959127826816,0.0279176296890,15.1439384097487
42421,3.6148362725838,0.0045962514096,0.1197349157520,0.0958819831102,0.0279176296890,15.1439384097487
42895,3.6155407246183,0.0041681837268,0.1184826364315,0.0952612508665,0.0232762612772,15.1439384097487
42920,3.6156141676618,0.0046012868519,0.1179511402929,0.0952580856562,0.0232762612772,15.1439384097487
42922,3.6156058853733,0.0044368196120,0.1180201207611,0.0952121183839,0.0232762612772,15.1439384097487
42923,3.6157522882809,0.0044383787260,0.1180080939798,0.0952105628879,0.0232762612772,15.1439384097487
42924,3.6157854075265,0.0044383787260,0.1179841577208,0.0952024828591,0.0232762612772,15.1439384097487
42926,3.6156658718104,0.0043915447058,0.1180088607715,0.0951895422319,0.0232762612772,15.1439384097487
42929,3.6155123493649,0.0043995275896,0.1177319919737,0.0950919094219,0.0232762612772,15.1439384097487
42939,3.6152839300297,0.0042424261990,0.1177182659173,0.0950164459733,0.0232762612772,15.1439384097487
42940,3.6152894674001,0.0042626230604,0.1176097582219,0.0949864273761,0.0232762612772,15.1439384097487
42944,3.6151217269477,0.0042160975574,0.1175101681778,0.0949285464857,0.0232762612772,15.1439384097487
42947,3.6152034643780,0.0041135045536,0.1174378621522,0.0948599110541,0.0232762612772,15.1439384097487
42954,3.6154794413010,0.0040892143295,0.1174476069193,0.0948568862870,0.0232762612772,15.1439384097487
42955,3.6155209753848,0.0040436474337,0.1173490182186,0.0948027350717,0.0232762612772,15.1439384097487
42956,3.6154690014701,0.0040436474337,0.1173340505938,0.0947966540640,0.0232762612772,15.1439384097487
43195,3.6175130195334,0.0041456068752,0.0872616891801,0.0841291446099,0.0210398966402,15.1439384097487
43273,3.6164832340640,0.0046225304682,0.0865517045472,0.0840654030996,0.0206190987074,15.1439384097487
43274,3.6165240453659,0.0046693644884,0.0864678179610,0.0840560928047,0.0206190987074,15.1439384097487
43275,3.6165254071344,0.0046743668752,0.0864069717259,0.0840365251555,0.0206190987074,15.1439384097487
43276,3.6164158063589,0.0047212008955,0.0862361013758,0.0839940209098,0.0206190987074,15.1439384097487
43277,3.6165078664725,0.0047680349157,0.0860065951429,0.0839334287654,0.0206190987074,15.1439384097487
43278,3.6164170555270,0.0047212008955,0.0858520559291,0.0838568794973,0.0206190987074,15.1439384097487
46655,3.6290261108848,0.0043833579802,0.0838142868641,0.0831627322993,0.0062604873672,15.1439384097487
46656,3.6289852966877,0.0043365239600,0.0838684681601,0.0831614335210,0.0062604873672,15.1439384097487
46661,3.6286254313213,0.0044485212305,0.0836832616422,0.0831381950955,0.0062604873672,15.1439384097487
46702,3.6284148056152,0.0044740124682,0.0834715875128,0.0830705416686,0.0061352776199,15.1439384097487
46703,3.6285294686780,0.0044740124682,0.0834551065193,0.0830662780742,0.0061352776199,15.1439384097487
46722,3.6288613922092,0.0044434857883,0.0832602888709,0.0829883141755,0.0061352776199,15.1439384097487
46725,3.6288088635520,0.0045371538288,0.0830400943057,0.0829490734283,0.0061352776199,15.1439384097487
46729,3.6286191005486,0.0044903198085,0.0830197649251,0.0829190560785,0.0061352776199,15.1439384097487
46756,3.6283106555239,0.0043347610042,0.0831402418272,0.0828910510081,0.0058923206261,15.1439384097487
46765,3.6285791460020,0.0043071982936,0.0831186005096,0.0828753084981,0.0058923206261,15.1439384097487
46770,3.6284147731009,0.0042522106032,0.0831530927108,0.0828617351228,0.0058923206261,15.1439384097487
46772,3.6283757481159,0.0042990446235,0.0830813436029,0.0828556299634,0.0058923206261,15.1439384097487
46773,3.6283755760717,0.0041814114038,0.0832143943594,0.0828527314194,0.0058923206261,15.1439384097487
46869,3.6280580608788,0.0041845957426,0.0830752873489,0.0827999222421,0.0057744742136,15.1439384097487
46894,3.6280482561216,0.0038366984705,0.0834614180302,0.0827885884893,0.0057744742136,15.1439384097487
46895,3.6282142505422,0.0037898644503,0.0834892584933,0.0827808085988,0.0057744742136,15.1439384097487
46896,3.6282428382319,0.0037898644503,0.0831372411023,0.0826554926159,0.0057744742136,15.1439384097487
46940,3.6289513841115,0.0037293785418,0.0828287570654,0.0825294230901,0.0055458050347,15.1439384097487
46952,3.6291618464540,0.0037785760245,0.0827286903657,0.0825177476466,0.0055458050347,15.1439384097487
46956,3.6293396595302,0.0037864211774,0.0825946560712,0.0824757565072,0.0055458050347,15.1439384097487
47027,3.6299686330677,0.0037922279128,0.0825287524197,0.0824636080231,0.0054348889340,15.1439384097487
47028,3.6299567818717,0.0038245010207,0.0824047734688,0.0824329934647,0.0054348889340,15.1439384097487
47029,3.6299099499849,0.0038245010207,0.0823953679466,0.0824289716816,0.0054348889340,15.1439384097487
47031,3.6297975986676,0.0038245010207,0.0823495093497,0.0824110038477,0.0054348889340,15.1439384097487
47032,3.6298331650250,0.0038245010207,0.0822615801913,0.0823801038384,0.0054348889340,15.1439384097487
47046,3.6302963146425,0.0037815730492,0.0822489855069,0.0823637615708,0.0054348889340,15.1439384097487
47047,3.6302146751712,0.0037815730492,0.0821519864372,0.0823279638529,0.0054348889340,15.1439384097487
47048,3.6302475150040,0.0037435097337,0.0821328297799,0.0823052740214,0.0054348889340,15.1439384097487
47049,3.6301952855905,0.0037447603304,0.0821015625220,0.0822939040709,0.0054348889340,15.1439384097487
47064,3.6303039443185,0.0034982219931,0.0823585504387,0.0822815636961,0.0054348889340,15.1439384097487
47065,3.6303759217875,0.0034513879728,0.0821914124693,0.0822028183175,0.0054348889340,15.1439384097487
47433,3.6307716801624,0.0040785264106,0.0643836443895,0.0761172747168,0.0047181658540,15.1439384097487
47434,3.6306881214017,0.0041059513903,0.0642534992458,0.0760813655203,0.0047181658540,15.1439384097487
47435,3.6307149068531,0.0041059513903,0.0640154488712,0.0759967265417,0.0047181658540,15.1439384097487
47436,3.6306712554731,0.0041490170927,0.0639137549674,0.0759782463558,0.0047181658540,15.1439384097487
47463,3.6310542290626,0.0045318429247,0.0631896048251,0.0758891085694,0.0046238025369,15.1439384097487
47468,3.6309706734572,0.0044887772223,0.0625860107870,0.0756539002342,0.0046238025369,15.1439384097487
47634,3.6316644793990,0.0046346232425,0.0622091524194,0.0755916307049,0.0043518859573,15.1439384097487
47638,3.6315911052063,0.0046814572627,0.0621256396752,0.0755808382079,0.0043518859573,15.1439384097487
47639,3.6315607909537,0.0047282912829,0.0618935404043,0.0755175883894,0.0043518859573,15.1439384097487
47640,3.6314100388000,0.0047282912829,0.0618672953009,0.0755060820054,0.0043518859573,15.1439384097487
47647,3.6314497092171,0.0048705232439,0.0615796125420,0.0754648560514,0.0043518859573,15.1439384097487
47653,3.6311832610127,0.0049928668608,0.0613608412408,0.0754353861982,0.0043518859573,15.1439384097487
47654,3.6313048412763,0.0049460328406,0.0613555891985,0.0754151590984,0.0043518859573,15.1439384097487
47752,3.6319656377277,0.0042190945821,0.0617511807762,0.0752542470624,0.0042648482382,15.1439384097487
47753,3.6318534911430,0.0042190945821,0.0617431126415,0.0752497787190,0.0042648482382,15.1439384097487
47754,3.6317103913527,0.0042190945821,0.0617249825664,0.0752412788397,0.0042648482382,15.1439384097487
47755,3.6316479149138,0.0041722605619,0.0617620409063,0.0752335582008,0.0042648482382,15.1439384097487
47756,3.6317245880854,0.0041722605619,0.0617444858772,0.0752283734677,0.0042648482382,15.1439384097487
47757,3.6316147201960,0.0041722605619,0.0616250786750,0.0751841734151,0.0042648482382,15.1439384097487
47758,3.6316256160599,0.0042190945821,0.0615265878439,0.0751692240170,0.0042648482382,15.1439384097487
47762,3.6318652745395,0.0041793013662,0.0614851988905,0.0751407791640,0.0042648482382,15.1439384097487
47763,3.6318552941516,0.0042261353864,0.0613160963796,0.0751003159112,0.0042648482382,15.1439384097487
47767,3.6319453414229,0.0041088106841,0.0613065017100,0.0750478813911,0.0042648482382,15.1439384097487
47769,3.6318028190772,0.0040654364644,0.0612765593207,0.0750165820477,0.0042648482382,15.1439384097487
47770,3.6317170215354,0.0040186024442,0.0612882331078,0.0749994655049,0.0042648482382,15.1439384097487
47773,3.6317845106835,0.0039717684240,0.0612845108137,0.0749790193581,0.0041795512734,15.1439384097487
47774,3.6317516989251,0.0039672122853,0.0612703964076,0.0749715615838,0.0041795512734,15.1439384097487
48573,3.6371275706332,0.0042764292073,0.0606390089614,0.0749546558299,0.0031498851362,15.1439384097487
48956,3.6388518402349,0.0040535144764,0.0606056235695,0.0748715958904,0.0027903017485,15.1439384097487
49357,3.6403343252433,0.0034870878259,0.0611685580010,0.0748508666864,0.0023738855495,15.1439384097487
49358,3.6403135359010,0.0035406541333,0.0608673026600,0.0747659383143,0.0023738855495,15.1439384097487
49359,3.6403427644288,0.0035874881535,0.0607943861455,0.0747603820066,0.0023738855495,15.1439384097487
49360,3.6403562506887,0.0036205325545,0.0605333615254,0.0746815116439,0.0023738855495,15.1439384097487
49729,3.6416055157714,0.0035798137869,0.0603878410622,0.0746297661667,0.0021028884270,15.1439384097487
49731,3.6415124659239,0.0035707345650,0.0602836937535,0.0745873629551,0.0021028884270,15.1439384097487
49733,3.6414683574337,0.0036175685853,0.0600834297659,0.0745352876932,0.0021028884270,15.1439384097487
49742,3.6416734691391,0.0036442057442,0.0599893531858,0.0745160071567,0.0021028884270,15.1439384097487
49744,3.6417618228946,0.0036445142614,0.0599147104466,0.0744907314570,0.0021028884270,15.1439384097487
49750,3.6417696521403,0.0036882300537,0.0598361147590,0.0744815076914,0.0021028884270,15.1439384097487
49925,3.6413882893721,0.0034587372944,0.0599432290935,0.0744160125135,0.0019792217644,15.1439384097487
49934,3.6415217978794,0.0035846784428,0.0597483990067,0.0744022942540,0.0019792217644,15.1439384097487
49956,3.6417042839053,0.0039584250529,0.0592021227101,0.0743699548603,0.0019792217644,15.1439384097487
49957,3.6416266623121,0.0039847536946,0.0590983597486,0.0743430820230,0.0019792217644,15.1439384097487
49993,3.6420716186506,0.0036106985672,0.0594895344046,0.0743287740194,0.0019008445825,15.1439384097487
50802,3.6417322955067,0.0034178807959,0.0596015490639,0.0742813416674,0.0014617920425,15.1439384097487
50803,3.6418065749658,0.0034178807959,0.0594665792373,0.0742341892072,0.0014617920425,15.1439384097487
50807,3.6416630087642,0.0035270518281,0.0593052163715,0.0742213157454,0.0014617920425,15.1439384097487
50808,3.6417228406027,0.0035270518281,0.0591254539805,0.0741579615080,0.0014617920425,15.1439384097487
54522,3.6454946593666,0.0033577199324,0.0591444467277,0.0741455448024,0.0004093816405,15.1439384097487
54523,3.6454770056777,0.0033851449121,0.0590095484554,0.0741088706123,0.0004093816405,15.1439384097487
54527,3.6450586527837,0.0033459687307,0.0589180620160,0.0740534874264,0.0004093816405,15.1439384097487
55946,3.6460716140519,0.0036494835928,0.0584957692670,0.0740470797197,0.0002470473811,15.1439384097487
55966,3.6460395452399,0.0033835362150,0.0587891426251,0.0740374246998,0.0002470473811,15.1439384097487
55976,3.6458735626289,0.0033445308200,0.0586455290129,0.0739670688833,0.0002470473811,15.1439384097487
55978,3.6457768207199,0.0033913648402,0.0585390598935,0.0739477470292,0.0002470473811,15.1439384097487
55981,3.6460365314184,0.0033913648402,0.0584494098933,0.0739194040610,0.0002470473811,15.1439384097487
60461,3.6536462596456,0.0029523833597,0.0585873520426,0.0738882113389,0.0000638156689,15.1439384097487
60668,3.6541304903786,0.0028583902742,0.0586603960446,0.0738808675640,0.0000600627970,15.1439384097487
60673,3.6540701486808,0.0029052242945,0.0585578618911,0.0738634661155,0.0000600627970,15.1439384097487
60674,3.6541182171044,0.0028583902742,0.0585466500334,0.0738400703226,0.0000600627970,15.1439384097487
60677,3.6540140863979,0.0028228446798,0.0585674947820,0.0738308076069,0.0000600627970,15.1439384097487
60687,3.6541197479783,0.0027955904864,0.0585362212780,0.0738094532340,0.0000600627970,15.1439384097487
62131,3.6584185346279,0.0030150288889,0.0580925850495,0.0738058842967,0.0000409167368,15.1439384097487
62137,3.6583051868428,0.0029926228237,0.0580189666187,0.0737683855371,0.0000409167368,15.1439384097487
62145,3.6580417490342,0.0029927936100,0.0579779700296,0.0737500894649,0.0000409167368,15.1439384097487
62146,3.6580614500288,0.0029727344796,0.0579838282792,0.0737438636945,0.0000409167368,15.1439384097487
62147,3.6583087899340,0.0029727344796,0.0579501570632,0.0737353381033,0.0000409167368,15.1439384097487
62159,3.6582489574757,0.0029614460538,0.0579462768122,0.0737282677773,0.0000409167368,15.1439384097487
62180,3.6582917118959,0.0029146120336,0.0579851560017,0.0737226864514,0.0000409167368,15.1439384097487
62182,3.6582930524763,0.0029614460538,0.0579183655545,0.0737189234123,0.0000409167368,15.1439384097487
62504,3.6584387428345,0.0031859198986,0.0576204054136,0.0737107736614,0.0000377402953,15.1439384097487
62505,3.6584055980892,0.0031949991205,0.0574533239403,0.0736545238058,0.0000377402953,15.1439384097487
62520,3.6584130566472,0.0031008517765,0.0575382669054,0.0736446172554,0.0000369854894,15.1439384097487
62540,3.6583705498202,0.0030540177562,0.0575699469330,0.0736352583593,0.0000369854894,15.1439384097487
62567,3.6586147949068,0.0030071837360,0.0575794327535,0.0736220304810,0.0000362457796,15.1439384097487
62692,3.6581570537192,0.0031034907008,0.0574594760110,0.0736139861936,0.0000355208640,15.1439384097487
62714,3.6582773975504,0.0030566566806,0.0574620285393,0.0735965289450,0.0000355208640,15.1439384097487
62724,3.6583537158542,0.0031849447637,0.0573040546908,0.0735961702194,0.0000355208640,15.1439384097487
62725,3.6582727187119,0.0032317787840,0.0572423202185,0.0735930478124,0.0000355208640,15.1439384097487
62738,3.6582920906607,0.0032123532158,0.0572563167772,0.0735899954516,0.0000348104467,15.1439384097487
62831,3.6585072013372,0.0028204977450,0.0575941072927,0.0735457406642,0.0000348104467,15.1439384097487
62836,3.6584962451613,0.0028751603904,0.0574804370556,0.0735284159698,0.0000348104467,15.1439384097487
62869,3.6588943061639,0.0027244662420,0.0576388807814,0.0735260523448,0.0000341142378,15.1439384097487
62878,3.6589286206394,0.0025856775539,0.0577772260864,0.0735164660635,0.0000341142378,15.1439384097487
62880,3.6590687270377,0.0025822342810,0.0575569535606,0.0734383041121,0.0000341142378,15.1439384097487
63170,3.6594371744370,0.0031472064931,0.0568325584301,0.0734269360195,0.0000321080477,15.1439384097487
63172,3.6593207606312,0.0031249712142,0.0567996280307,0.0734039985098,0.0000314658867,15.1439384097487
63666,3.6608469286637,0.0029603001326,0.0567815061314,0.0733485482577,0.0000278738160,15.1439384097487
64517,3.6624696628862,0.0034257259488,0.0561167543352,0.0733335666894,0.0000232397317,15.1439384097487
64575,3.6617587255307,0.0035471274862,0.0559948489661,0.0733319985719,0.0000232397317,15.1439384097487
64576,3.6618241404864,0.0035471274862,0.0559820531295,0.0733283542475,0.0000232397317,15.1439384097487
64577,3.6617515533794,0.0035002934660,0.0560192706411,0.0733205473903,0.0000232397317,15.1439384097487
64583,3.6615917057167,0.0034534594458,0.0560287332457,0.0733015933353,0.0000232397317,15.1439384097487
64588,3.6615752389802,0.0034736563071,0.0559484519561,0.0732813442406,0.0000232397317,15.1439384097487
64889,3.6626154038758,0.0032936860755,0.0560920720942,0.0732702253114,0.0000214355886,15.1439384097487
64890,3.6625720576270,0.0033041701527,0.0559514895560,0.0732238970915,0.0000214355886,15.1439384097487
65742,3.6627652777709,0.0031871374399,0.0560652098077,0.0732170886423,0.0000182366061,15.1439384097487
65753,3.6627568829689,0.0032169093544,0.0560067368854,0.0732088460618,0.0000182366061,15.1439384097487
65756,3.6627963022342,0.0032169093544,0.0559525484513,0.0731900508296,0.0000182366061,15.1439384097487
65807,3.6626193165455,0.0031815180186,0.0559900560609,0.0731857743535,0.0000178718740,15.1439384097487
65809,3.6627488625869,0.0032169093544,0.0559211326189,0.0731781596216,0.0000178718740,15.1439384097487
65812,3.6626673045226,0.0032169093544,0.0559127620572,0.0731740160941,0.0000178718740,15.1439384097487
66043,3.6629021605499,0.0032535512870,0.0558428740221,0.0731680829640,0.0000171641478,15.1439384097487
66049,3.6629280086472,0.0032535512870,0.0558347564074,0.0731655495648,0.0000171641478,15.1439384097487
66093,3.6628883091612,0.0033003853072,0.0557185622945,0.0731435616452,0.0000171641478,15.1439384097487
66113,3.6629633276643,0.0033472193274,0.0555892914720,0.0731185267241,0.0000171641478,15.1439384097487
66142,3.6631530277344,0.0031774411835,0.0557656686354,0.0731114407497,0.0000168208649,15.1439384097487
66155,3.6630461491979,0.0032090972569,0.0556700887401,0.0730893596373,0.0000168208649,15.1439384097487
66692,3.6633971349005,0.0029982422450,0.0558913205269,0.0730829709803,0.0000152047296,15.1439384097487
66693,3.6634611055452,0.0029858740089,0.0558776714427,0.0730737008150,0.0000152047296,15.1439384097487
66699,3.6634311970812,0.0029858740089,0.0557999202360,0.0730455093242,0.0000152047296,15.1439384097487
66835,3.6629548321603,0.0028770445493,0.0559022028772,0.0730286571102,0.0000149006350,15.1439384097487
67404,3.6637949590063,0.0029484607832,0.0556815628119,0.0729923517829,0.0000134689938,15.1439384097487
67443,3.6638430994745,0.0029484607832,0.0556434747441,0.0729794300859,0.0000134689938,15.1439384097487
67475,3.6638061686797,0.0029744478522,0.0555949583842,0.0729727175615,0.0000134689938,15.1439384097487
67493,3.6638924166457,0.0029744478522,0.0555899965730,0.0729721658890,0.0000131996140,15.1439384097487
67494,3.6639566193563,0.0029744478522,0.0555446464719,0.0729568778884,0.0000131996140,15.1439384097487
67497,3.6640590127111,0.0028729511865,0.0555955303762,0.0729330009995,0.0000131996140,15.1439384097487
67498,3.6642049235888,0.0028261171663,0.0555921971443,0.0729138034657,0.0000131996140,15.1439384097487
67499,3.6642268600535,0.0028729511865,0.0555247478965,0.0729100965711,0.0000131996140,15.1439384097487
67563,3.6642689358544,0.0028729511865,0.0554555374226,0.0728859739145,0.0000129356217,15.1439384097487
67574,3.6642829939009,0.0028176549789,0.0555087962996,0.0728814954877,0.0000129356217,15.1439384097487
67578,3.6642240839217,0.0027916679099,0.0554696479220,0.0728555430367,0.0000129356217,15.1439384097487
67667,3.6642042580209,0.0027935355411,0.0554562871709,0.0728512912181,0.0000126769092,15.1439384097487
67668,3.6643217885188,0.0028268884594,0.0553575435385,0.0728319827916,0.0000126769092,15.1439384097487
67703,3.6643822537219,0.0028268884594,0.0553182746017,0.0728188137499,0.0000126769092,15.1439384097487
68050,3.6638110613304,0.0030139325508,0.0550845506934,0.0728074203449,0.0000119314056,15.1439384097487
68066,3.6638686937090,0.0029257462008,0.0551475431339,0.0727929389893,0.0000119314056,15.1439384097487
68115,3.6638364904191,0.0030358427847,0.0548951172151,0.0727495154514,0.0000119314056,15.1439384097487
68140,3.6637756588721,0.0030410159579,0.0548794452139,0.0727452746200,0.0000119314056,15.1439384097487
68146,3.6638182045400,0.0030717134241,0.0547459438670,0.0727113536428,0.0000119314056,15.1439384097487
68220,3.6637423255544,0.0030002971903,0.0547275896852,0.0726731179380,0.0000114589219,15.1439384097487
68257,3.6636610718956,0.0030085885913,0.0546812231657,0.0726589621905,0.0000114589219,15.1439384097487
68279,3.6636070704136,0.0030085885913,0.0546649691504,0.0726523930677,0.0000114589219,15.1439384097487
70060,3.6624440352346,0.0028426999684,0.0549038724129,0.0726501636674,0.0000084632057,15.1439384097487
70072,3.6624151246407,0.0028780913043,0.0548100117301,0.0726314006274,0.0000084632057,15.1439384097487
70074,3.6624474132185,0.0028312572840,0.0548329143670,0.0726199652988,0.0000084632057,15.1439384097487
70075,3.6624256323746,0.0028202939032,0.0548347868039,0.0726156272370,0.0000084632057,15.1439384097487
70095,3.6622498757501,0.0028546054287,0.0547900779145,0.0726118777715,0.0000084632057,15.1439384097487
70120,3.6622533812914,0.0028521042353,0.0547914963791,0.0726113620292,0.0000084632057,15.1439384097487
70204,3.6621986129369,0.0028521042353,0.0547753658568,0.0726048261598,0.0000084632057,15.1439384097487
70462,3.6623098636597,0.0029000345936,0.0546610853422,0.0725861274627,0.0000079655015,15.1439384097487
70904,3.6623510018941,0.0027852110846,0.0547940765646,0.0725849963559,0.0000073471249,15.1439384097487
70942,3.6623653984152,0.0027852110846,0.0547778722456,0.0725794128089,0.0000073471249,15.1439384097487
70998,3.6623552133267,0.0027852110846,0.0547588382890,0.0725724708489,0.0000073471249,15.1439384097487
71041,3.6622919033278,0.0027811507773,0.0546933105523,0.0725464321219,0.0000073471249,15.1439384097487
71081,3.6622512868111,0.0027488776693,0.0547254561373,0.0725435066350,0.0000072001824,15.1439384097487
71137,3.6621035983171,0.0027524752008,0.0547085055555,0.0725369048726,0.0000072001824,15.1439384097487
71534,3.6618327535545,0.0029514082248,0.0544801803420,0.0725367847286,0.0000067767541,15.1439384097487
71589,3.6618010672065,0.0029076924325,0.0545054761193,0.0725266352355,0.0000066412190,15.1439384097487
71632,3.6618827183631,0.0028484736484,0.0545667015634,0.0725242773450,0.0000066412190,15.1439384097487
71693,3.6618864360884,0.0028589742533,0.0544907773835,0.0725017144313,0.0000066412190,15.1439384097487
71727,3.6618579273617,0.0028453554205,0.0545011238872,0.0724991695720,0.0000066412190,15.1439384097487
71746,3.6617869140942,0.0029307155322,0.0543843942182,0.0724930584765,0.0000065083946,15.1439384097487
72127,3.6622078530760,0.0028436255202,0.0544563675231,0.0724873951958,0.0000061256490,15.1439384097487
72249,3.6622135808878,0.0028467437481,0.0544160464229,0.0724744122344,0.0000061256490,15.1439384097487
72254,3.6622303876335,0.0028436255202,0.0543901659541,0.0724640706408,0.0000060031360,15.1439384097487
72303,3.6618572916157,0.0029158295749,0.0542926259812,0.0724549002474,0.0000060031360,15.1439384097487
72361,3.6618547300241,0.0028689955547,0.0543314899660,0.0724486722726,0.0000058830733,15.1439384097487
72363,3.6617578691050,0.0028878040884,0.0542842786016,0.0724385012957,0.0000058830733,15.1439384097487
72402,3.6616758622668,0.0029390234609,0.0542054111040,0.0724311251007,0.0000058830733,15.1439384097487
72583,3.6619274645426,0.0029390234609,0.0541910367899,0.0724295515725,0.0000057654118,15.1439384097487
72639,3.6619370082581,0.0028921894407,0.0542244805840,0.0724215591046,0.0000056501036,15.1439384097487
72895,3.6619756481452,0.0028976711311,0.0541892396449,0.0724118691026,0.0000054263595,15.1439384097487
72921,3.6618305680339,0.0028976711311,0.0541928107193,0.0724110916125,0.0000054263595,15.1439384097487
72922,3.6617998262907,0.0028976711311,0.0541507101341,0.0723956206956,0.0000054263595,15.1439384097487
73708,3.6618758456746,0.0028747857623,0.0541215541916,0.0723764755130,0.0000048068992,15.1439384097487
73756,3.6617915308449,0.0029036155974,0.0540105266549,0.0723479854157,0.0000048068992,15.1439384097487
73835,3.6616964554184,0.0028320285772,0.0540649919128,0.0723354118311,0.0000047107612,15.1439384097487
74034,3.6612387615651,0.0028978253897,0.0539515660915,0.0723166249058,0.0000045242151,15.1439384097487
74249,3.6613140388421,0.0028689955547,0.0539761339055,0.0723141086499,0.0000044337308,15.1439384097487
74269,3.6611504054468,0.0028689955547,0.0539186456725,0.0722912617365,0.0000044337308,15.1439384097487
74292,3.6610695070193,0.0028689955547,0.0538781889806,0.0722756682107,0.0000043450561,15.1439384097487
74441,3.6609914547822,0.0028118151881,0.0539350837618,0.0722703774701,0.0000042581550,15.1439384097487
74442,3.6609320048129,0.0028118151881,0.0539214662462,0.0722646728586,0.0000042581550,15.1439384097487
74629,3.6609332831347,0.0027046825734,0.0540170836373,0.0722529260372,0.0000041729919,15.1439384097487
74672,3.6608490266081,0.0027844067361,0.0538972014179,0.0722430862330,0.0000040895321,15.1439384097487
74687,3.6608251749630,0.0028270261903,0.0537978308386,0.0722255247216,0.0000040895321,15.1439384097487
74940,3.6609357845655,0.0027844067361,0.0538384238998,0.0722233218815,0.0000039275866,15.1439384097487
75149,3.6609631294930,0.0027687494857,0.0538448976842,0.0722193106261,0.0000037720542,15.1439384097487
75151,3.6609398547219,0.0027712506791,0.0538107838783,0.0722078697276,0.0000037720542,15.1439384097487
75172,3.6609245008425,0.0027712506791,0.0538094392142,0.0722071722340,0.0000037720542,15.1439384097487
75512,3.6608989853336,0.0027994469520,0.0537759921188,0.0722069499170,0.0000035502272,15.1439384097487
75535,3.6609559930656,0.0027631135367,0.0538090672608,0.0722039976596,0.0000035502272,15.1439384097487
75537,3.6609968164036,0.0028057329909,0.0537486879702,0.0722012767552,0.0000035502272,15.1439384097487
75636,3.6610815548553,0.0027631135367,0.0537964725856,0.0722012762522,0.0000035502272,15.1439384097487
75733,3.6611053611602,0.0028099475569,0.0537374887471,0.0722006191762,0.0000034792227,15.1439384097487
76173,3.6611071161756,0.0027905385164,0.0537515902504,0.0721973621005,0.0000032091242,15.1439384097487
76310,3.6610369419669,0.0028596243432,0.0536576686485,0.0721924339224,0.0000032091242,15.1439384097487
76403,3.6610873188676,0.0028596243432,0.0536426927740,0.0721877982256,0.0000031449417,15.1439384097487
76526,3.6609407346872,0.0027419911236,0.0537645613480,0.0721788343230,0.0000030204020,15.1439384097487
76552,3.6609663724851,0.0027130235576,0.0536447438583,0.0721239904644,0.0000030204020,15.1439384097487
76595,3.6609690790885,0.0026361091056,0.0537032677782,0.0721119668260,0.0000030204020,15.1439384097487
76722,3.6609302144958,0.0026147993785,0.0537000419864,0.0721011320859,0.0000029599940,15.1439384097487
77299,3.6608417914408,0.0026386102990,0.0536521812472,0.0720929924647,0.0000027302042,15.1439384097487
77853,3.6607622560830,0.0026303023703,0.0536221617785,0.0720775852650,0.0000025182534,15.1439384097487
77911,3.6608134489997,0.0026614791401,0.0535765489304,0.0720753808112,0.0000024678884,15.1439384097487
78017,3.6607245419414,0.0027455886551,0.0534656873023,0.0720705762787,0.0000024678884,15.1439384097487
78058,3.6605696995198,0.0026794833253,0.0535292281865,0.0720627475861,0.0000024185306,15.1439384097487
78064,3.6606205402260,0.0026326493050,0.0535572263935,0.0720533946154,0.0000024185306,15.1439384097487
78066,3.6606154578388,0.0026794833253,0.0534455878030,0.0720335234977,0.0000024185306,15.1439384097487
78085,3.6605317889868,0.0026580193395,0.0534308770801,0.0720178869084,0.0000023701600,15.1439384097487
78163,3.6605376791839,0.0027048533598,0.0533665553373,0.0720150699263,0.0000023701600,15.1439384097487
78191,3.6606862390451,0.0027516873800,0.0532959818685,0.0720120389510,0.0000023701600,15.1439384097487
78266,3.6606551790700,0.0027516873800,0.0532673942649,0.0720013895960,0.0000023227568,15.1439384097487
78396,3.6606776325014,0.0027932104962,0.0531779934653,0.0719875740748,0.0000022763017,15.1439384097487
78415,3.6606924951193,0.0027833434534,0.0531777470175,0.0719834676302,0.0000022763017,15.1439384097487
78450,3.6606767150916,0.0027241246694,0.0532176403873,0.0719721124970,0.0000022763017,15.1439384097487
78516,3.6606815036483,0.0027444923170,0.0531419626552,0.0719538814852,0.0000022763017,15.1439384097487
78534,3.6605914279232,0.0027430874617,0.0531269324813,0.0719466369196,0.0000022307756,15.1439384097487
78760,3.6604591649490,0.0027139656371,0.0531542063742,0.0719420253014,0.0000021424369,15.1439384097487
78788,3.6604771714481,0.0026724425209,0.0531801644205,0.0719337552018,0.0000021424369,15.1439384097487
78930,3.6606185333690,0.0027192765412,0.0530833314647,0.0719212439880,0.0000020995882,15.1439384097487
79778,3.6605819046510,0.0027003137488,0.0531045519870,0.0719201775410,0.0000018599042,15.1439384097487
79799,3.6605915841394,0.0026898131439,0.0531040062187,0.0719156193286,0.0000018599042,15.1439384097487
79820,3.6606081422550,0.0027003137488,0.0530677546871,0.0719074069085,0.0000018227061,15.1439384097487
79951,3.6603358871713,0.0026841937226,0.0530837506526,0.0719023587795,0.0000017862520,15.1439384097487
80073,3.6602864437625,0.0027310277428,0.0529850768142,0.0718864902249,0.0000017505269,15.1439384097487
80210,3.6602683135665,0.0027310277428,0.0529779738212,0.0718836969006,0.0000017505269,15.1439384097487
80292,3.6602684652666,0.0027178716858,0.0529924849171,0.0718832432713,0.0000017155164,15.1439384097487
80323,3.6602125704598,0.0027181802031,0.0529765886886,0.0718769073608,0.0000017155164,15.1439384097487
80430,3.6601988714759,0.0027217777346,0.0529510777960,0.0718691442872,0.0000016475820,15.1439384097487
80431,3.6600845890535,0.0026893503680,0.0529865945092,0.0718663142962,0.0000016475820,15.1439384097487
80455,3.6599800706115,0.0026425163478,0.0530361041931,0.0718624456742,0.0000016475820,15.1439384097487
80477,3.6599830731539,0.0026035109527,0.0530521850191,0.0718515147143,0.0000016475820,15.1439384097487
80541,3.6599797302882,0.0026035109527,0.0530307422441,0.0718438092790,0.0000016475820,15.1439384097487
80565,3.6601125086470,0.0026398443680,0.0529690192200,0.0718392156105,0.0000016475820,15.1439384097487
80894,3.6600569609131,0.0026503449730,0.0529539143722,0.0718375352845,0.0000015823377,15.1439384097487
80917,3.6600541395465,0.0026866783883,0.0528897825297,0.0718301625966,0.0000015506910,15.1439384097487
81244,3.6601065884062,0.0026866783883,0.0528684151244,0.0718232735283,0.0000014892836,15.1439384097487
81338,3.6600773955458,0.0027042363253,0.0528268275629,0.0718155325808,0.0000014594979,15.1439384097487
81538,3.6601864122447,0.0026459596206,0.0528852219086,0.0718129545527,0.0000014017018,15.1439384097487
81622,3.6602178523777,0.0026459596206,0.0528754120352,0.0718098959023,0.0000013736678,15.1439384097487
81725,3.6601661018475,0.0026927936409,0.0528119346349,0.0718065648586,0.0000013736678,15.1439384097487
81736,3.6601768413110,0.0026927936409,0.0527743664965,0.0717932996290,0.0000013736678,15.1439384097487
81773,3.6601388825951,0.0026927936409,0.0527064073035,0.0717684913754,0.0000013461944,15.1439384097487
82667,3.6601214113894,0.0027032942458,0.0526913024556,0.0717673498297,0.0000011925161,15.1439384097487
82682,3.6600450313839,0.0026927936409,0.0527064073035,0.0717671633870,0.0000011925161,15.1439384097487
82705,3.6599653237569,0.0027333746776,0.0526575301458,0.0717659712746,0.0000011925161,15.1439384097487
82880,3.6599423858652,0.0026957741379,0.0526940934978,0.0717625905279,0.0000011452924,15.1439384097487
82965,3.6598366230716,0.0027426081581,0.0525865072237,0.0717427420451,0.0000011223866,15.1439384097487
83008,3.6598589995002,0.0026957741379,0.0526355005760,0.0717404845729,0.0000011223866,15.1439384097487
83378,3.6598157599648,0.0026656937061,0.0526692728858,0.0717390426620,0.0000010563813,15.1439384097487
83426,3.6597995337883,0.0026656937061,0.0526317278462,0.0717254041200,0.0000010563813,15.1439384097487
83537,3.6596920692925,0.0027062747428,0.0525828506885,0.0717238192497,0.0000010352536,15.1439384097487
83807,3.6596767383174,0.0026941984962,0.0525675882813,0.0717129759234,0.0000010145486,15.1439384097487
83833,3.6596523636504,0.0026879455127,0.0525340058719,0.0716979574558,0.0000009942576,15.1439384097487
84078,3.6596801333537,0.0026879455127,0.0525266810716,0.0716957343951,0.0000009548850,15.1439384097487
84907,3.6597361207574,0.0026519206146,0.0525407273891,0.0716861039131,0.0000008458776,15.1439384097487
84913,3.6597075428571,0.0026987546349,0.0524763671027,0.0716827854441,0.0000008458776,15.1439384097487
84932,3.6597016743149,0.0026685364722,0.0524901737325,0.0716746827027,0.0000008458776,15.1439384097487
85056,3.6596732439879,0.0026685364722,0.0524825003483,0.0716715399211,0.0000008289600,15.1439384097487
85064,3.6597061204012,0.0026932729445,0.0524179193404,0.0716595418197,0.0000008289600,15.1439384097487
85083,3.6596489352342,0.0027474562863,0.0523453280321,0.0716560286184,0.0000008123808,15.1439384097487
85085,3.6595761919737,0.0027942903065,0.0522822956608,0.0716525594679,0.0000008123808,15.1439384097487
85091,3.6595159661999,0.0027474562863,0.0523238754067,0.0716464854636,0.0000008123808,15.1439384097487
85115,3.6595013221495,0.0026473810037,0.0523886771362,0.0716265323192,0.0000008123808,15.1439384097487
85132,3.6594685770840,0.0026942150239,0.0523255028122,0.0716235784431,0.0000008123808,15.1439384097487
85206,3.6593916824749,0.0026837144190,0.0523406261197,0.0716233913115,0.0000007961332,15.1439384097487
85234,3.6592955640025,0.0027231991176,0.0522909171400,0.0716212000483,0.0000007961332,15.1439384097487
85291,3.6594073760589,0.0026809047083,0.0523263768843,0.0716173202003,0.0000007961332,15.1439384097487
85342,3.6594623874676,0.0026882540299,0.0522849133330,0.0716064399062,0.0000007802106,15.1439384097487
85347,3.6593989154281,0.0027277387286,0.0522351858937,0.0716047039950,0.0000007802106,15.1439384097487
85379,3.6593126387623,0.0026882540299,0.0522849133330,0.0716043209720,0.0000007802106,15.1439384097487
85446,3.6591632563283,0.0026987546349,0.0522112155634,0.0715803868478,0.0000007802106,15.1439384097487
85585,3.6590917074254,0.0026205895862,0.0522558322265,0.0715618096516,0.0000007493142,15.1439384097487
85691,3.6591360828841,0.0026674236064,0.0521908097755,0.0715592869804,0.0000007343279,15.1439384097487
85745,3.6591090459581,0.0027142576266,0.0521044066507,0.0715481178738,0.0000007343279,15.1439384097487
85832,3.6591658233424,0.0027537423252,0.0520311415102,0.0715396771621,0.0000007343279,15.1439384097487
86419,3.6592239584478,0.0027400904370,0.0520279350669,0.0715335038024,0.0000006637743,15.1439384097487
86609,3.6591502977510,0.0027133155472,0.0520429053933,0.0715263331008,0.0000006504988,15.1439384097487
86650,3.6590484222246,0.0027336831948,0.0520009384912,0.0715186323815,0.0000006504988,15.1439384097487
86707,3.6591060919476,0.0027805172151,0.0519353713571,0.0715161032935,0.0000006374888,15.1439384097487
86740,3.6591118827384,0.0027769196836,0.0519341817162,0.0715142185619,0.0000006247391,15.1439384097487
86792,3.6590811159673,0.0027410490441,0.0519552640766,0.0715059394973,0.0000006247391,15.1439384097487
86874,3.6591048012504,0.0027065832601,0.0519933738439,0.0715051142234,0.0000006122443,15.1439384097487
87000,3.6590709947965,0.0027101807915,0.0519594818175,0.0714940733684,0.0000006122443,15.1439384097487
87035,3.6590093782904,0.0026775991664,0.0519852451802,0.0714884391463,0.0000006122443,15.1439384097487
87196,3.6589612875148,0.0026462846656,0.0520144427667,0.0714847658741,0.0000005999994,15.1439384097487
87364,3.6589077064689,0.0026834059017,0.0519386826561,0.0714728596248,0.0000005762394,15.1439384097487
87394,3.6589088998517,0.0026998675007,0.0519108734082,0.0714699996078,0.0000005647146,15.1439384097487
87477,3.6588708080488,0.0026530334804,0.0519341350090,0.0714576966030,0.0000005647146,15.1439384097487
87621,3.6587972675087,0.0026090091709,0.0519196790047,0.0714326255893,0.0000005534203,15.1439384097487
87715,3.6588429344593,0.0026558431911,0.0518331692413,0.0714224471525,0.0000005534203,15.1439384097487
88076,3.6588466657725,0.0027026772113,0.0517303579304,0.0714058533480,0.0000005104573,15.1439384097487
88541,3.6587883525532,0.0027065832601,0.0516564072898,0.0713802912976,0.0000004804383,15.1439384097487
88549,3.6587646682538,0.0026597492398,0.0516972898680,0.0713744853642,0.0000004804383,15.1439384097487
88726,3.6587087934958,0.0026597492398,0.0516612474267,0.0713608224397,0.0000004708296,15.1439384097487
88834,3.6586386552130,0.0026597492398,0.0516467729627,0.0713546605362,0.0000004614130,15.1439384097487
88897,3.6585991008723,0.0027000052316,0.0515554712143,0.0713387456455,0.0000004614130,15.1439384097487
89018,3.6585360938584,0.0027189680239,0.0514809512683,0.0713193667451,0.0000004431410,15.1439384097487
89033,3.6586079168143,0.0027065997878,0.0514662499847,0.0713098319040,0.0000004431410,15.1439384097487
89120,3.6585188342630,0.0027322783395,0.0514154453113,0.0713014319593,0.0000004342782,15.1439384097487
89272,3.6584991685029,0.0026470559587,0.0515051039782,0.0712966507651,0.0000004255926,15.1439384097487
89346,3.6584323564708,0.0026747894557,0.0514558631109,0.0712900051397,0.0000004255926,15.1439384097487
89403,3.6584427732101,0.0026423786169,0.0514842473350,0.0712863993993,0.0000004255926,15.1439384097487
89547,3.6584790915903,0.0026892126371,0.0513928902076,0.0712743574794,0.0000004170808,15.1439384097487
89599,3.6585550077362,0.0026547468530,0.0514076284105,0.0712659242813,0.0000004005644,15.1439384097487
89837,3.6585243788294,0.0026851192743,0.0513705462145,0.0712652639949,0.0000003925531,15.1439384097487
90284,3.6585567981216,0.0026547468530,0.0513915475845,0.0712602064630,0.0000003620785,15.1439384097487
91252,3.6586004304441,0.0027015808732,0.0513041549350,0.0712496839199,0.0000003207445,15.1439384097487
92361,3.6586080885742,0.0027484148935,0.0512287287675,0.0712429260879,0.0000002674200,15.1439384097487
92713,3.6586683036841,0.0026725967795,0.0513081317520,0.0712396428590,0.0000002516935,15.1439384097487
92819,3.6586515482364,0.0027159875269,0.0512287287675,0.0712296435964,0.0000002516935,15.1439384097487
92977,3.6586280420287,0.0027466849932,0.0511774408559,0.0712241499308,0.0000002417265,15.1439384097487
93069,3.6586797169543,0.0027501282660,0.0511529656837,0.0712176156830,0.0000002368919,15.1439384097487
93412,3.6584903090844,0.0027377600299,0.0511382274809,0.0712043712578,0.0000002275110,15.1439384097487
93413,3.6583824743735,0.0026909260097,0.0510868049150,0.0711644084788,0.0000002275110,15.1439384097487
93550,3.6584716765445,0.0026890418508,0.0510706502515,0.0711590936642,0.0000002229608,15.1439384097487
93927,3.6585047133339,0.0026918680891,0.0510338681536,0.0711476359141,0.0000002098489,15.1439384097487
93983,3.6584897208056,0.0027387021094,0.0509667337191,0.0711435189100,0.0000002098489,15.1439384097487
94067,3.6585057057859,0.0027422996409,0.0509403319321,0.0711358576860,0.0000002056519,15.1439384097487
94115,3.6585090773384,0.0026321700015,0.0510383294052,0.0711237060738,0.0000002056519,15.1439384097487
94230,3.6584870409156,0.0026321700015,0.0510383294052,0.0711233942599,0.0000001975081,15.1439384097487
94278,3.6583879714965,0.0027480898485,0.0508976760316,0.0711214390210,0.0000001975081,15.1439384097487
94295,3.6584093756381,0.0026761943110,0.0509830262608,0.0711214117397,0.0000001975081,15.1439384097487
94527,3.6584465017629,0.0027230283313,0.0509135850827,0.0711172083741,0.0000001896868,15.1439384097487
94580,3.6585223492608,0.0027230283313,0.0508976760316,0.0711125998072,0.0000001896868,15.1439384097487
94984,3.6585675272797,0.0027623587713,0.0508300779044,0.0711059527877,0.0000001785317,15.1439384097487
95340,3.6585153948813,0.0027623587713,0.0508049959466,0.0710962572756,0.0000001680326,15.1439384097487
95744,3.6585635335491,0.0028091927915,0.0507368753859,0.0710926813858,0.0000001581510,15.1439384097487
95816,3.6585614807742,0.0027230283313,0.0508346298877,0.0710906370355,0.0000001581510,15.1439384097487
95818,3.6584781329234,0.0027230283313,0.0507739950189,0.0710678023587,0.0000001581510,15.1439384097487
95837,3.6584583843934,0.0027011015697,0.0507825908365,0.0710611956696,0.0000001581510,15.1439384097487
95922,3.6584088547042,0.0027011015697,0.0507025723318,0.0710319167904,0.0000001518882,15.1439384097487
96199,3.6583100197646,0.0027383935921,0.0506509781924,0.0710280740997,0.0000001488504,15.1439384097487
96332,3.6584127392495,0.0026691535067,0.0507188563339,0.0710240954445,0.0000001458734,15.1439384097487
96378,3.6582764759459,0.0027383935921,0.0506092816684,0.0710127078412,0.0000001458734,15.1439384097487
96618,3.6582792441627,0.0027383935921,0.0506074481548,0.0710120921849,0.0000001372949,15.1439384097487
96662,3.6582547336168,0.0026915595719,0.0506541611869,0.0710083568651,0.0000001372949,15.1439384097487
96856,3.6583209808506,0.0026915595719,0.0506395205862,0.0710040654731,0.0000001345490,15.1439384097487
97064,3.6583570981552,0.0027108308815,0.0505968111245,0.0709975822841,0.0000001292208,15.1439384097487
97067,3.6583337765089,0.0026954656206,0.0505277854281,0.0709660151381,0.0000001292208,15.1439384097487
97154,3.6583428671853,0.0026486316004,0.0505479343914,0.0709532681059,0.0000001266364,15.1439384097487
97167,3.6583915467364,0.0025740640832,0.0506204345325,0.0709478923185,0.0000001266364,15.1439384097487
97190,3.6583385614303,0.0026440754617,0.0504845882063,0.0709286309114,0.0000001266364,15.1439384097487
97200,3.6582643100578,0.0026196309790,0.0505098354650,0.0709261209306,0.0000001266364,15.1439384097487
97275,3.6581345789563,0.0026196309790,0.0504665387931,0.0709088221472,0.0000001241037,15.1439384097487
97276,3.6580424695697,0.0026440754617,0.0503777849369,0.0708862972066,0.0000001241037,15.1439384097487
97344,3.6580181395806,0.0026785412458,0.0503368057896,0.0708860885795,0.0000001241037,15.1439384097487
97426,3.6580651915954,0.0026440754617,0.0503516916696,0.0708772996977,0.0000001216216,15.1439384097487
98508,3.6580841292002,0.0026630382541,0.0503253531851,0.0708762879730,0.0000001034712,15.1439384097487
98709,3.6579898657446,0.0026248041521,0.0503687308474,0.0708740601299,0.0000001014018,15.1439384097487
98844,3.6579691288256,0.0026630382541,0.0502990207366,0.0708652562795,0.0000000973862,15.1439384097487
