0,3.12456,0.555358,0.320124,0.396553,100000.000000
1,3.1246002237546,0.5553584234398,0.3200964494604,0.3965437973313,100000.0000000000000,15.1439384097487
2,3.1247379083641,0.5553584234398,0.3200529265203,0.3965302016522,100000.0000000000000,15.1439384097487
3,3.1246664367091,0.5553584234398,0.3196872208378,0.3963985811607,100000.0000000000000,15.1439384097487
4,3.1247939696087,0.5553584234398,0.3196654538229,0.3963926118088,100000.0000000000000,15.1439384097487
5,3.1248846829913,0.5553584234398,0.3196097336216,0.3963739953252,100000.0000000000000,15.1439384097487
6,3.1248891212213,0.5552407902202,0.3195796079087,0.3963128847057,100000.0000000000000,15.1439384097487
7,3.1249295166070,0.5552407902202,0.3195657293840,0.3963084996817,100000.0000000000000,15.1439384097487
8,3.1250376785731,0.5551231570006,0.3195592780644,0.3962573118866,100000.0000000000000,15.1439384097487
9,3.1250642275110,0.5551231570006,0.3194189698918,0.3962075774907,100000.0000000000000,15.1439384097487
10,3.1250986471689,0.5550055237810,0.3193054744436,0.3961171162009,100000.0000000000000,15.1439384097487
11,3.1251010765604,0.5550055237810,0.3192550196790,0.3960991310178,100000.0000000000000,15.1439384097487
12,3.1249375119754,0.5549586897607,0.3192512657245,0.3960754041689,100000.0000000000000,15.1439384097487
13,3.1249080160489,0.5548410565411,0.3192388459449,0.3960201369310,100000.0000000000000,15.1439384097487
14,3.1249031900155,0.5548410565411,0.3191763653939,0.3959977541604,100000.0000000000000,15.1439384097487
15,3.1250032299050,0.5547234233215,0.3191502163017,0.3959394165197,100000.0000000000000,15.1439384097487
16,3.1251832073494,0.5547234233215,0.3188465399115,0.3958335073348,100000.0000000000000,15.1439384097487
17,3.1253185502125,0.5547234233215,0.3183654837477,0.3956636166545,100000.0000000000000,15.1439384097487
13696,3.3798403426612,0.1868584797002,0.6801422299680,0.3708146593558,768.2175808701072,15.1439384097487
13701,3.3799664789297,0.1868288620443,0.6800475829428,0.3707699483854,768.2175808701072,15.1439384097487
13702,3.3798550347530,0.1868288620443,0.6799176412259,0.3707219637017,768.2175808701072,15.1439384097487
13703,3.3800123291683,0.1868288620443,0.6798801329632,0.3707107935991,768.2175808701072,15.1439384097487
13704,3.3800920535251,0.1868288620443,0.6798702123105,0.3707083786031,768.2175808701072,15.1439384097487
13706,3.3801047575489,0.1868288620443,0.6797223324894,0.3706557441424,768.2175808701072,15.1439384097487
13708,3.3798959609672,0.1868288620443,0.6796423457470,0.3706242229910,768.2175808701072,15.1439384097487
13709,3.3797592897442,0.1868288620443,0.6795162286664,0.3705772472879,768.2175808701072,15.1439384097487
13710,3.3797558660120,0.1868288620443,0.6794897974243,0.3705677591130,768.2175808701072,15.1439384097487
13713,3.3798071883733,0.1867112288246,0.6795600869357,0.3705431744809,768.2175808701072,15.1439384097487
13714,3.3797929458777,0.1867112288246,0.6793801972715,0.3704787266419,768.2175808701072,15.1439384097487
13715,3.3797946867906,0.1867112288246,0.6793667898994,0.3704739629285,768.2175808701072,15.1439384097487
13716,3.3796601028382,0.1866643948044,0.6792866498367,0.3704233654007,768.2175808701072,15.1439384097487
13717,3.3796757557019,0.1865467615848,0.6792706937011,0.3703674740308,768.2175808701072,15.1439384097487
13728,3.3797480339276,0.1863114951455,0.6784014413052,0.3699572210047,768.2175808701072,15.1439384097487
13729,3.3796865601962,0.1863114951455,0.6783301415439,0.3699308869550,768.2175808701072,15.1439384097487
13730,3.3796294943017,0.1863114951455,0.6783308476398,0.3699303316536,768.2175808701072,15.1439384097487
13735,3.3797083067334,0.1862370818870,0.6782306954571,0.3698637868109,768.2175808701072,15.1439384097487
13737,3.3799723011342,0.1862370818870,0.6768374023036,0.3693699176164,768.2175808701072,15.1439384097487
13738,3.3800094542909,0.1862370818870,0.6763014590502,0.3691790350263,768.2175808701072,15.1439384097487
13739,3.3799711854713,0.1861902478667,0.6761449193334,0.3691025147603,768.2175808701072,15.1439384097487
13740,3.3798222613674,0.1861902478667,0.6760748843090,0.3690753949855,768.2175808701072,15.1439384097487
13741,3.3797290408957,0.1861902478667,0.6760006712592,0.3690475712615,768.2175808701072,15.1439384097487
13742,3.3798746252107,0.1861730315024,0.6758362351294,0.3689835256387,768.2175808701072,15.1439384097487
13743,3.3799951229682,0.1861730315024,0.6756073935774,0.3689035015482,768.2175808701072,15.1439384097487
13744,3.3799568398267,0.1861730315024,0.6755830833212,0.3688942776100,768.2175808701072,15.1439384097487
13800,3.3798003345413,0.1848016888587,0.6771234757292,0.3688544849405,737.7961646676509,15.1439384097487
13804,3.3799283197363,0.1848016888587,0.5733067947670,0.3317789098645,737.7961646676509,15.1439384097487
13808,3.3799421712012,0.1848258082965,0.5732393232106,0.3317653457792,737.7961646676509,15.1439384097487
13809,3.3800272079257,0.1847789742762,0.5732501473133,0.3317503430712,737.7961646676509,15.1439384097487
13810,3.3801674742535,0.1847789742762,0.5731209040992,0.3317061695396,737.7961646676509,15.1439384097487
13812,3.3799471365947,0.1847789742762,0.5730445938966,0.3316757981327,737.7961646676509,15.1439384097487
13816,3.3799252623722,0.1848372344531,0.5728826496954,0.3316426200465,737.7961646676509,15.1439384097487
13818,3.3800957876818,0.1848372344531,0.5728561055051,0.3316355529002,737.7961646676509,15.1439384097487
13842,3.3804145629858,0.1845494815169,0.5731741065687,0.3316303126709,737.7961646676509,15.1439384097487
13843,3.3802219615735,0.1845494815169,0.5731538857468,0.3316203656517,737.7961646676509,15.1439384097487
13872,3.3808587778795,0.1839923379300,0.5735934017450,0.3315475707362,723.0402413742979,15.1439384097487
13873,3.3808556718698,0.1838747047104,0.5736287835364,0.3315097489035,723.0402413742979,15.1439384097487
19160,3.4577448637966,0.0883704577281,0.6706421179657,0.3263149536950,110.4555413161000,15.1439384097487
19161,3.4578994127717,0.0883236237079,0.6705083468641,0.3262492934363,110.4555413161000,15.1439384097487
19162,3.4578000265092,0.0882094337611,0.6706338410157,0.3262437679186,110.4555413161000,15.1439384097487
19165,3.4577523545306,0.0882009881014,0.6705225704042,0.3261997342907,110.4555413161000,15.1439384097487
19167,3.4578944339375,0.0882478221216,0.6701613537456,0.3260928104783,110.4555413161000,15.1439384097487
19168,3.4579339476329,0.0882009881014,0.6700004945401,0.3260158481552,110.4555413161000,15.1439384097487
19169,3.4580021335100,0.0881541540812,0.6699999711607,0.3259965543366,110.4555413161000,15.1439384097487
19177,3.4581683661440,0.0880805286434,0.6698349612430,0.3259084206448,110.4555413161000,15.1439384097487
19178,3.4580136573710,0.0880805286434,0.6697932719778,0.3258913425027,110.4555413161000,15.1439384097487
19179,3.4579918056592,0.0880336946232,0.6697863468784,0.3258684883297,110.4555413161000,15.1439384097487
19183,3.4577270317579,0.0880336946232,0.6693026372827,0.3256919883697,110.4555413161000,15.1439384097487
19184,3.4577279490778,0.0880036307191,0.6692855544017,0.3256730157905,110.4555413161000,15.1439384097487
19185,3.4578236924604,0.0879567966989,0.6692355507285,0.3256364403753,110.4555413161000,15.1439384097487
19189,3.4576727502317,0.0878147189965,0.6692306981045,0.3255716810290,110.4555413161000,15.1439384097487
19190,3.4577701227716,0.0877678849763,0.6690714724051,0.3254961207997,110.4555413161000,15.1439384097487
19193,3.4577320293328,0.0877678849763,0.6690682459454,0.3254944294731,110.4555413161000,15.1439384097487
19195,3.4578514809400,0.0877678849763,0.6687610421809,0.3253864040751,110.4555413161000,15.1439384097487
19203,3.4579533343947,0.0876334816405,0.6686075863187,0.3252754382000,110.4555413161000,15.1439384097487
19204,3.4579662676524,0.0876334816405,0.6685887800893,0.3252689046942,110.4555413161000,15.1439384097487
19205,3.4579370267379,0.0876015335775,0.6686146677134,0.3252640444903,110.4555413161000,15.1439384097487
19206,3.4578796461114,0.0875546995573,0.6684559839807,0.3251864880736,110.4555413161000,15.1439384097487
19214,3.4582042850679,0.0873958682665,0.6685245212321,0.3251474887297,106.0815018799824,15.1439384097487
19216,3.4581476444034,0.0873958682665,0.6684288864296,0.3251125319815,106.0815018799824,15.1439384097487
19219,3.4581556269005,0.0871845670064,0.6686789159782,0.3251113835177,106.0815018799824,15.1439384097487
19221,3.4581171582850,0.0872553662058,0.6684837247075,0.3250714705353,106.0815018799824,15.1439384097487
19222,3.4581447920469,0.0872553662058,0.6683273258192,0.3250160048054,106.0815018799824,15.1439384097487
19225,3.4581892495256,0.0870846129270,0.6682066258192,0.3249003467562,106.0815018799824,15.1439384097487
19227,3.4580681753576,0.0870377789068,0.6680394878497,0.3248188697100,106.0815018799824,15.1439384097487
19228,3.4580695904341,0.0869201456871,0.6681061922116,0.3247922984826,106.0815018799824,15.1439384097487
19229,3.4581866785991,0.0868025124675,0.6681640776333,0.3247642144002,106.0815018799824,15.1439384097487
19230,3.4581570028201,0.0869201456871,0.6679854644370,0.3247504182997,106.0815018799824,15.1439384097487
19231,3.4582198015481,0.0868025124675,0.6678669461285,0.3246585646932,106.0815018799824,15.1439384097487
19253,3.4583738102159,0.0863795849024,0.6678466600558,0.3244722442088,106.0815018799824,15.1439384097487
19254,3.4584026978933,0.0862619516828,0.6676936427043,0.3243675896764,106.0815018799824,15.1439384097487
19283,3.4589732478690,0.0854012767061,0.6686966444595,0.3243650171286,106.0815018799824,15.1439384097487
19285,3.4589529818177,0.0854012767061,0.6686667914671,0.3243540685823,106.0815018799824,15.1439384097487
19289,3.4590304255391,0.0854059705757,0.6679878288468,0.3241146894141,106.0815018799824,15.1439384097487
19304,3.4585166229527,0.0848868737766,0.6685819449906,0.3240971334222,103.9598718423827,15.1439384097487
19305,3.4585667589742,0.0848868737766,0.6685276081623,0.3240784368335,103.9598718423827,15.1439384097487
19306,3.4585111194790,0.0848627543389,0.6671096790072,0.3235609093668,103.9598718423827,15.1439384097487
19307,3.4585417062088,0.0849095883591,0.6669965915492,0.3235410255120,103.9598718423827,15.1439384097487
19308,3.4585960897106,0.0849095883591,0.6669798908606,0.3235358305033,103.9598718423827,15.1439384097487
19309,3.4586287455902,0.0848853146627,0.6668233823252,0.3234699936636,103.9598718423827,15.1439384097487
19310,3.4586098759031,0.0849094341005,0.6667464963026,0.3234526042669,103.9598718423827,15.1439384097487
19311,3.4584799078311,0.0848626000802,0.6668012421426,0.3234502455901,103.9598718423827,15.1439384097487
19359,3.4598481337711,0.0843887616598,0.6666976692677,0.3232295419743,103.9598718423827,15.1439384097487
19374,3.4598526029094,0.0842614156561,0.6666384944648,0.3231538944954,103.9598718423827,15.1439384097487
19382,3.4597906066861,0.0842138103427,0.5627307624981,0.2860227107020,99.8430609174244,15.1439384097487
33111,3.5675140851716,0.0054060485864,0.6529285972191,0.2859857480702,0.7670119472465,15.1439384097487
33126,3.5670423313109,0.0054519405272,0.6528607116086,0.2859744958983,0.7670119472465,15.1439384097487
33129,3.5670812556449,0.0054987745475,0.6526965043343,0.2859364729429,0.7670119472465,15.1439384097487
33130,3.5670170184670,0.0055296262723,0.6526075602842,0.2859170204268,0.7670119472465,15.1439384097487
33131,3.5670609316627,0.0055456085677,0.6525251100885,0.2858950448522,0.7670119472465,15.1439384097487
33168,3.5658512178637,0.0053281589996,0.6527976312937,0.2858820638128,0.7366382741355,15.1439384097487
33896,3.5726748016598,0.0050919670086,0.6478714316066,0.2841180348964,0.5780523730573,15.1439384097487
33897,3.5727011662457,0.0050919670086,0.6475664539715,0.2840094873696,0.5780523730573,15.1439384097487
33898,3.5727329568349,0.0050919670086,0.6473841155144,0.2839448163267,0.5780523730573,15.1439384097487
33901,3.5728787925861,0.0051118553527,0.6473515655037,0.2839437784651,0.5780523730573,15.1439384097487
33902,3.5730513026500,0.0049942221330,0.6473630336107,0.2838999009865,0.5780523730573,15.1439384097487
33903,3.5731828443603,0.0049942221330,0.6473474679135,0.2838962031153,0.5780523730573,15.1439384097487
33905,3.5733184139991,0.0049823332005,0.6472837218632,0.2838702597132,0.5780523730573,15.1439384097487
33906,3.5733536109049,0.0050274538481,0.6468610999620,0.2837391587742,0.5780523730573,15.1439384097487
33907,3.5733062713739,0.0049823332005,0.6468530856114,0.2837162892345,0.5780523730573,15.1439384097487
33910,3.5729672710570,0.0049153023189,0.6469441258469,0.2837152792519,0.5780523730573,15.1439384097487
33917,3.5727399894139,0.0050799238174,0.6467147160330,0.2837006832263,0.5780523730573,15.1439384097487
34379,3.5729524684655,0.0040612935185,0.6457547757557,0.2829242981349,0.4819498724305,15.1439384097487
34386,3.5730591323803,0.0041197244818,0.6456752419187,0.2829224443218,0.4819498724305,15.1439384097487
34387,3.5731787851284,0.0041197244818,0.6456206975949,0.2829046572845,0.4819498724305,15.1439384097487
34389,3.5734538359036,0.0041911572434,0.6454414937816,0.2828751619134,0.4819498724305,15.1439384097487
34390,3.5734662439806,0.0042379912636,0.6453661662233,0.2828685065104,0.4819498724305,15.1439384097487
34436,3.5737620207188,0.0041858298116,0.5422487124194,0.2460226747506,0.4723108749819,15.1439384097487
34456,3.5733476674989,0.0039840870770,0.5417920300267,0.2457672496537,0.4723108749819,15.1439384097487
34459,3.5734591253277,0.0039840870770,0.5410111742935,0.2454899497270,0.4723108749819,15.1439384097487
34460,3.5734374699674,0.0039750078551,0.5410003895039,0.2454819004994,0.4723108749819,15.1439384097487
34466,3.5731914131440,0.0040807356144,0.5408147059564,0.2454574151560,0.4723108749819,15.1439384097487
34468,3.5731953043935,0.0041170855574,0.5407285036780,0.2454422622360,0.4723108749819,15.1439384097487
34471,3.5732170877592,0.0041051800972,0.5403091956264,0.2452877152535,0.4723108749819,15.1439384097487
34573,3.5723349698131,0.0038293326212,0.5405818061756,0.2452543739072,0.4536073643327,15.1439384097487
34685,3.5747410878558,0.0041031416796,0.4489854847494,0.2126927951177,0.4269316224510,15.1439384097487
34686,3.5746601016537,0.0040563076594,0.4489849550972,0.2126713882839,0.4269316224510,15.1439384097487
34691,3.5747768206613,0.0040318631767,0.4483444075923,0.2124337966772,0.4269316224510,15.1439384097487
34692,3.5747633923739,0.0040199577164,0.4478305746734,0.2122449925709,0.4269316224510,15.1439384097487
34693,3.5748269428464,0.0040252851482,0.4478143536662,0.2122423817740,0.4269316224510,15.1439384097487
34695,3.5749065805718,0.0040519223071,0.4477561308694,0.2122341307118,0.4269316224510,15.1439384097487
34696,3.5746688315099,0.0040519223071,0.4476497708398,0.2121927808536,0.4269316224510,15.1439384097487
34697,3.5746548630404,0.0040519223071,0.4476365558826,0.2121878635731,0.4269316224510,15.1439384097487
34698,3.5745661390962,0.0040519223071,0.4475814343888,0.2121669218875,0.4269316224510,15.1439384097487
34699,3.5746225621859,0.0040721191684,0.4474405253440,0.2121260514093,0.4269316224510,15.1439384097487
34702,3.5745579284755,0.0039880096534,0.4470725697960,0.2119576772159,0.4269316224510,15.1439384097487
34705,3.5746135329549,0.0039665456677,0.4470810098657,0.2119522794751,0.4269316224510,15.1439384097487
34713,3.5747717843176,0.0039538523866,0.4469816256781,0.2119135843910,0.4269316224510,15.1439384097487
34715,3.5748880649904,0.0039422719713,0.4469563707283,0.2119012470947,0.4269316224510,15.1439384097487
34719,3.5748900246175,0.0038746075275,0.4470083281623,0.2118908320024,0.4269316224510,15.1439384097487
34731,3.5756579156353,0.0037605553117,0.4469043932398,0.2118156984726,0.4269316224510,15.1439384097487
34732,3.5757427119939,0.0037868839533,0.4467165918418,0.2117611101111,0.4269316224510,15.1439384097487
34733,3.5756460071434,0.0038337179735,0.4465272519420,0.2117121920741,0.4269316224510,15.1439384097487
34734,3.5757025358672,0.0038337179735,0.4464770476366,0.2116950618427,0.4269316224510,15.1439384097487
34740,3.5759268418955,0.0038131960673,0.4464732779555,0.2116880943406,0.4269316224510,15.1439384097487
34745,3.5760270127780,0.0037690174991,0.4464074600407,0.2116470716816,0.4269316224510,15.1439384097487
34746,3.5761800602633,0.0038158515193,0.4462727081047,0.2116211833248,0.4269316224510,15.1439384097487
34747,3.5762412921152,0.0038626855395,0.4461071781547,0.2115830036351,0.4269316224510,15.1439384097487
34748,3.5764611492923,0.0038626855395,0.4460489106766,0.2115653047858,0.4269316224510,15.1439384097487
34749,3.5764128410784,0.0038626855395,0.4459526153469,0.2115302300386,0.4269316224510,15.1439384097487
35501,3.5819751649392,0.0041131960364,0.4454287922302,0.2115292185058,0.3283199763479,15.1439384097487
35502,3.5818937157543,0.0041600300566,0.4453347348445,0.2115145458047,0.3283199763479,15.1439384097487
35503,3.5819009346017,0.0041095985049,0.4453797511049,0.2115091116646,0.3283199763479,15.1439384097487
35507,3.5818284375329,0.0041005192830,0.4453194938525,0.2114826742936,0.3283199763479,15.1439384097487
35508,3.5818345040151,0.0040900352058,0.4453280980704,0.2114813398929,0.3283199763479,15.1439384097487
35524,3.5819925910682,0.0040889223400,0.4449139126163,0.2113351764952,0.3283199763479,15.1439384097487
35526,3.5820070817811,0.0039712891204,0.4450229167258,0.2113238973399,0.3283199763479,15.1439384097487
37053,3.5878219194529,0.0042195243025,0.3674236898887,0.1837985538255,0.1902835965858,15.1439384097487
37055,3.5878096457926,0.0041805354352,0.3674365867524,0.1837862766622,0.1902835965858,15.1439384097487
37057,3.5877231825869,0.0042034042763,0.3669565507446,0.1836234127142,0.1902835965858,15.1439384097487
37058,3.5877935790766,0.0042300414352,0.3666944901261,0.1835422316670,0.1902835965858,15.1439384097487
37059,3.5878303222447,0.0042768754554,0.3665735066748,0.1835196149279,0.1902835965858,15.1439384097487
37442,3.5895986721598,0.0043636238947,0.3603564736515,0.1813614459264,0.1618862477791,15.1439384097487
37443,3.5896337810292,0.0044104579150,0.3602910821116,0.1813586603161,0.1618862477791,15.1439384097487
37444,3.5896339542250,0.0043872805566,0.3603024701483,0.1813527967692,0.1618862477791,15.1439384097487
37446,3.5897572964215,0.0044129756361,0.3602513996276,0.1813473147583,0.1618862477791,15.1439384097487
37453,3.5898839276054,0.0043161563123,0.3603045036393,0.1813265783036,0.1618862477791,15.1439384097487
37454,3.5897234627384,0.0042693222921,0.3601756672933,0.1812582230328,0.1618862477791,15.1439384097487
37457,3.5898940417083,0.0043329264285,0.3599500266392,0.1812073096815,0.1618862477791,15.1439384097487
37482,3.5902222145840,0.0044408468640,0.2895716517578,0.1561230710347,0.1618862477791,15.1439384097487
37483,3.5902926166658,0.0043974726443,0.2894216948524,0.1560519222305,0.1618862477791,15.1439384097487
38640,3.5926845819585,0.0043985689824,0.2853474349238,0.1546311454068,0.1059150185441,15.1439384097487
38641,3.5926622003237,0.0044454030026,0.2850781910532,0.1545547419059,0.1059150185441,15.1439384097487
38646,3.5923660980740,0.0044454030026,0.2844012860542,0.1543088002935,0.1059150185441,15.1439384097487
38647,3.5923070323222,0.0043985689824,0.2843467222057,0.1542684057054,0.1059150185441,15.1439384097487
38648,3.5922774785381,0.0044454030026,0.2841825149314,0.1542294137892,0.1059150185441,15.1439384097487
38663,3.5917063002054,0.0043893520296,0.2841463866398,0.1541844068471,0.1059150185441,15.1439384097487
38673,3.5918457432209,0.0041683214577,0.2841702731123,0.1541001834516,0.1059150185441,15.1439384097487
38674,3.5918598090779,0.0041415465679,0.2840864795188,0.1540589812463,0.1059150185441,15.1439384097487
38675,3.5919451888458,0.0041434307268,0.2838856272820,0.1539892639193,0.1059150185441,15.1439384097487
38676,3.5920176881574,0.0041285612972,0.2835480786259,0.1538633640756,0.1059150185441,15.1439384097487
38700,3.5922841370693,0.0042480456204,0.2831951720669,0.1537923038201,0.1037967181733,15.1439384097487
38735,3.5920764903564,0.0044375909052,0.2206868882364,0.1315462122442,0.1037967181733,15.1439384097487
38759,3.5925049836194,0.0040287614765,0.2210978801968,0.1315238456258,0.1037967181733,15.1439384097487
38770,3.5919952924545,0.0040190486924,0.1699759970502,0.1132546554987,0.0996863681336,15.1439384097487
38771,3.5920804801101,0.0040190486924,0.1697404133675,0.1131717238688,0.0996863681336,15.1439384097487
38772,3.5921706208715,0.0040658827126,0.1695819539478,0.1131364784276,0.0996863681336,15.1439384097487
38775,3.5923771143221,0.0040038376901,0.1692170760667,0.1129824960432,0.0996863681336,15.1439384097487
38776,3.5924183523047,0.0040038376901,0.1691161175317,0.1129470229383,0.0996863681336,15.1439384097487
38846,3.5906660992741,0.0042361566878,0.1688414530726,0.1129236995103,0.0996863681336,15.1439384097487
38850,3.5907435603892,0.0042792223902,0.1687778054960,0.1129205210321,0.0996863681336,15.1439384097487
38851,3.5905887643327,0.0042792223902,0.1687405343108,0.1129050195407,0.0996863681336,15.1439384097487
38852,3.5906319177029,0.0043033418280,0.1685463673701,0.1128466217240,0.0996863681336,15.1439384097487
38853,3.5905973657760,0.0042868967568,0.1681507563325,0.1126977952725,0.0996863681336,15.1439384097487
40973,3.6012557171454,0.0040580871428,0.1678638611697,0.1126480864094,0.0462622392186,15.1439384097487
40974,3.6012331193325,0.0040580871428,0.1672758311195,0.1124377559196,0.0462622392186,15.1439384097487
40975,3.6011917836943,0.0040580871428,0.1671240889133,0.1123829773780,0.0462622392186,15.1439384097487
40978,3.6010939032205,0.0041046126458,0.1670036216632,0.1123585078593,0.0462622392186,15.1439384097487
40980,3.6011879655737,0.0040808017253,0.1670003540219,0.1123484671403,0.0462622392186,15.1439384097487
40982,3.6011377870490,0.0041185565236,0.1669014954079,0.1123286310975,0.0462622392186,15.1439384097487
40983,3.6011581502746,0.0041539478594,0.1668310626507,0.1123189323950,0.0462622392186,15.1439384097487
40986,3.6012307129379,0.0041778965109,0.1667799261932,0.1123119598391,0.0462622392186,15.1439384097487
41120,3.6028570408164,0.0047033840243,0.1660574832127,0.1123021658538,0.0444302545456,15.1439384097487
41164,3.6027395615765,0.0047099951082,0.1660477690604,0.1122998675120,0.0426708164655,15.1439384097487
41165,3.6028198134476,0.0047301919696,0.1658773948941,0.1122488109518,0.0426708164655,15.1439384097487
41171,3.6033617656305,0.0046332514426,0.1658142134757,0.1121923688064,0.0426708164655,15.1439384097487
41172,3.6032251405330,0.0046332514426,0.1657297193736,0.1121602591054,0.0426708164655,15.1439384097487
41173,3.6030987099303,0.0046163270678,0.1655792763066,0.1120974871506,0.0426708164655,15.1439384097487
41174,3.6032202666286,0.0046631610880,0.1654200010204,0.1120623948619,0.0426708164655,15.1439384097487
41177,3.6031687969416,0.0046163270678,0.1654696734336,0.1120593349939,0.0426708164655,15.1439384097487
41180,3.6031699833357,0.0046631610880,0.1653036124120,0.1120201159965,0.0426708164655,15.1439384097487
41181,3.6032698945059,0.0047099951082,0.1651644029994,0.1119918838085,0.0426708164655,15.1439384097487
41182,3.6032268210205,0.0047217297822,0.1651379388091,0.1119868519710,0.0426708164655,15.1439384097487
41183,3.6033495977674,0.0046748957619,0.1651292684006,0.1119654209563,0.0426708164655,15.1439384097487
41187,3.6034415228531,0.0047102870978,0.1640687095740,0.1116031183960,0.0426708164655,15.1439384097487
41188,3.6033941386547,0.0046634530775,0.1641101794269,0.1115971868515,0.0426708164655,15.1439384097487
41189,3.6034545048627,0.0046432562162,0.1641044501620,0.1115873390656,0.0426708164655,15.1439384097487
41191,3.6034494593824,0.0046432562162,0.1641016724229,0.1115862756227,0.0426708164655,15.1439384097487
41333,3.6034007952462,0.0046813030041,0.1640072576616,0.1115681732370,0.0401614310908,15.1439384097487
41467,3.6037208580855,0.0052141728946,0.1225693178029,0.0970018106797,0.0393582024690,15.1439384097487
41468,3.6037383848274,0.0051803406727,0.1225944619626,0.0969965392154,0.0393582024690,15.1439384097487
41469,3.6037977033763,0.0051335066524,0.1226303779470,0.0969901339832,0.0393582024690,15.1439384097487
41470,3.6038081283830,0.0051425858743,0.1225680722091,0.0969719205422,0.0393582024690,15.1439384097487
41514,3.6031873511710,0.0051490096442,0.1221023396778,0.0967995565835,0.0377996176513,15.1439384097487
41515,3.6030912345555,0.0051490096442,0.1219485831914,0.0967432835090,0.0377996176513,15.1439384097487
41516,3.6031598304748,0.0051490096442,0.1218588616414,0.0967122107259,0.0377996176513,15.1439384097487
41517,3.6032584820618,0.0051375669598,0.1217261466067,0.0966613044050,0.0377996176513,15.1439384097487
42207,3.6068046468954,0.0044504384449,0.0957528571743,0.0871408239534,0.0296619921217,15.1439384097487
42209,3.6067262685164,0.0044391665468,0.0957585453367,0.0871369155777,0.0296619921217,15.1439384097487
42210,3.6067139300309,0.0044860005671,0.0956497835549,0.0871179692184,0.0296619921217,15.1439384097487
42211,3.6065837648301,0.0044860005671,0.0953054649463,0.0869931564579,0.0296619921217,15.1439384097487
42212,3.6066457061384,0.0044844414531,0.0951311819895,0.0869311208184,0.0296619921217,15.1439384097487
42213,3.6065418210979,0.0044975975101,0.0946530784836,0.0867645379101,0.0296619921217,15.1439384097487
42222,3.6064783280702,0.0045403546952,0.0943713793477,0.0866813571616,0.0296619921217,15.1439384097487
42223,3.6064827900219,0.0045403546952,0.0943613289113,0.0866778308564,0.0296619921217,15.1439384097487
42225,3.6063609926621,0.0045066767320,0.0939266221566,0.0865064216067,0.0296619921217,15.1439384097487
42226,3.6063121455319,0.0045066767320,0.0938385483322,0.0864742754858,0.0296619921217,15.1439384097487
42227,3.6063674711773,0.0044806731353,0.0938540161315,0.0864694381554,0.0296619921217,15.1439384097487
42229,3.6064190879517,0.0044714231270,0.0924844540448,0.0859770749234,0.0296619921217,15.1439384097487
42230,3.6064755902266,0.0044908321675,0.0924297851399,0.0859666679781,0.0296619921217,15.1439384097487
42262,3.6062972719247,0.0044347811945,0.0918667105332,0.0857390248667,0.0296619921217,15.1439384097487
42268,3.6066230795305,0.0043505008932,0.0919196689789,0.0857264286240,0.0296619921217,15.1439384097487
42272,3.6061855896782,0.0044441689336,0.0916373030136,0.0856595366302,0.0296619921217,15.1439384097487
42275,3.6065389884858,0.0044441689336,0.0914436114173,0.0855953616295,0.0290687522793,15.1439384097487
42276,3.6065049969532,0.0044441689336,0.0912129689083,0.0855125083270,0.0290687522793,15.1439384097487
42282,3.6066141009954,0.0044656329194,0.0910577317760,0.0854678091599,0.0290687522793,15.1439384097487
42283,3.6066787091961,0.0044441689336,0.0910096174656,0.0854423408283,0.0290687522793,15.1439384097487
42284,3.6066207006530,0.0044491713205,0.0909549044228,0.0854241235189,0.0290687522793,15.1439384097487
42285,3.6065367164549,0.0044297622800,0.0908559912254,0.0853792908460,0.0290687522793,15.1439384097487
42286,3.6065644274817,0.0044297622800,0.0908401922401,0.0853740404604,0.0290687522793,15.1439384097487
42288,3.6064203921493,0.0044297622800,0.0907815754382,0.0853510677980,0.0290687522793,15.1439384097487
42289,3.6064078253850,0.0044559201353,0.0905863436214,0.0852923748397,0.0290687522793,15.1439384097487
42291,3.6064173500570,0.0044559201353,0.0904437764363,0.0852415927614,0.0290687522793,15.1439384097487
42292,3.6062715427430,0.0044712688684,0.0901966267106,0.0851578398670,0.0290687522793,15.1439384097487
42295,3.6062290778713,0.0046033252694,0.0899364501714,0.0851209143997,0.0290687522793,15.1439384097487
42296,3.6062836521937,0.0046033252694,0.0897534193124,0.0850563184588,0.0290687522793,15.1439384097487
42308,3.6060922951830,0.0043180735266,0.0899633448898,0.0850063334435,0.0290687522793,15.1439384097487
47054,3.6212957145621,0.0041787890072,0.0868524616821,0.0840507377270,0.0054348889340,15.1439384097487
47055,3.6213839909641,0.0042868637014,0.0866676171911,0.0840322886686,0.0054348889340,15.1439384097487
47056,3.6214458674014,0.0042868637014,0.0866213941744,0.0840166559958,0.0054348889340,15.1439384097487
47057,3.6213425701783,0.0042830953835,0.0866055428186,0.0840079181552,0.0054348889340,15.1439384097487
47058,3.6214614725805,0.0042584966422,0.0866236576064,0.0840055278655,0.0054348889340,15.1439384097487
47059,3.6214557935195,0.0042816905282,0.0865064980843,0.0839735450576,0.0054348889340,15.1439384097487
47123,3.6220069032125,0.0043463910027,0.0678199438649,0.0773353026336,0.0052196673323,15.1439384097487
47124,3.6219585227914,0.0043614312186,0.0677199489749,0.0773053513999,0.0052196673323,15.1439384097487
47125,3.6219773263212,0.0042799771556,0.0676093218375,0.0772311988926,0.0052196673323,15.1439384097487
47126,3.6219083457637,0.0042470870132,0.0669633069577,0.0769854074471,0.0052196673323,15.1439384097487
47129,3.6218732513438,0.0043647202328,0.0654098481396,0.0764805183796,0.0052196673323,15.1439384097487
47130,3.6219240865482,0.0043556410109,0.0653816023576,0.0764672588199,0.0052196673323,15.1439384097487
47139,3.6219848581375,0.0041371281601,0.0655709366854,0.0764420897720,0.0052196673323,15.1439384097487
47142,3.6217104325738,0.0042307962006,0.0653067286205,0.0763839900914,0.0052196673323,15.1439384097487
47143,3.6215817383798,0.0041994651721,0.0653188064670,0.0763730550101,0.0052196673323,15.1439384097487
47144,3.6215661119959,0.0041579585837,0.0653534313319,0.0763674113831,0.0052196673323,15.1439384097487
47158,3.6212169408012,0.0042168523228,0.0652572057480,0.0763533445281,0.0052196673323,15.1439384097487
47165,3.6213237415853,0.0041914657606,0.0650459258260,0.0762685186818,0.0052196673323,15.1439384097487
47166,3.6212710362843,0.0041914657606,0.0647943897110,0.0761779385785,0.0052196673323,15.1439384097487
47167,3.6213975844724,0.0041917742779,0.0644899331975,0.0760711269795,0.0052196673323,15.1439384097487
47483,3.6218045675467,0.0041349354840,0.0645220427055,0.0760639939611,0.0046238025369,15.1439384097487
47538,3.6212952998054,0.0041872677223,0.0643040302301,0.0760013543604,0.0045313264862,15.1439384097487
47552,3.6213435715422,0.0040051048145,0.0645095928902,0.0759973828204,0.0045313264862,15.1439384097487
47553,3.6213463518017,0.0040519388348,0.0644238033352,0.0759868547571,0.0045313264862,15.1439384097487
47556,3.6210483627891,0.0040051048145,0.0644499204414,0.0759718940474,0.0045313264862,15.1439384097487
47557,3.6210018104517,0.0040051048145,0.0643916974190,0.0759504413984,0.0045313264862,15.1439384097487
47558,3.6211223857575,0.0040519388348,0.0643300173890,0.0759501906717,0.0045313264862,15.1439384097487
47935,3.6212171689427,0.0042458198888,0.0636898731873,0.0758060007986,0.0040140410430,15.1439384097487
47936,3.6212490313779,0.0043216214750,0.0635661298698,0.0757947440020,0.0040140410430,15.1439384097487
47992,3.6213631835318,0.0042335728558,0.0635809857639,0.0757639298013,0.0038550850177,15.1439384097487
47994,3.6213172126301,0.0042335728558,0.0635092523695,0.0757376602467,0.0038550850177,15.1439384097487
47997,3.6212800302224,0.0042285704690,0.0634785538644,0.0757240264863,0.0038550850177,15.1439384097487
47999,3.6214026355224,0.0042605350597,0.0633995976898,0.0757112618195,0.0038550850177,15.1439384097487
49408,3.6233484635226,0.0048838335595,0.0625550331880,0.0757042929047,0.0023738855495,15.1439384097487
49409,3.6233828320196,0.0048369995393,0.0625664212247,0.0756887746496,0.0023738855495,15.1439384097487
49410,3.6232759997985,0.0048838335595,0.0624893921985,0.0756798243373,0.0023738855495,15.1439384097487
49412,3.6232913733506,0.0048838335595,0.0623893973085,0.0756443294114,0.0023738855495,15.1439384097487
49413,3.6233214027242,0.0049306675798,0.0622877131067,0.0756285102616,0.0023738855495,15.1439384097487
49416,3.6233904470331,0.0048369995393,0.0623524393457,0.0756124603020,0.0023738855495,15.1439384097487
49417,3.6233241231778,0.0048838335595,0.0622908653659,0.0756096028397,0.0023738855495,15.1439384097487
49422,3.6230369517416,0.0048374788429,0.0622918955457,0.0755860409973,0.0023738855495,15.1439384097487
49466,3.6234327610467,0.0051721870025,0.0618627383056,0.0755818175837,0.0023264078385,15.1439384097487
49468,3.6236797267299,0.0052085369455,0.0617242123983,0.0755514171403,0.0023264078385,15.1439384097487
49469,3.6238445734432,0.0051617029253,0.0617713127237,0.0755504995321,0.0023264078385,15.1439384097487
49470,3.6237718563800,0.0052085369455,0.0616400148296,0.0755226502084,0.0023264078385,15.1439384097487
49483,3.6240428936049,0.0052140186359,0.0615492143028,0.0754964059033,0.0022798796817,15.1439384097487
50066,3.6260504822901,0.0052400387603,0.0612507654716,0.0754293757624,0.0019008445825,15.1439384097487
50067,3.6261258189837,0.0053243025340,0.0611420036898,0.0754277113239,0.0018628276909,15.1439384097487
50068,3.6260858972916,0.0052369040047,0.0611471711788,0.0753915354539,0.0018628276909,15.1439384097487
50069,3.6259960555831,0.0052459832266,0.0610832605837,0.0753713300823,0.0018628276909,15.1439384097487
51024,3.6271810101141,0.0044666962021,0.0619009476355,0.0753461480461,0.0013483104365,15.1439384097487
51025,3.6273427213929,0.0043948006646,0.0619042069837,0.0753187879296,0.0013483104365,15.1439384097487
51026,3.6274135660635,0.0043948006646,0.0618020833905,0.0752833176650,0.0013483104365,15.1439384097487
51030,3.6271792802328,0.0043860299599,0.0617896250239,0.0752717942462,0.0013483104365,15.1439384097487
51031,3.6269686808971,0.0043860299599,0.0617804313247,0.0752655308157,0.0013483104365,15.1439384097487
51032,3.6270460724899,0.0043860299599,0.0616744915286,0.0752287902601,0.0013483104365,15.1439384097487
51163,3.6267914313221,0.0042278487590,0.0617773658927,0.0751941360057,0.0012949173432,15.1439384097487
51164,3.6269374994709,0.0042743742620,0.0617030307666,0.0751895941021,0.0012949173432,15.1439384097487
51175,3.6266760132993,0.0041482788550,0.0618585482198,0.0751873951492,0.0012690189964,15.1439384097487
51196,3.6269737824275,0.0040516468452,0.0618448419579,0.0751452997504,0.0012690189964,15.1439384097487
51197,3.6270243298453,0.0040984808655,0.0613721241083,0.0749972589125,0.0012690189964,15.1439384097487
51198,3.6270201245742,0.0040753035071,0.0613384958846,0.0749752561747,0.0012690189964,15.1439384097487
51199,3.6270213145738,0.0040876717433,0.0613182900785,0.0749733573265,0.0012690189964,15.1439384097487
51819,3.6307790929913,0.0046551616765,0.0604453061733,0.0749579596446,0.0010368809134,15.1439384097487
51821,3.6306832603026,0.0046775512140,0.0602362569177,0.0748915386861,0.0010368809134,15.1439384097487
51823,3.6305784634687,0.0047243852342,0.0601790668461,0.0748897025154,0.0010368809134,15.1439384097487
51824,3.6305591688999,0.0047159230468,0.0601061503315,0.0748597612344,0.0010368809134,15.1439384097487
51838,3.6309791797985,0.0047673132057,0.0599414710254,0.0748289146764,0.0010161432951,15.1439384097487
51839,3.6309930812955,0.0047204791855,0.0599266919440,0.0748037614153,0.0010161432951,15.1439384097487
51842,3.6311431145452,0.0046418513609,0.0599843884078,0.0747927926166,0.0010161432951,15.1439384097487
51843,3.6309512010698,0.0046418513609,0.0599061682084,0.0747621412683,0.0010161432951,15.1439384097487
51844,3.6310591866322,0.0046418513609,0.0598993148304,0.0747612216218,0.0010161432951,15.1439384097487
52016,3.6315564902000,0.0041902482193,0.0600762550540,0.0746379071674,0.0009563859402,15.1439384097487
52017,3.6314935169888,0.0042016909037,0.0599889801956,0.0746107505160,0.0009563859402,15.1439384097487
52022,3.6315094398050,0.0041230630791,0.0600233282291,0.0745895453385,0.0009372582214,15.1439384097487
52110,3.6321408879689,0.0039739115170,0.0598222304804,0.0744627375651,0.0009185130570,15.1439384097487
52111,3.6321952948509,0.0039270774968,0.0598532857672,0.0744545268697,0.0009185130570,15.1439384097487
52113,3.6322123565672,0.0039416549368,0.0596471319132,0.0743873893898,0.0009185130570,15.1439384097487
52115,3.6323492516224,0.0039416549368,0.0594936128569,0.0743344982112,0.0009185130570,15.1439384097487
52121,3.6323038008000,0.0039236507516,0.0594986871499,0.0743279512533,0.0009185130570,15.1439384097487
52122,3.6322659226768,0.0040412839712,0.0593063035885,0.0743091211026,0.0009185130570,15.1439384097487
52123,3.6322150065162,0.0040299955455,0.0592946134975,0.0742993877131,0.0009185130570,15.1439384097487
52973,3.6348945765458,0.0036310331595,0.0596083388768,0.0742783643481,0.0006922299635,15.1439384097487
53229,3.6361210596551,0.0035227711513,0.0596124103941,0.0742507751118,0.0006257210602,15.1439384097487
53230,3.6360736895159,0.0035696051715,0.0594257943825,0.0742035279749,0.0006257210602,15.1439384097487
53231,3.6361838718690,0.0035227711513,0.0594728947079,0.0742018368697,0.0006257210602,15.1439384097487
53236,3.6359969111154,0.0036142630433,0.0592623995240,0.0741632253470,0.0006257210602,15.1439384097487
53614,3.6351484174002,0.0037455316235,0.0590065762703,0.0741161117329,0.0005542902337,15.1439384097487
53615,3.6351617800009,0.0037214121857,0.0589284347455,0.0740780562235,0.0005542902337,15.1439384097487
53616,3.6349070030577,0.0037214121857,0.0589378010168,0.0740777962437,0.0005432044290,15.1439384097487
53620,3.6349080764479,0.0036899434263,0.0588650442580,0.0740383402642,0.0005432044290,15.1439384097487
53676,3.6342140070326,0.0037744991895,0.0587726094205,0.0740317449707,0.0005432044290,15.1439384097487
53700,3.6347896786352,0.0040067851317,0.0583650302279,0.0739938778061,0.0005432044290,15.1439384097487
53701,3.6347133312845,0.0040271527794,0.0582714783155,0.0739681150907,0.0005432044290,15.1439384097487
54563,3.6379570894417,0.0041105240567,0.0579742132236,0.0739435784946,0.0004011940077,15.1439384097487
54600,3.6376532415326,0.0040350144600,0.0576825617647,0.0738027565760,0.0003931701276,15.1439384097487
55998,3.6450175446897,0.0044805023489,0.0566920325416,0.0737441239166,0.0002470473811,15.1439384097487
56017,3.6451291902195,0.0044538651900,0.0565923239082,0.0736986775419,0.0002421064335,15.1439384097487
56018,3.6451777550869,0.0044097031496,0.0566241624374,0.0736918090461,0.0002421064335,15.1439384097487
56043,3.6453856079815,0.0041934160304,0.0568710513105,0.0736902302685,0.0002421064335,15.1439384097487
56044,3.6455323283050,0.0041465820101,0.0567183599438,0.0736177019973,0.0002421064335,15.1439384097487
56045,3.6453845586517,0.0041465820101,0.0566436515178,0.0735889294859,0.0002421064335,15.1439384097487
56046,3.6453940384310,0.0041934160304,0.0565085493873,0.0735608845862,0.0002421064335,15.1439384097487
56050,3.6455845977695,0.0039907312163,0.0566407979168,0.0735239476854,0.0002421064335,15.1439384097487
56051,3.6456260872525,0.0039028533835,0.0566671043340,0.0734962679795,0.0002421064335,15.1439384097487
56055,3.6455717010939,0.0037748738175,0.0568209103633,0.0734955807583,0.0002421064335,15.1439384097487
56058,3.6455220591396,0.0038256138865,0.0567615499917,0.0734954239392,0.0002421064335,15.1439384097487
56146,3.6460272555283,0.0038179395200,0.0565038160122,0.0734072355702,0.0002325190187,15.1439384097487
56147,3.6459728389527,0.0038179395200,0.0564379947829,0.0733829579974,0.0002325190187,15.1439384097487
56645,3.6469888705214,0.0034062673252,0.0568705661295,0.0733753936020,0.0001978185831,15.1439384097487
56646,3.6469313255707,0.0033835527427,0.0568534807202,0.0733587425919,0.0001978185831,15.1439384097487
56647,3.6471075938312,0.0033835527427,0.0568047995159,0.0733438506316,0.0001978185831,15.1439384097487
56649,3.6471239035598,0.0033928027510,0.0565288280227,0.0732494844548,0.0001978185831,15.1439384097487
56651,3.6470482660093,0.0034396367712,0.0564348225757,0.0732349125376,0.0001978185831,15.1439384097487
56653,3.6471925834275,0.0033928027510,0.0563831673350,0.0731984345962,0.0001978185831,15.1439384097487
56656,3.6471844373128,0.0033574114151,0.0563967791156,0.0731880129641,0.0001978185831,15.1439384097487
56667,3.6473433073721,0.0032755111040,0.0564500785464,0.0731741963424,0.0001978185831,15.1439384097487
56669,3.6471953960698,0.0033223451242,0.0563263585084,0.0731479894025,0.0001978185831,15.1439384097487
56670,3.6471488540236,0.0032755111040,0.0563057739818,0.0731199074961,0.0001978185831,15.1439384097487
56673,3.6470990365500,0.0034062838529,0.0561206622515,0.0731091367137,0.0001978185831,15.1439384097487
56674,3.6470169356126,0.0034062838529,0.0561076564142,0.0731033300491,0.0001978185831,15.1439384097487
56825,3.6482666723302,0.0033460017861,0.0560165067768,0.0730626251265,0.0001861852679,15.1439384097487
56826,3.6481697649740,0.0033460017861,0.0559114803806,0.0730237444667,0.0001861852679,15.1439384097487
58625,3.6519819467180,0.0041257350589,0.0547020392955,0.0729799147410,0.0001079069352,15.1439384097487
58631,3.6520442449824,0.0041257350589,0.0545105985890,0.0729124245764,0.0001079069352,15.1439384097487
58632,3.6520299795948,0.0040789010386,0.0545248196221,0.0728972299395,0.0001079069352,15.1439384097487
58638,3.6520446919833,0.0041487746863,0.0544340638693,0.0728949711990,0.0001079069352,15.1439384097487
58682,3.6528893078919,0.0040671663647,0.0544848849128,0.0728900978352,0.0001036338206,15.1439384097487
58683,3.6528682086710,0.0040405292058,0.0545066671862,0.0728861627408,0.0001036338206,15.1439384097487
58892,3.6527758260011,0.0037444848685,0.0547268658247,0.0728366217585,0.0000995299213,15.1439384097487
58912,3.6525908048783,0.0037798927321,0.0546031060005,0.0728049785835,0.0000975393228,15.1439384097487
58914,3.6526164173663,0.0037798927321,0.0545851425527,0.0727989254814,0.0000975393228,15.1439384097487
59102,3.6536986465857,0.0034523631077,0.0549297601314,0.0727969468200,0.0000936767657,15.1439384097487
59103,3.6536157832076,0.0034523631077,0.0549159687876,0.0727908488289,0.0000936767657,15.1439384097487
59106,3.6535121478900,0.0034760197696,0.0548448643934,0.0727741265389,0.0000936767657,15.1439384097487
59107,3.6534446077090,0.0034495533970,0.0545750753310,0.0726654748822,0.0000936767657,15.1439384097487
59313,3.6531669019797,0.0036150839196,0.0543861775966,0.0726650235407,0.0000881678224,15.1439384097487
59554,3.6538239701329,0.0034694417411,0.0544333739799,0.0726287587858,0.0000813231921,15.1439384097487
59693,3.6539000174071,0.0031718052345,0.0546179714676,0.0725682040209,0.0000781027937,15.1439384097487
59699,3.6541565112377,0.0031029067217,0.0546883012022,0.0725674232198,0.0000781027937,15.1439384097487
59718,3.6545299707485,0.0031351798296,0.0544909406918,0.0725160530822,0.0000765407379,15.1439384097487
59720,3.6546314499132,0.0030944610620,0.0544423337944,0.0724826784990,0.0000765407379,15.1439384097487
59721,3.6545036342496,0.0031361384368,0.0543263108060,0.0724572948664,0.0000765407379,15.1439384097487
59722,3.6544189644210,0.0030944610620,0.0543751683658,0.0724556841904,0.0000765407379,15.1439384097487
59733,3.6541607579707,0.0030783245081,0.0543330493375,0.0724300724104,0.0000765407379,15.1439384097487
63503,3.6592429406275,0.0031634973057,0.0540258499517,0.0724287735158,0.0000290231320,15.1439384097487
63934,3.6586932490060,0.0032037532974,0.0539947382088,0.0724271366473,0.0000257099204,15.1439384097487
63953,3.6590700632522,0.0032147166783,0.0539167603743,0.0724093179089,0.0000257099204,15.1439384097487
63954,3.6592016092885,0.0032615506985,0.0537903708968,0.0723861119003,0.0000257099204,15.1439384097487
64508,3.6596867944480,0.0032989969796,0.0536938097390,0.0723745395162,0.0000227749371,15.1439384097487
64509,3.6596435720120,0.0032469897862,0.0537446285289,0.0723697886923,0.0000227749371,15.1439384097487
64515,3.6598636191134,0.0032469897862,0.0536669021384,0.0723451429189,0.0000227749371,15.1439384097487
64529,3.6597089748541,0.0031005432592,0.0537841993921,0.0723220837920,0.0000227749371,15.1439384097487
64534,3.6595704721264,0.0030783079803,0.0537308460100,0.0722915398031,0.0000227749371,15.1439384097487
64556,3.6594825879827,0.0031351467742,0.0536405160989,0.0722823950489,0.0000227749371,15.1439384097487
64569,3.6594560304915,0.0032527799938,0.0534943592191,0.0722802346135,0.0000227749371,15.1439384097487
64661,3.6601905984870,0.0032146836228,0.0534709793379,0.0722659517277,0.0000223194383,15.1439384097487
64662,3.6602192788848,0.0031678496026,0.0534614788846,0.0722428928115,0.0000223194383,15.1439384097487
64664,3.6602335960065,0.0031969879549,0.0533701078554,0.0722229507526,0.0000223194383,15.1439384097487
64906,3.6613227289682,0.0030031069009,0.0533689429357,0.0721548539881,0.0000214355886,15.1439384097487
64932,3.6613965928265,0.0030718676828,0.0531318746479,0.0721007008176,0.0000214355886,15.1439384097487
65013,3.6615856499467,0.0028643182128,0.0533272378531,0.0720841987636,0.0000205867393,15.1439384097487
65015,3.6616477324209,0.0028615085021,0.0533210023421,0.0720816460965,0.0000205867393,15.1439384097487
65016,3.6615650691345,0.0028146744819,0.0533423358132,0.0720680237904,0.0000205867393,15.1439384097487
65075,3.6622417418491,0.0027833434534,0.0533360087741,0.0720619114236,0.0000205867393,15.1439384097487
65084,3.6624019309859,0.0028770114939,0.0530396187893,0.0719984679690,0.0000205867393,15.1439384097487
65085,3.6624533222710,0.0028593158260,0.0529505513810,0.0719598015059,0.0000205867393,15.1439384097487
65149,3.6625712149641,0.0028480439279,0.0529181061775,0.0719450512935,0.0000201750045,15.1439384097487
66064,3.6618144411838,0.0031315161873,0.0525016830299,0.0719071085537,0.0000171641478,15.1439384097487
66506,3.6620680176452,0.0032823480666,0.0522797599995,0.0718960806524,0.0000155150302,15.1439384097487
66517,3.6620305655545,0.0032823480666,0.0521902259577,0.0718635742644,0.0000155150302,15.1439384097487
66520,3.6619868007108,0.0032199945269,0.0522385627096,0.0718534951749,0.0000155150302,15.1439384097487
66586,3.6617256715768,0.0033050626491,0.0520872340055,0.0718322120160,0.0000155150302,15.1439384097487
66589,3.6616844911376,0.0032992724414,0.0520373763914,0.0718113415072,0.0000155150302,15.1439384097487
66610,3.6617408999360,0.0032082763807,0.0521423310164,0.0718106251708,0.0000155150302,15.1439384097487
66630,3.6615783533073,0.0031852532810,0.0519338252906,0.0717239917735,0.0000155150302,15.1439384097487
66848,3.6620483030679,0.0031009564520,0.0520144213961,0.0717232986422,0.0000146026223,15.1439384097487
66852,3.6620101253927,0.0031061296251,0.0519057514514,0.0716861648103,0.0000146026223,15.1439384097487
66857,3.6619742877839,0.0030592956049,0.0519540103225,0.0716828212986,0.0000146026223,15.1439384097487
67176,3.6621768379941,0.0029422959475,0.0520803415534,0.0716806629570,0.0000137438713,15.1439384097487
67177,3.6619889265539,0.0029422959475,0.0520722236129,0.0716751047582,0.0000137438713,15.1439384097487
67313,3.6614928057103,0.0030896845539,0.0518970125108,0.0716686758335,0.0000137438713,15.1439384097487
67335,3.6614494019210,0.0030428505337,0.0519525440221,0.0716678226325,0.0000134689938,15.1439384097487
67378,3.6614512998728,0.0030768535419,0.0519115908121,0.0716677960597,0.0000134689938,15.1439384097487
67389,3.6614285106509,0.0031382484744,0.0518143217445,0.0716590467550,0.0000134689938,15.1439384097487
67470,3.6614333279792,0.0030107647398,0.0519120050793,0.0716393659389,0.0000131996140,15.1439384097487
67497,3.6615481667665,0.0029648727990,0.0518833298651,0.0716110817775,0.0000129356217,15.1439384097487
67521,3.6615138864290,0.0029036155974,0.0519206481326,0.0715976715793,0.0000129356217,15.1439384097487
67683,3.6617874271910,0.0030497701348,0.0517136420460,0.0715902490764,0.0000126769092,15.1439384097487
67702,3.6618750413197,0.0030966041550,0.0516488190898,0.0715884094776,0.0000126769092,15.1439384097487
67778,3.6620659531452,0.0031160131955,0.0515954309884,0.0715803618484,0.0000126769092,15.1439384097487
67845,3.6620701244243,0.0031160131955,0.0515854252999,0.0715768474115,0.0000121749036,15.1439384097487
67856,3.6618883728812,0.0031426503544,0.0515346550374,0.0715675593279,0.0000121749036,15.1439384097487
67857,3.6617970130744,0.0031160131955,0.0515585151161,0.0715633721243,0.0000121749036,15.1439384097487
67858,3.6617266242119,0.0031628472158,0.0514012164412,0.0715262697513,0.0000121749036,15.1439384097487
67859,3.6616699852454,0.0031764660486,0.0513662717265,0.0715188247012,0.0000121749036,15.1439384097487
67898,3.6616816393794,0.0030937613890,0.0514414981763,0.0715104113414,0.0000121749036,15.1439384097487
67930,3.6617011233759,0.0031623679122,0.0513144200771,0.0714947047989,0.0000121749036,15.1439384097487
68135,3.6616845879303,0.0031332295599,0.0513051492413,0.0714786719454,0.0000119314056,15.1439384097487
68154,3.6617310635671,0.0031800635801,0.0512133844175,0.0714666281442,0.0000119314056,15.1439384097487
68367,3.6615177311846,0.0031941617165,0.0512008707170,0.0714651823849,0.0000112297435,15.1439384097487
68373,3.6614904451978,0.0031628472158,0.0512334112114,0.0714629973949,0.0000112297435,15.1439384097487
68381,3.6614240099464,0.0031628472158,0.0511545788825,0.0714339029373,0.0000112297435,15.1439384097487
68591,3.6612842284269,0.0030082304909,0.0513134860798,0.0714224132980,0.0000110051486,15.1439384097487
68657,3.6618284713436,0.0031228997413,0.0511533610447,0.0714220707507,0.0000110051486,15.1439384097487
68710,3.6618041845474,0.0031228997413,0.0510791413481,0.0713952200597,0.0000105693447,15.1439384097487
69359,3.6619692121247,0.0028264091558,0.0513852128999,0.0713797990636,0.0000097488270,15.1439384097487
69520,3.6620045448064,0.0028359511536,0.0513308817399,0.0713649844606,0.0000093627735,15.1439384097487
69568,3.6619505640510,0.0028732431761,0.0512872632297,0.0713646248925,0.0000091755180,15.1439384097487
69621,3.6619549500897,0.0028359511536,0.0513308817399,0.0713642826987,0.0000091755180,15.1439384097487
69632,3.6620766114930,0.0028672656544,0.0512750415852,0.0713594817873,0.0000091755180,15.1439384097487
69633,3.6620250850714,0.0028577236566,0.0512867567117,0.0713588472380,0.0000091755180,15.1439384097487
69635,3.6621073956313,0.0028931149924,0.0512219152958,0.0713520219938,0.0000091755180,15.1439384097487
69693,3.6620977393198,0.0028618004917,0.0511901988894,0.0713271375693,0.0000091755180,15.1439384097487
70221,3.6618689494156,0.0027815804977,0.0512723659065,0.0713188655733,0.0000082939416,15.1439384097487
70237,3.6618444885835,0.0027751567279,0.0512526137778,0.0713087120783,0.0000082939416,15.1439384097487
70238,3.6618379676563,0.0027632512676,0.0512197878095,0.0712917939074,0.0000082939416,15.1439384097487
70286,3.6617794907911,0.0028072755772,0.0511426395928,0.0712822810904,0.0000082939416,15.1439384097487
70324,3.6617211318313,0.0028541095974,0.0510650566328,0.0712738188379,0.0000082939416,15.1439384097487
70759,3.6619355642855,0.0027914475405,0.0511156483005,0.0712680663283,0.0000076500676,15.1439384097487
70993,3.6615546010082,0.0028831102188,0.0509840546628,0.0712549620007,0.0000073471249,15.1439384097487
71050,3.6615130251079,0.0028831102188,0.0509615854822,0.0712463489971,0.0000073471249,15.1439384097487
71248,3.6615296451770,0.0029451387135,0.0508709576932,0.0712408007431,0.0000070561788,15.1439384097487
71373,3.6616611997217,0.0029919727338,0.0508031120314,0.0712385033605,0.0000070561788,15.1439384097487
71472,3.6616231059054,0.0028971918275,0.0508824321246,0.0712256725519,0.0000069150552,15.1439384097487
71486,3.6617091750868,0.0029565648702,0.0508060608984,0.0712250605769,0.0000069150552,15.1439384097487
71516,3.6616656693671,0.0029166173957,0.0508411756810,0.0712198656214,0.0000067767541,15.1439384097487
71613,3.6615639025489,0.0028618004917,0.0509105002307,0.0712196914366,0.0000066412190,15.1439384097487
71624,3.6615906493313,0.0028713424894,0.0508975776064,0.0712195441065,0.0000066412190,15.1439384097487
71764,3.6616346920029,0.0029548349699,0.0507598328645,0.0712067552483,0.0000065083946,15.1439384097487
71805,3.6615483983525,0.0029080009497,0.0507933750248,0.0711974418189,0.0000065083946,15.1439384097487
71811,3.6616608191279,0.0029080009497,0.0507839695025,0.0711956734502,0.0000065083946,15.1439384097487
71864,3.6616671137519,0.0029080009497,0.0507678886765,0.0711900193666,0.0000065083946,15.1439384097487
71883,3.6616259016736,0.0028611669295,0.0508041963705,0.0711823315291,0.0000065083946,15.1439384097487
71888,3.6616586219785,0.0028611669295,0.0507898246065,0.0711776617463,0.0000065083946,15.1439384097487
72451,3.6623519562068,0.0028776120007,0.0506230800422,0.0711349686368,0.0000058830733,15.1439384097487
72453,3.6623402140022,0.0028484736484,0.0506107887387,0.0711179248688,0.0000058830733,15.1439384097487
72519,3.6623322908826,0.0028981339070,0.0504850772854,0.0710941987776,0.0000057654118,15.1439384097487
72538,3.6623126477778,0.0029050204527,0.0503943576753,0.0710644723450,0.0000057654118,15.1439384097487
72585,3.6624041697136,0.0029183472960,0.0503407166653,0.0710523213750,0.0000057654118,15.1439384097487
72605,3.6624913556312,0.0029183472960,0.0503281862577,0.0710490799043,0.0000056501036,15.1439384097487
72691,3.6624605589560,0.0029050204527,0.0503166962220,0.0710388290449,0.0000056501036,15.1439384097487
72864,3.6622289736170,0.0029017314385,0.0503193628495,0.0710350949173,0.0000055371015,15.1439384097487
72892,3.6623252705261,0.0029017314385,0.0502407295525,0.0710083741918,0.0000055371015,15.1439384097487
73113,3.6622691416188,0.0029017314385,0.0502310187173,0.0710041118161,0.0000053178323,15.1439384097487
73120,3.6622857672785,0.0028548974182,0.0502801684828,0.0710018288327,0.0000052114756,15.1439384097487
73270,3.6623463357687,0.0028216987586,0.0503126148284,0.0710000458564,0.0000052114756,15.1439384097487
73417,3.6622755704634,0.0028536633492,0.0502681180636,0.0709968519407,0.0000051072461,15.1439384097487
73481,3.6622796597894,0.0028245249969,0.0502742245645,0.0709866028322,0.0000050051012,15.1439384097487
73608,3.6622574918330,0.0028348713432,0.0502393830899,0.0709782799218,0.0000050051012,15.1439384097487
73642,3.6621839113324,0.0028348713432,0.0502296168758,0.0709737508290,0.0000048068992,15.1439384097487
73701,3.6621691722827,0.0028215444999,0.0501757489134,0.0709485922102,0.0000048068992,15.1439384097487
73816,3.6620609040156,0.0027820598013,0.0502080837582,0.0709416863666,0.0000047107612,15.1439384097487
73846,3.6620574847897,0.0028288938215,0.0501240337774,0.0709316918574,0.0000047107612,15.1439384097487
73913,3.6620459450186,0.0027820598013,0.0501715991177,0.0709284444691,0.0000047107612,15.1439384097487
73955,3.6619972350285,0.0027820598013,0.0501572273537,0.0709226224531,0.0000046165460,15.1439384097487
74011,3.6619684437477,0.0027820598013,0.0501353808565,0.0709144127380,0.0000046165460,15.1439384097487
74124,3.6619854975915,0.0028288938215,0.0500579877968,0.0709070853932,0.0000045242151,15.1439384097487
74127,3.6618844809633,0.0028650895059,0.0500037712505,0.0709018053986,0.0000045242151,15.1439384097487
74253,3.6617667193834,0.0027848695120,0.0500923957838,0.0708974107018,0.0000044337308,15.1439384097487
74310,3.6619009636972,0.0028317035322,0.0500105592090,0.0708901546246,0.0000043450561,15.1439384097487
74421,3.6619776203263,0.0028785375524,0.0499421023649,0.0708868621609,0.0000043450561,15.1439384097487
74504,3.6619312602637,0.0028288772938,0.0499956612747,0.0708840513832,0.0000042581550,15.1439384097487
74614,3.6618662941458,0.0028631888193,0.0498957694073,0.0708621613895,0.0000042581550,15.1439384097487
74642,3.6618186721885,0.0028993845037,0.0498414974821,0.0708576171477,0.0000041729919,15.1439384097487
74645,3.6618512501124,0.0028525504834,0.0498383840666,0.0708368944661,0.0000041729919,15.1439384097487
74719,3.6616555436565,0.0028525504834,0.0498244447273,0.0708291468974,0.0000041729919,15.1439384097487
74758,3.6617991142326,0.0027947365547,0.0498786981929,0.0708257772511,0.0000040895321,15.1439384097487
74820,3.6618157379958,0.0027947365547,0.0498038766951,0.0707992905128,0.0000040077414,15.1439384097487
74822,3.6618327216455,0.0027750024692,0.0498197592385,0.0707967457020,0.0000040077414,15.1439384097487
74842,3.6617338062574,0.0027433629235,0.0498142834622,0.0707798306162,0.0000040077414,15.1439384097487
75008,3.6617756876247,0.0027411702474,0.0498129464498,0.0707790060120,0.0000039275866,15.1439384097487
75173,3.6617087138312,0.0027035697076,0.0498554771739,0.0707771333645,0.0000038490349,15.1439384097487
75231,3.6617534434049,0.0027480567931,0.0497351373194,0.0707538536593,0.0000038490349,15.1439384097487
75266,3.6617344555986,0.0027377269745,0.0497314125944,0.0707478276591,0.0000038490349,15.1439384097487
75295,3.6617150506070,0.0027502494693,0.0496757655643,0.0707330459239,0.0000037720542,15.1439384097487
75318,3.6617192367699,0.0027502494693,0.0496159398368,0.0707117388266,0.0000036966131,15.1439384097487
75774,3.6617070251052,0.0026792960112,0.0496277677937,0.0706853816778,0.0000035502272,15.1439384097487
75918,3.6617154540145,0.0026918350337,0.0495902629035,0.0706774802095,0.0000034096382,15.1439384097487
75925,3.6617543498023,0.0027217612069,0.0495326568413,0.0706702824914,0.0000034096382,15.1439384097487
76015,3.6617214780809,0.0027323995427,0.0495055507582,0.0706646959015,0.0000033414455,15.1439384097487
76144,3.6617246620928,0.0027969292309,0.0494104304522,0.0706584249979,0.0000033414455,15.1439384097487
76145,3.6618171049323,0.0028323370944,0.0493395600406,0.0706495969952,0.0000033414455,15.1439384097487
76152,3.6617664500585,0.0028791711146,0.0492684070973,0.0706435401897,0.0000033414455,15.1439384097487
76194,3.6617913412890,0.0028791711146,0.0492551712653,0.0706391653161,0.0000032746166,15.1439384097487
76227,3.6618343922504,0.0028323370944,0.0492493161614,0.0706176116528,0.0000032746166,15.1439384097487
76328,3.6618279401973,0.0028323370944,0.0491773984050,0.0705918354436,0.0000032091242,15.1439384097487
76338,3.6618801713722,0.0028021024040,0.0491411738604,0.0705666794495,0.0000031449417,15.1439384097487
76489,3.6617752911884,0.0027735976139,0.0491476028949,0.0705552751470,0.0000031449417,15.1439384097487
76572,3.6616847245070,0.0027267635937,0.0491929334910,0.0705501114102,0.0000030820429,15.1439384097487
76607,3.6617913846380,0.0027629592781,0.0491386246465,0.0705477370642,0.0000030820429,15.1439384097487
76665,3.6619376990960,0.0028212359827,0.0490124446815,0.0705297188613,0.0000030820429,15.1439384097487
76666,3.6618939536791,0.0028680700029,0.0489347125539,0.0705214101154,0.0000030820429,15.1439384097487
76779,3.6618938884617,0.0029149040231,0.0488526679407,0.0705121792679,0.0000030204020,15.1439384097487
76941,3.6619231471036,0.0028556852391,0.0489153230025,0.0705095906047,0.0000029007941,15.1439384097487
77075,3.6618926188253,0.0028019481454,0.0489187007885,0.0704873348007,0.0000028427782,15.1439384097487
77078,3.6617615065931,0.0028019481454,0.0488678108719,0.0704673046012,0.0000028427782,15.1439384097487
77114,3.6616225374260,0.0028487821656,0.0487473724878,0.0704423962111,0.0000028427782,15.1439384097487
77153,3.6616230047033,0.0028487821656,0.0487300662972,0.0704362220407,0.0000028427782,15.1439384097487
77248,3.6615943545095,0.0028418956199,0.0486830270974,0.0704160655515,0.0000027859227,15.1439384097487
77302,3.6615792407642,0.0028028902248,0.0486991079234,0.0704048782472,0.0000027859227,15.1439384097487
77303,3.6616553470603,0.0027010850419,0.0486443212776,0.0703427576943,0.0000027859227,15.1439384097487
77943,3.6616915745862,0.0027177008995,0.0485629948694,0.0703213462474,0.0000025182534,15.1439384097487
78046,3.6617634948892,0.0027487068830,0.0484814322646,0.0703065226918,0.0000024678884,15.1439384097487
78146,3.6617361563784,0.0027364763778,0.0484628057139,0.0702942418691,0.0000024678884,15.1439384097487
78375,3.6617150525526,0.0027201855652,0.0484817448007,0.0702937254341,0.0000023227568,15.1439384097487
78462,3.6617339413412,0.0027504037279,0.0484400358589,0.0702920472997,0.0000023227568,15.1439384097487
78927,3.6617422411413,0.0027950615997,0.0483823118346,0.0702906881063,0.0000021424369,15.1439384097487
78941,3.6618603866624,0.0028195060824,0.0482873296489,0.0702689138552,0.0000021424369,15.1439384097487
79027,3.6618451999813,0.0027761153350,0.0483366546054,0.0702677189860,0.0000021424369,15.1439384097487
79124,3.6618955495428,0.0028229493553,0.0482234722769,0.0702480808917,0.0000020995882,15.1439384097487
79192,3.6618987572709,0.0028229493553,0.0481781665980,0.0702319456812,0.0000020995882,15.1439384097487
79509,3.6617759458443,0.0026951240480,0.0483267725126,0.0702284991741,0.0000019761156,15.1439384097487
79545,3.6616911204646,0.0027125111986,0.0482520204963,0.0702080533880,0.0000019761156,15.1439384097487
79555,3.6617605799749,0.0027593452189,0.0481126194600,0.0701793218740,0.0000019761156,15.1439384097487
79708,3.6617894654086,0.0028061792391,0.0480261415424,0.0701689173533,0.0000019365933,15.1439384097487
79794,3.6618251447964,0.0027655982024,0.0480630647426,0.0701652171986,0.0000018978614,15.1439384097487
79833,3.6618179155944,0.0027187641822,0.0480894736580,0.0701544749384,0.0000018599042,15.1439384097487
79849,3.6619093650524,0.0027359970742,0.0479988336826,0.0701307830475,0.0000018599042,15.1439384097487
79863,3.6618289727398,0.0027828310944,0.0479172526182,0.0701205811302,0.0000018599042,15.1439384097487
79916,3.6618469975740,0.0028179304407,0.0478712477819,0.0701194484587,0.0000018227061,15.1439384097487
80149,3.6619141451741,0.0028647644610,0.0477959307022,0.0701135713587,0.0000017862520,15.1439384097487
80152,3.6619489377634,0.0027748647383,0.0478138664555,0.0700819408451,0.0000017862520,15.1439384097487
80252,3.6618874404080,0.0027748647383,0.0478045460289,0.0700777419379,0.0000017505269,15.1439384097487
80273,3.6618155489374,0.0028216987586,0.0477286638859,0.0700696956360,0.0000017505269,15.1439384097487
80420,3.6618579040696,0.0028685327788,0.0476671107970,0.0700683834352,0.0000017155164,15.1439384097487
80485,3.6618234928204,0.0028971918275,0.0476116324202,0.0700603652618,0.0000016812061,15.1439384097487
80579,3.6616199004857,0.0028503578073,0.0476677886698,0.0700574685243,0.0000016812061,15.1439384097487
80620,3.6615901785719,0.0027911390232,0.0477213667745,0.0700508035197,0.0000016475820,15.1439384097487
80693,3.6615944900391,0.0028379730434,0.0476545594457,0.0700470764894,0.0000016475820,15.1439384097487
80745,3.6615225753496,0.0028379730434,0.0475890273907,0.0700226545960,0.0000016475820,15.1439384097487
80847,3.6614495137599,0.0028848070637,0.0475306447309,0.0700208415524,0.0000016146303,15.1439384097487
80856,3.6613821323806,0.0028379730434,0.0475890273907,0.0700206673374,0.0000016146303,15.1439384097487
80914,3.6613003835368,0.0027887920884,0.0475907031286,0.0699990315224,0.0000016146303,15.1439384097487
81009,3.6613549094560,0.0028356261087,0.0475075549078,0.0699901789903,0.0000015823377,15.1439384097487
81057,3.6613838096068,0.0028356261087,0.0474838985410,0.0699821392231,0.0000015506910,15.1439384097487
81058,3.6614223603998,0.0028187017339,0.0474786525430,0.0699735578400,0.0000015506910,15.1439384097487
81061,3.6614207022722,0.0028298359010,0.0473645406575,0.0699375519187,0.0000015506910,15.1439384097487
81110,3.6614999228983,0.0028467602758,0.0473325839931,0.0699345130943,0.0000015196771,15.1439384097487
81201,3.6614934952995,0.0028935942960,0.0472712718532,0.0699325966744,0.0000015196771,15.1439384097487
81314,3.6615839868335,0.0028619547503,0.0472935995783,0.0699282915058,0.0000014892836,15.1439384097487
81445,3.6616935298768,0.0028619547503,0.0472615250043,0.0699183863275,0.0000014594979,15.1439384097487
81675,3.6617274108447,0.0028619547503,0.0472403950742,0.0699113193373,0.0000014017018,15.1439384097487
81767,3.6617402982626,0.0028151207301,0.0472863993734,0.0699078600773,0.0000014017018,15.1439384097487
81832,3.6617479759443,0.0028619547503,0.0471873419102,0.0698926627735,0.0000013736678,15.1439384097487
81881,3.6619177906485,0.0029087887705,0.0471091635870,0.0698872165334,0.0000013736678,15.1439384097487
81882,3.6618830228668,0.0029087887705,0.0470863397569,0.0698785732038,0.0000013736678,15.1439384097487
81944,3.6619590086207,0.0029087887705,0.0470539852924,0.0698680932312,0.0000013461944,15.1439384097487
82137,3.6619400333826,0.0028342212533,0.0471242702769,0.0698609690056,0.0000013192705,15.1439384097487
82173,3.6619875662919,0.0028342212533,0.0470961099044,0.0698515843172,0.0000012928851,15.1439384097487
82252,3.6619715964068,0.0028508371109,0.0470580608469,0.0698448904771,0.0000012928851,15.1439384097487
82301,3.6620237524434,0.0028426834407,0.0470197100775,0.0698284373481,0.0000012670274,15.1439384097487
82344,3.6620624518365,0.0028895174610,0.0469216477470,0.0698140344040,0.0000012670274,15.1439384097487
82358,3.6620814198081,0.0028426834407,0.0469660995003,0.0698101067028,0.0000012670274,15.1439384097487
82391,3.6619870951275,0.0028426834407,0.0469672470942,0.0698091818698,0.0000012670274,15.1439384097487
82448,3.6620441896803,0.0027958494205,0.0470137167090,0.0698065143219,0.0000012670274,15.1439384097487
82672,3.6619859427581,0.0028069670599,0.0469354830068,0.0697825142266,0.0000011925161,15.1439384097487
82887,3.6618793915565,0.0027601330397,0.0469901653748,0.0697804642284,0.0000011686657,15.1439384097487
82892,3.6617541642111,0.0027601330397,0.0469915100389,0.0697791725070,0.0000011686657,15.1439384097487
82929,3.6617102272862,0.0027772116731,0.0469257880835,0.0697623980899,0.0000011686657,15.1439384097487
82933,3.6617018249355,0.0027303776529,0.0469701588464,0.0697580541753,0.0000011686657,15.1439384097487
83224,3.6618077171917,0.0027518416386,0.0469373255914,0.0697570252321,0.0000010999388,15.1439384097487
83499,3.6618705234872,0.0027986756589,0.0468601841042,0.0697504351288,0.0000010563813,15.1439384097487
83551,3.6617346644965,0.0027888086161,0.0468717133856,0.0697484016011,0.0000010352536,15.1439384097487
83673,3.6616739493850,0.0027681324512,0.0468889553533,0.0697448391184,0.0000010145486,15.1439384097487
83705,3.6616403534569,0.0027501282660,0.0468949172103,0.0697387768936,0.0000010145486,15.1439384097487
83927,3.6616966580265,0.0027100265329,0.0469307483099,0.0697351839637,0.0000009942576,15.1439384097487
83993,3.6618573668061,0.0027225490277,0.0469063541877,0.0697341125791,0.0000009743724,15.1439384097487
84122,3.6617828250660,0.0027054703943,0.0469160860303,0.0697292140622,0.0000009548850,15.1439384097487
84124,3.6617090681308,0.0027523044145,0.0468152125744,0.0697122158953,0.0000009548850,15.1439384097487
84370,3.6618372083499,0.0027754817728,0.0467707361188,0.0697080777759,0.0000009170716,15.1439384097487
84425,3.6618819135554,0.0027866159400,0.0467243826986,0.0696969273446,0.0000009170716,15.1439384097487
84441,3.6619087872824,0.0027939652616,0.0467012228563,0.0696921859430,0.0000009170716,15.1439384097487
84474,3.6618017472703,0.0027779829662,0.0466450766449,0.0696637695605,0.0000009170716,15.1439384097487
84588,3.6618756010631,0.0027359970742,0.0465887957793,0.0696267203239,0.0000008807555,15.1439384097487
84860,3.6619018086883,0.0027275348868,0.0465732910896,0.0696179271191,0.0000008458776,15.1439384097487
85049,3.6618320414717,0.0027743689070,0.0464953020075,0.0696091583970,0.0000008289600,15.1439384097487
85323,3.6618076789396,0.0028212029273,0.0464266461745,0.0696043654514,0.0000007961332,15.1439384097487
85324,3.6617457336084,0.0028552059355,0.0463641025645,0.0695957246434,0.0000007961332,15.1439384097487
85472,3.6617869550715,0.0028552059355,0.0463577537529,0.0695940404916,0.0000007802106,15.1439384097487
85478,3.6617459515312,0.0027958328928,0.0464297105485,0.0695937135601,0.0000007802106,15.1439384097487
85611,3.6617957719508,0.0027958328928,0.0464071189536,0.0695863500889,0.0000007493142,15.1439384097487
85685,3.6617563083085,0.0027958328928,0.0464057742895,0.0695853114439,0.0000007343279,15.1439384097487
85811,3.6616449185373,0.0028282602593,0.0463577537529,0.0695804825372,0.0000007343279,15.1439384097487
85953,3.6617120415075,0.0028282602593,0.0463481564318,0.0695780047080,0.0000007196414,15.1439384097487
85977,3.6617686956172,0.0027823683186,0.0463493206778,0.0695595541875,0.0000007196414,15.1439384097487
86001,3.6618063556750,0.0027541720457,0.0463634514648,0.0695530496674,0.0000007052486,15.1439384097487
86079,3.6617681943146,0.0027388233126,0.0463515340838,0.0695416754508,0.0000006911436,15.1439384097487
86278,3.6617982338737,0.0027532299662,0.0462884328362,0.0695257386288,0.0000006773207,15.1439384097487
86290,3.6617742977477,0.0027842524775,0.0462028612833,0.0695081340273,0.0000006773207,15.1439384097487
86509,3.6616707942847,0.0027374184572,0.0462593929978,0.0695067876353,0.0000006637743,15.1439384097487
86594,3.6616428000941,0.0027502494693,0.0462367631474,0.0695038084351,0.0000006374888,15.1439384097487
86617,3.6615952506773,0.0027842524775,0.0461899449487,0.0695009875466,0.0000006374888,15.1439384097487
86944,3.6615914884821,0.0027474397586,0.0461200429272,0.0694601924246,0.0000006122443,15.1439384097487
86945,3.6616693513535,0.0027942737788,0.0460381480489,0.0694521177311,0.0000006122443,15.1439384097487
86963,3.6615472360256,0.0027670195854,0.0460590017315,0.0694461571826,0.0000006122443,15.1439384097487
87189,3.6615612127863,0.0027728097931,0.0460116875375,0.0694319385440,0.0000005879994,15.1439384097487
87393,3.6615429460003,0.0028071213185,0.0459202879607,0.0694137423037,0.0000005647146,15.1439384097487
87467,3.6614853981734,0.0027703085997,0.0459513900338,0.0694082590095,0.0000005647146,15.1439384097487
87483,3.6614265978699,0.0027803464287,0.0458946074705,0.0693914494290,0.0000005647146,15.1439384097487
87495,3.6614528259484,0.0027803464287,0.0458785688741,0.0693860924844,0.0000005647146,15.1439384097487
87635,3.6614375176948,0.0027899049542,0.0458621196559,0.0693840976638,0.0000005423519,15.1439384097487
87757,3.6614531550854,0.0027899049542,0.0458562645520,0.0693822278233,0.0000005315049,15.1439384097487
87856,3.6613954007580,0.0026990466244,0.0459295347468,0.0693686392459,0.0000005315049,15.1439384097487
87857,3.6614562562432,0.0027458806446,0.0458476029493,0.0693603107136,0.0000005315049,15.1439384097487
87876,3.6616170155459,0.0027458806446,0.0458381403447,0.0693592059454,0.0000005315049,15.1439384097487
87991,3.6616758230375,0.0027927146649,0.0457686750426,0.0693553007539,0.0000005208748,15.1439384097487
88057,3.6616359853943,0.0027927146649,0.0457595920435,0.0693514931257,0.0000005104573,15.1439384097487
88114,3.6616659659591,0.0027831561394,0.0457521950032,0.0693451790377,0.0000005002482,15.1439384097487
88144,3.6615695414152,0.0028299901596,0.0456161586109,0.0693153019340,0.0000005002482,15.1439384097487
88229,3.6615930174204,0.0028768241799,0.0455448205007,0.0693102279443,0.0000005002482,15.1439384097487
88232,3.6616741262477,0.0028176053958,0.0456029262659,0.0693067482089,0.0000004902432,15.1439384097487
88293,3.6616295655363,0.0028644394160,0.0454878848234,0.0692851031713,0.0000004902432,15.1439384097487
88344,3.6615996889262,0.0028176053958,0.0455357375016,0.0692816989386,0.0000004902432,15.1439384097487
88521,3.6615469206898,0.0028644394160,0.0454787833647,0.0692806832313,0.0000004708296,15.1439384097487
88633,3.6614065793286,0.0027692122616,0.0455126488190,0.0692499805779,0.0000004614130,15.1439384097487
88646,3.6612944722424,0.0028160462818,0.0454071811824,0.0692307989801,0.0000004614130,15.1439384097487
88691,3.6611965656532,0.0028628803021,0.0453500923913,0.0692290964774,0.0000004614130,15.1439384097487
88711,3.6611684108652,0.0029097143223,0.0452928689458,0.0692283328672,0.0000004614130,15.1439384097487
88751,3.6610061543755,0.0028611669295,0.0453246302831,0.0692165742580,0.0000004521847,15.1439384097487
88895,3.6610569773409,0.0028611669295,0.0453154734455,0.0692140231004,0.0000004521847,15.1439384097487
88909,3.6612003263817,0.0028750942796,0.0452837121082,0.0692106770093,0.0000004521847,15.1439384097487
89024,3.6612459794775,0.0027591744325,0.0453488654363,0.0691849121088,0.0000004431410,15.1439384097487
89053,3.6611728609592,0.0028060084528,0.0452678054251,0.0691749992056,0.0000004342782,15.1439384097487
89080,3.6611299900622,0.0028060084528,0.0452584033082,0.0691710346864,0.0000004342782,15.1439384097487
89269,3.6610934061581,0.0028262218418,0.0451932868995,0.0691559240474,0.0000004170808,15.1439384097487
89307,3.6610657531511,0.0028060084528,0.0451836948823,0.0691434441577,0.0000004170808,15.1439384097487
89343,3.6610424399723,0.0027702920720,0.0451119443566,0.0691021820697,0.0000004170808,15.1439384097487
89349,3.6610472978469,0.0027687329580,0.0450882547835,0.0690931220548,0.0000004170808,15.1439384097487
89591,3.6610242338897,0.0027621549295,0.0450639329948,0.0690812901932,0.0000004005644,15.1439384097487
89659,3.6610393965002,0.0027414787646,0.0450754780649,0.0690767667689,0.0000003925531,15.1439384097487
89752,3.6609408161891,0.0027212819033,0.0450834398112,0.0690695595472,0.0000003925531,15.1439384097487
90035,3.6609238845907,0.0027352092534,0.0450589826029,0.0690665541133,0.0000003770080,15.1439384097487
90347,3.6609220148855,0.0026947990030,0.0450589273186,0.0690491892340,0.0000003548369,15.1439384097487
90393,3.6608792760532,0.0027416330232,0.0449908245870,0.0690443338012,0.0000003548369,15.1439384097487
90420,3.6608915347856,0.0027416330232,0.0449744244047,0.0690386500534,0.0000003548369,15.1439384097487
90489,3.6609700036028,0.0027884670435,0.0448923264704,0.0690305114141,0.0000003477402,15.1439384097487
90535,3.6609377217473,0.0027884670435,0.0448592575309,0.0690182442925,0.0000003477402,15.1439384097487
90538,3.6608809120694,0.0028172968785,0.0447765577086,0.0690002604321,0.0000003477402,15.1439384097487
90914,3.6608801553907,0.0028339127361,0.0447519929488,0.0689985976785,0.0000003272903,15.1439384097487
90985,3.6608792470791,0.0028339127361,0.0447036754921,0.0689813285914,0.0000003207445,15.1439384097487
91057,3.6609343044095,0.0027870787158,0.0447471430554,0.0689775600557,0.0000003207445,15.1439384097487
91108,3.6610105105359,0.0027960202068,0.0446893256140,0.0689618213486,0.0000003207445,15.1439384097487
91132,3.6611227893786,0.0027960202068,0.0446702916574,0.0689566122451,0.0000003143296,15.1439384097487
91193,3.6611993594880,0.0028428542271,0.0445881383442,0.0689484269610,0.0000003080430,15.1439384097487
91346,3.6611293507020,0.0028428542271,0.0445788338295,0.0689441133004,0.0000003018821,15.1439384097487
91391,3.6610877692267,0.0028262383695,0.0445551973273,0.0689279622356,0.0000003018821,15.1439384097487
91396,3.6611250896818,0.0028262383695,0.0445312899343,0.0689199519628,0.0000003018821,15.1439384097487
91419,3.6611198738131,0.0028155835059,0.0444571953751,0.0688888494460,0.0000003018821,15.1439384097487
91475,3.6610346569177,0.0028624175262,0.0443992063601,0.0688870049931,0.0000002958445,15.1439384097487
91507,3.6609664000056,0.0028066420150,0.0443410826909,0.0688413769186,0.0000002958445,15.1439384097487
91518,3.6609377944420,0.0028066420150,0.0442828243674,0.0688201656076,0.0000002958445,15.1439384097487
91587,3.6609281521818,0.0027778121799,0.0442947848945,0.0688119451435,0.0000002958445,15.1439384097487
91612,3.6610118265688,0.0027560396769,0.0443044814604,0.0688072611170,0.0000002899276,15.1439384097487
91690,3.6610715271460,0.0027878500090,0.0442460884826,0.0688008842407,0.0000002841290,15.1439384097487
91806,3.6610858991807,0.0028144871679,0.0441858665069,0.0687909956808,0.0000002784465,15.1439384097487
91861,3.6611290557553,0.0027964829827,0.0441727944074,0.0687792216572,0.0000002784465,15.1439384097487
91862,3.6610561146347,0.0028433170029,0.0440905303364,0.0687688812428,0.0000002784465,15.1439384097487
92086,3.6610312953379,0.0028433170029,0.0440501120828,0.0687540949608,0.0000002728775,15.1439384097487
92090,3.6610456526611,0.0027964829827,0.0440991808578,0.0687517509555,0.0000002728775,15.1439384097487
92173,3.6610702184187,0.0027783080112,0.0441153119177,0.0687500703787,0.0000002620716,15.1439384097487
92249,3.6611167257572,0.0028251420314,0.0440494803377,0.0687472888988,0.0000002620716,15.1439384097487
92292,3.6611234102909,0.0028719760517,0.0439580518807,0.0687348021871,0.0000002620716,15.1439384097487
92439,3.6610452321920,0.0028470687930,0.0439781217067,0.0687301892278,0.0000002568301,15.1439384097487
92444,3.6611192306275,0.0028080799257,0.0440206597131,0.0687297189313,0.0000002568301,15.1439384097487
92458,3.6611226607541,0.0028549139459,0.0439470328536,0.0687235438833,0.0000002568301,15.1439384097487
92760,3.6610443300461,0.0028032152698,0.0438628465344,0.0686702123910,0.0000002417265,15.1439384097487
92761,3.6610844842839,0.0028500492900,0.0437925801929,0.0686657571718,0.0000002417265,15.1439384097487
92954,3.6611741016252,0.0028500492900,0.0437081113421,0.0686368578045,0.0000002368919,15.1439384097487
92970,3.6612501158252,0.0028968833103,0.0436400086105,0.0686336827191,0.0000002368919,15.1439384097487
93177,3.6613238555943,0.0029246168073,0.0435786450831,0.0686246963708,0.0000002229608,15.1439384097487
93214,3.6612766454537,0.0029122320434,0.0434963071736,0.0685893141983,0.0000002229608,15.1439384097487
93295,3.6613479414216,0.0028653980232,0.0435418255303,0.0685865078645,0.0000002229608,15.1439384097487
93353,3.6613715952459,0.0028240456933,0.0435453759486,0.0685703881440,0.0000002185016,15.1439384097487
93403,3.6613518607664,0.0027693665202,0.0434786381470,0.0685228400419,0.0000002185016,15.1439384097487
93430,3.6612796990590,0.0027693665202,0.0434700985376,0.0685187690981,0.0000002185016,15.1439384097487
93517,3.6612792203267,0.0028162005404,0.0433962817778,0.0685124709185,0.0000002141316,15.1439384097487
94211,3.6612880987246,0.0028162005404,0.0433454305835,0.0684944354065,0.0000001935580,15.1439384097487
94242,3.6613079078607,0.0028469145344,0.0432942732943,0.0684896083842,0.0000001935580,15.1439384097487
94287,3.6613151252602,0.0028317200599,0.0433118041577,0.0684894596149,0.0000001935580,15.1439384097487
94489,3.6612117318219,0.0027848860397,0.0433278780376,0.0684736655532,0.0000001858931,15.1439384097487
94519,3.6611487228043,0.0027723470172,0.0432332647088,0.0684336096385,0.0000001858931,15.1439384097487
94526,3.6612310199397,0.0028191810374,0.0431651619772,0.0684305234562,0.0000001821752,15.1439384097487
94579,3.6612311713991,0.0027761153350,0.0431619378286,0.0684109173881,0.0000001821752,15.1439384097487
94746,3.6611786021028,0.0027922353613,0.0431388985573,0.0684088538076,0.0000001785317,15.1439384097487
94802,3.6612301990363,0.0028115066709,0.0430873614674,0.0683994369299,0.0000001785317,15.1439384097487
94889,3.6612342504259,0.0028077383530,0.0430608339755,0.0683884051592,0.0000001714618,15.1439384097487
94943,3.6612752631926,0.0028077383530,0.0430535312645,0.0683863773760,0.0000001714618,15.1439384097487
95036,3.6613594742190,0.0028077383530,0.0430339262169,0.0683805671537,0.0000001680326,15.1439384097487
95088,3.6614004965043,0.0028077383530,0.0430260524025,0.0683783355397,0.0000001680326,15.1439384097487
95144,3.6612938888767,0.0027609043328,0.0430682418250,0.0683718229768,0.0000001680326,15.1439384097487
95194,3.6612413215416,0.0027723470172,0.0430165148347,0.0683575092350,0.0000001680326,15.1439384097487
95284,3.6612410302225,0.0027416330232,0.0430425443385,0.0683536382240,0.0000001646720,15.1439384097487
95288,3.6613174588696,0.0027723470172,0.0429832272405,0.0683466981467,0.0000001613785,15.1439384097487
95300,3.6613657635374,0.0027723470172,0.0429751327046,0.0683444907488,0.0000001613785,15.1439384097487
95359,3.6613349536816,0.0028191810374,0.0429156994120,0.0683429003384,0.0000001613785,15.1439384097487
95467,3.6613877667252,0.0028660150577,0.0428475966804,0.0683393969582,0.0000001581510,15.1439384097487
95508,3.6613306237959,0.0028660150577,0.0428059938287,0.0683237302283,0.0000001581510,15.1439384097487
95523,3.6613148714262,0.0028660150577,0.0427858966380,0.0683163297652,0.0000001581510,15.1439384097487
95533,3.6612507800762,0.0029128490779,0.0427178111718,0.0683111783619,0.0000001581510,15.1439384097487
95597,3.6611913763929,0.0029592203223,0.0426311559062,0.0682992628851,0.0000001549879,15.1439384097487
95652,3.6612249012779,0.0029123863020,0.0426038045155,0.0682698971832,0.0000001549879,15.1439384097487
95801,3.6612556631155,0.0028857491431,0.0426100681450,0.0682611535464,0.0000001518882,15.1439384097487
95886,3.6612123509157,0.0028393778988,0.0426185672047,0.0682437026697,0.0000001458734,15.1439384097487
95915,3.6611848642746,0.0028371852226,0.0426205670939,0.0682430882634,0.0000001458734,15.1439384097487
95947,3.6612086983626,0.0028398572024,0.0425992901221,0.0682369717298,0.0000001458734,15.1439384097487
96011,3.6612454679163,0.0028866912226,0.0425030610490,0.0682231962134,0.0000001458734,15.1439384097487
96027,3.6613842074384,0.0029155210576,0.0424075772014,0.0682034136378,0.0000001458734,15.1439384097487
96101,3.6613185417771,0.0028819973530,0.0424362391873,0.0681983535946,0.0000001429559,15.1439384097487
96212,3.6613619913697,0.0028887461678,0.0423678168049,0.0681774241875,0.0000001429559,15.1439384097487
96247,3.6613823218182,0.0028419121476,0.0424030550805,0.0681702252375,0.0000001400968,15.1439384097487
96281,3.6612768601618,0.0027950781274,0.0424620623473,0.0681697352630,0.0000001400968,15.1439384097487
96309,3.6613551691461,0.0028419121476,0.0423700671314,0.0681580596186,0.0000001400968,15.1439384097487
96395,3.6612825802498,0.0028887461678,0.0423102114164,0.0681557271725,0.0000001372949,15.1439384097487
96483,3.6612989141536,0.0028887461678,0.0422679464002,0.0681408636475,0.0000001345490,15.1439384097487
96495,3.6613694452483,0.0028773034834,0.0421998436686,0.0681126352460,0.0000001345490,15.1439384097487
96517,3.6613976426842,0.0028773034834,0.0421907193635,0.0681097755574,0.0000001345490,15.1439384097487
96668,3.6613763882549,0.0029241375037,0.0420930890252,0.0680946785537,0.0000001318580,15.1439384097487
96670,3.6613813186286,0.0029241375037,0.0420649137356,0.0680846857147,0.0000001318580,15.1439384097487
96732,3.6613038454092,0.0028548974182,0.0421458144473,0.0680828082628,0.0000001292208,15.1439384097487
96742,3.6611668006087,0.0029173886888,0.0419954922725,0.0680539645702,0.0000001292208,15.1439384097487
96750,3.6610143166068,0.0028705546686,0.0420505509490,0.0680513990218,0.0000001292208,15.1439384097487
96864,3.6609328503159,0.0029173886888,0.0419688008051,0.0680411215223,0.0000001292208,15.1439384097487
96875,3.6609540956267,0.0028705546686,0.0419911429087,0.0680293297418,0.0000001292208,15.1439384097487
96939,3.6610404491493,0.0028705546686,0.0419578624663,0.0680186657661,0.0000001241037,15.1439384097487
96991,3.6610191241570,0.0028031987421,0.0420213613516,0.0680121753665,0.0000001241037,15.1439384097487
97018,3.6610562435911,0.0027183014063,0.0420345304392,0.0679810192771,0.0000001241037,15.1439384097487
97113,3.6612142347482,0.0027183014063,0.0420264124987,0.0679803555769,0.0000001216216,15.1439384097487
97114,3.6611988554107,0.0027375727159,0.0419633491481,0.0679658744678,0.0000001216216,15.1439384097487
97118,3.6612792776714,0.0027140703126,0.0419299507961,0.0679450119960,0.0000001216216,15.1439384097487
97146,3.6612501326184,0.0027396111334,0.0418316051778,0.0679204222264,0.0000001216216,15.1439384097487
97161,3.6613352662253,0.0027864451536,0.0417635024462,0.0679173761800,0.0000001216216,15.1439384097487
97185,3.6612925367552,0.0028160628095,0.0417032427684,0.0679079435285,0.0000001216216,15.1439384097487
97618,3.6613051622066,0.0028539718665,0.0416476999900,0.0679045322099,0.0000001121799,15.1439384097487
97705,3.6612027958297,0.0028071378463,0.0416600768616,0.0678874323209,0.0000001121799,15.1439384097487
97746,3.6611998062732,0.0028071378463,0.0415918121492,0.0678630097644,0.0000001121799,15.1439384097487
97826,3.6611749658893,0.0027878665367,0.0416092625651,0.0678606314333,0.0000001099363,15.1439384097487
97920,3.6611549509845,0.0028229493553,0.0415267585187,0.0678459179866,0.0000001099363,15.1439384097487
98002,3.6611706459243,0.0027761153350,0.0415807209608,0.0678453406468,0.0000001055828,15.1439384097487
98021,3.6612032617477,0.0027776909767,0.0414815831264,0.0678110710640,0.0000001055828,15.1439384097487
98181,3.6612598606855,0.0028245249969,0.0413379129493,0.0677806328807,0.0000001034712,15.1439384097487
98196,3.6612411168930,0.0028713590172,0.0412675852646,0.0677753223500,0.0000001034712,15.1439384097487
98216,3.6612093886906,0.0028506828522,0.0412720533446,0.0677676079273,0.0000001034712,15.1439384097487
98224,3.6612493472914,0.0028256213350,0.0412779660382,0.0677595443649,0.0000001034712,15.1439384097487
98232,3.6612634146103,0.0028011768523,0.0412794190978,0.0677497861595,0.0000001034712,15.1439384097487
98313,3.6612656674685,0.0027978878380,0.0412830733751,0.0677497135588,0.0000001014018,15.1439384097487
98403,3.6612597421865,0.0028281060007,0.0412255201117,0.0677420256207,0.0000000993737,15.1439384097487
98423,3.6612483990839,0.0028337584774,0.0411980047001,0.0677344606738,0.0000000993737,15.1439384097487
98450,3.6611578177162,0.0028801131941,0.0411069581453,0.0677205286340,0.0000000973862,15.1439384097487
98451,3.6611472381365,0.0028337584774,0.0410819841651,0.0676915933478,0.0000000973862,15.1439384097487
98459,3.6610937992346,0.0028569358358,0.0410540246306,0.0676907847965,0.0000000973862,15.1439384097487
98475,3.6611387458621,0.0028558394977,0.0410484751177,0.0676889689602,0.0000000973862,15.1439384097487
98478,3.6610352508154,0.0028802839804,0.0409466505645,0.0676616148072,0.0000000973862,15.1439384097487
98518,3.6611694745606,0.0027751897833,0.0410494183981,0.0676551764917,0.0000000973862,15.1439384097487
98530,3.6611904911616,0.0027751897833,0.0410238549728,0.0676463440805,0.0000000973862,15.1439384097487
98697,3.6611602731506,0.0027745562211,0.0410162701691,0.0676429361126,0.0000000954385,15.1439384097487
98767,3.6612128237442,0.0028213902413,0.0409549600515,0.0676418549523,0.0000000954385,15.1439384097487
98923,3.6611639872709,0.0028270427180,0.0409018812146,0.0676246296821,0.0000000935298,15.1439384097487
98928,3.6611531077879,0.0028738767383,0.0408355261084,0.0676208492089,0.0000000916592,15.1439384097487
