0,3.12456,0.555358,0.320124,0.396553,100000.000000
1,3.1245220513637,0.5552407902202,0.3201545667955,0.3965130331513,100000.0000000000000,15.1439384097487
2,3.1246630930612,0.5552407902202,0.3199869063015,0.3964551501341,100000.0000000000000,15.1439384097487
3,3.1247507727658,0.5551231570006,0.3199196490910,0.3963819561267,100000.0000000000000,15.1439384097487
4,3.1246670102881,0.5550763229804,0.3198719989203,0.3963436812522,100000.0000000000000,15.1439384097487
5,3.1245742274252,0.5549586897607,0.3197678103515,0.3962547439408,100000.0000000000000,15.1439384097487
6,3.1244767391849,0.5549118557405,0.3197576107554,0.3962296500529,100000.0000000000000,15.1439384097487
7,3.1245669503923,0.5549118557405,0.3197315896628,0.3962216332880,100000.0000000000000,15.1439384097487
8,3.1246096680253,0.5548650217203,0.3197083332850,0.3961938601675,100000.0000000000000,15.1439384097487
9,3.1247716276854,0.5548650217203,0.3191204034342,0.3959861769392,100000.0000000000000,15.1439384097487
10,3.1247585832154,0.5548650217203,0.3187272935180,0.3958455959621,100000.0000000000000,15.1439384097487
11,3.1248010365003,0.5547473885007,0.3187692156099,0.3958107546120,100000.0000000000000,15.1439384097487
12,3.1247396013037,0.5546297552810,0.3187873197774,0.3957659368452,100000.0000000000000,15.1439384097487
13,3.1248516134571,0.5545121220614,0.3186010338941,0.3956505769001,100000.0000000000000,15.1439384097487
14,3.1248124095056,0.5543944888418,0.3185471232405,0.3955803541250,100000.0000000000000,15.1439384097487
15,3.1247648179381,0.5543944888418,0.3183121321701,0.3954957553252,100000.0000000000000,15.1439384097487
16,3.1248777577101,0.5543476548216,0.3183196043321,0.3954799503217,100000.0000000000000,15.1439384097487
17,3.1249055671521,0.5543476548216,0.3182752158498,0.3954644907940,100000.0000000000000,15.1439384097487
18,3.1250522151105,0.5543476548216,0.3181980129914,0.3954389934034,100000.0000000000000,15.1439384097487
19,3.1251052251313,0.5543476548216,0.3180911814333,0.3954015893638,100000.0000000000000,15.1439384097487
20,3.1250859858035,0.5543476548216,0.3180241507996,0.3953773776165,100000.0000000000000,15.1439384097487
21,3.1249943106168,0.5543476548216,0.3177450091347,0.3952763869670,100000.0000000000000,15.1439384097487
22,3.1250589772194,0.5543476548216,0.3176962696207,0.3952598950258,100000.0000000000000,15.1439384097487
23,3.1251203887375,0.5543476548216,0.3176934162215,0.3952597449236,100000.0000000000000,15.1439384097487
24,3.1249304321561,0.5543476548216,0.3175591875189,0.3952091182283,100000.0000000000000,15.1439384097487
25,3.1248620315256,0.5543476548216,0.3174861511998,0.3951820659643,100000.0000000000000,15.1439384097487
10040,3.3233115969015,0.2615816989595,0.5898186955217,0.3697806130551,2799.0805570896914,15.1439384097487
10041,3.3233415238595,0.2615816989595,0.5897869938153,0.3697697144816,2799.0805570896914,15.1439384097487
10042,3.3233228836854,0.2615655789333,0.5897222336347,0.3697394135057,2799.0805570896914,15.1439384097487
10043,3.3234398282385,0.2615187449130,0.5897657053539,0.3697365221544,2799.0805570896914,15.1439384097487
10044,3.3234742911623,0.2615187449130,0.5894617596653,0.3696284577708,2799.0805570896914,15.1439384097487
10045,3.3235561042432,0.2615187449130,0.5893537001380,0.3695910227321,2799.0805570896914,15.1439384097487
10047,3.3235608476872,0.2614719108928,0.5893342710473,0.3695640791676,2799.0805570896914,15.1439384097487
10051,3.3235652326521,0.2612366444536,0.5891522571058,0.3693983077615,2799.0805570896914,15.1439384097487
10053,3.3235535597041,0.2612366444536,0.5890475528016,0.3693607481957,2799.0805570896914,15.1439384097487
10054,3.3235212185677,0.2611190112340,0.5873398136679,0.3686999695004,2799.0805570896914,15.1439384097487
10148,3.3234182888492,0.2595811629329,0.5889319476003,0.3686080544700,2743.0989459478974,15.1439384097487
10149,3.3233117419357,0.2595343289126,0.5889239732530,0.3685836271342,2743.0989459478974,15.1439384097487
10150,3.3233988638495,0.2595343289126,0.5874456594143,0.3680568906753,2743.0989459478974,15.1439384097487
10151,3.3235232832776,0.2595343289126,0.5874182468433,0.3680488609979,2743.0989459478974,15.1439384097487
10152,3.3235312875664,0.2595343289126,0.5872820925737,0.3680003477332,2743.0989459478974,15.1439384097487
10162,3.3233420655038,0.2594406608722,0.5873595488933,0.3679851897791,2743.0989459478974,15.1439384097487
10169,3.3232586958999,0.2592761936323,0.5875399072047,0.3679779378275,2743.0989459478974,15.1439384097487
10170,3.3233386262247,0.2592761936323,0.5874767608691,0.3679565165735,2743.0989459478974,15.1439384097487
10324,3.3260229419948,0.2551007707686,0.5887798262634,0.3666704130183,2581.7827831345935,15.1439384097487
10325,3.3260186601888,0.2549831375490,0.5887335238544,0.3666034016194,2581.7827831345935,15.1439384097487
10327,3.3259234439163,0.2549831375490,0.5881648981750,0.3663989737157,2581.7827831345935,15.1439384097487
10328,3.3257996191044,0.2549831375490,0.5881463071138,0.3663905819382,2581.7827831345935,15.1439384097487
10334,3.3258948124297,0.2547718362889,0.5882034017324,0.3663217621697,2581.7827831345935,15.1439384097487
10335,3.3260202191195,0.2547718362889,0.5881976642089,0.3663214875504,2581.7827831345935,15.1439384097487
10336,3.3259781024273,0.2547718362889,0.5876740490600,0.3661338861917,2581.7827831345935,15.1439384097487
10337,3.3258917299496,0.2547718362889,0.5874445428270,0.3660506975152,2581.7827831345935,15.1439384097487
10338,3.3258714647225,0.2548894695086,0.5872933776217,0.3660468374272,2581.7827831345935,15.1439384097487
10343,3.3259311634232,0.2550071027282,0.5870171481348,0.3659994430087,2581.7827831345935,15.1439384097487
10344,3.3259565090237,0.2549602687079,0.5868256898475,0.3659113519645,2581.7827831345935,15.1439384097487
10345,3.3260257136348,0.2549602687079,0.5867968463079,0.3659020299410,2581.7827831345935,15.1439384097487
11428,3.3411772761665,0.2295469371311,0.5816712587296,0.3533944287252,1723.6187673607083,15.1439384097487
11430,3.3410759693324,0.2295469371311,0.5816290331892,0.3533779146901,1723.6187673607083,15.1439384097487
11431,3.3410330901052,0.2295001031109,0.5815342496428,0.3533233849624,1723.6187673607083,15.1439384097487
11432,3.3409678974105,0.2295001031109,0.5815196262452,0.3533172398481,1723.6187673607083,15.1439384097487
11433,3.3411028340159,0.2295001031109,0.5813113209783,0.3532447544538,1723.6187673607083,15.1439384097487
11439,3.3411406805652,0.2293356358710,0.5814496935683,0.3532242228022,1723.6187673607083,15.1439384097487
11456,3.3410068972731,0.2288344220540,0.5820013057122,0.3532045281931,1723.6187673607083,15.1439384097487
11457,3.3410974318250,0.2288475781109,0.5818201148539,0.3531467365403,1723.6187673607083,15.1439384097487
11481,3.3403754747279,0.2282415620863,0.5825322259822,0.3531311251452,1689.1463920134941,15.1439384097487
11482,3.3401869468224,0.2282883961065,0.5823109646601,0.3530695073102,1689.1463920134941,15.1439384097487
11483,3.3402184054060,0.2282883961065,0.5823004900233,0.3530662115053,1689.1463920134941,15.1439384097487
11516,3.3398373205365,0.2276995964462,0.5829937404907,0.3530560659210,1689.1463920134941,15.1439384097487
11519,3.3400376027924,0.2274596196097,0.5831627999965,0.3530164310808,1689.1463920134941,15.1439384097487
11520,3.3400501147854,0.2274127855895,0.5831925282868,0.3530071536482,1689.1463920134941,15.1439384097487
11521,3.3400300576241,0.2274127855895,0.5831409994671,0.3529884666909,1689.1463920134941,15.1439384097487
11522,3.3400623445533,0.2274127855895,0.5829258023253,0.3529120674267,1689.1463920134941,15.1439384097487
11523,3.3401010961906,0.2274127855895,0.5827628510656,0.3528544188813,1689.1463920134941,15.1439384097487
11524,3.3402424075188,0.2274127855895,0.5825570374581,0.3527829135673,1689.1463920134941,15.1439384097487
11525,3.3403741690632,0.2272951523698,0.5826573616645,0.3527701938211,1689.1463920134941,15.1439384097487
11526,3.3403928596689,0.2272951523698,0.5820391872478,0.3525496817145,1689.1463920134941,15.1439384097487
11527,3.3404173714420,0.2272951523698,0.5818778942898,0.3524924239266,1689.1463920134941,15.1439384097487
11528,3.3403722631976,0.2272951523698,0.5818353572851,0.3524765938606,1689.1463920134941,15.1439384097487
11529,3.3402570437328,0.2272951523698,0.5816272544565,0.3524006410740,1689.1463920134941,15.1439384097487
11530,3.3403196457751,0.2272951523698,0.5815190258359,0.3523628738100,1689.1463920134941,15.1439384097487
11536,3.3404526775981,0.2272483183496,0.5814676295554,0.3523263286639,1689.1463920134941,15.1439384097487
11537,3.3404963431543,0.2272483183496,0.5813759450071,0.3522942020471,1689.1463920134941,15.1439384097487
11541,3.3406391705164,0.2271306851300,0.5813696516480,0.3522435611795,1689.1463920134941,15.1439384097487
11543,3.3406865659893,0.2270130519104,0.5814429164602,0.3522199835896,1689.1463920134941,15.1439384097487
11544,3.3405976931007,0.2269200009044,0.5814470608967,0.3521803271976,1689.1463920134941,15.1439384097487
11545,3.3404607275513,0.2269200009044,0.5814060400717,0.3521637388496,1689.1463920134941,15.1439384097487
11565,3.3408247950633,0.2264289295919,0.4891996852262,0.3190275902303,1622.2561948897596,15.1439384097487
11566,3.3407004941716,0.2263820955717,0.4891434863715,0.3189856886385,1622.2561948897596,15.1439384097487
11567,3.3407006739187,0.2263820955717,0.4889496102853,0.3189164497225,1622.2561948897596,15.1439384097487
11568,3.3406763857955,0.2263820955717,0.4887124097848,0.3188313915828,1622.2561948897596,15.1439384097487
11569,3.3405689562201,0.2263940010319,0.4880170196289,0.3185866201745,1622.2561948897596,15.1439384097487
11570,3.3406174742865,0.2263940010319,0.4880097546925,0.3185847120817,1622.2561948897596,15.1439384097487
11571,3.3404537586588,0.2263940010319,0.4877111760595,0.3184757602905,1622.2561948897596,15.1439384097487
11572,3.3405461665267,0.2263471670117,0.4877178747700,0.3184593885293,1622.2561948897596,15.1439384097487
11573,3.3405424505779,0.2264055814473,0.4875224516292,0.3184145767281,1622.2561948897596,15.1439384097487
11580,3.3404290968211,0.2260395257314,0.4878534103967,0.3183742913188,1622.2561948897596,15.1439384097487
11583,3.3403535558692,0.2259218925118,0.4879619821579,0.3183615838114,1622.2561948897596,15.1439384097487
11584,3.3404743382539,0.2258788268094,0.4880030451132,0.3183595014856,1622.2561948897596,15.1439384097487
11585,3.3405622600563,0.2258788268094,0.4878975663031,0.3183230745696,1622.2561948897596,15.1439384097487
11586,3.3405790914979,0.2258788268094,0.4877847642962,0.3182830263023,1622.2561948897596,15.1439384097487
11587,3.3405509948792,0.2257650996385,0.4878459208960,0.3182557301638,1622.2561948897596,15.1439384097487
11590,3.3406475090853,0.2257650996385,0.4876926654054,0.3182023617295,1622.2561948897596,15.1439384097487
11591,3.3407555990205,0.2257650996385,0.4875297963778,0.3181457236850,1622.2561948897596,15.1439384097487
11592,3.3407576704948,0.2257650996385,0.4875244559777,0.3181438457105,1622.2561948897596,15.1439384097487
11593,3.3408696921377,0.2257650996385,0.4875060336736,0.3181388514149,1622.2561948897596,15.1439384097487
11594,3.3408277887673,0.2257650996385,0.4873533809883,0.3180837396689,1622.2561948897596,15.1439384097487
11595,3.3409464073357,0.2257650996385,0.4873204286577,0.3180736494241,1622.2561948897596,15.1439384097487
11597,3.3408528314680,0.2257182656183,0.4873414022018,0.3180597441604,1622.2561948897596,15.1439384097487
11598,3.3407360746761,0.2257182656183,0.4872021927892,0.3180083744122,1622.2561948897596,15.1439384097487
11619,3.3401165794233,0.2253172978702,0.4876726919658,0.3179958006955,1622.2561948897596,15.1439384097487
11624,3.3401984334949,0.2250351974107,0.4879806568030,0.3179860461701,1622.2561948897596,15.1439384097487
11626,3.3402345391768,0.2250351974107,0.4876569370053,0.3178709428496,1622.2561948897596,15.1439384097487
11627,3.3403995111477,0.2250351974107,0.4875055983599,0.3178192276757,1622.2561948897596,15.1439384097487
11628,3.3405239952487,0.2250351974107,0.4874645354046,0.3178063237763,1622.2561948897596,15.1439384097487
11629,3.3404972652140,0.2250351974107,0.4874010191161,0.3177832611593,1622.2561948897596,15.1439384097487
11630,3.3405673758682,0.2250351974107,0.4870088095278,0.3176441783674,1622.2561948897596,15.1439384097487
11631,3.3405961974901,0.2249883633905,0.4870566703023,0.3176416076022,1622.2561948897596,15.1439384097487
11634,3.3407409242062,0.2248707301709,0.4869863125423,0.3175681134671,1622.2561948897596,15.1439384097487
11688,3.3415055787834,0.2240593738801,0.4879279670876,0.3175675143484,1589.8110709919645,15.1439384097487
11689,3.3414971425169,0.2240593738801,0.4879170971729,0.3175635128633,1589.8110709919645,15.1439384097487
11692,3.3415513191889,0.2240593738801,0.4876857004994,0.3174816377905,1589.8110709919645,15.1439384097487
11693,3.3415821735116,0.2240163081777,0.4877353900614,0.3174813639196,1589.8110709919645,15.1439384097487
11694,3.3415492490903,0.2239879576462,0.4868842360581,0.3171647642409,1589.8110709919645,15.1439384097487
11695,3.3416198408977,0.2239879576462,0.4867399796734,0.3171142429729,1589.8110709919645,15.1439384097487
11704,3.3414728586198,0.2239411236260,0.4867260291424,0.3170871091280,1589.8110709919645,15.1439384097487
11705,3.3415654085623,0.2238942896058,0.4866945128422,0.3170570911591,1589.8110709919645,15.1439384097487
11707,3.3414203964616,0.2237298223659,0.4868767429580,0.3170496354718,1589.8110709919645,15.1439384097487
11708,3.3414712437908,0.2237298223659,0.4862668621805,0.3168325403947,1589.8110709919645,15.1439384097487
11709,3.3413803224272,0.2237298223659,0.4862605167965,0.3168289876550,1589.8110709919645,15.1439384097487
11711,3.3413578548961,0.2236121891463,0.4863964037341,0.3168267865530,1589.8110709919645,15.1439384097487
11712,3.3413816547166,0.2236121891463,0.4863523008737,0.3168113722973,1589.8110709919645,15.1439384097487
11713,3.3413735680151,0.2234945559267,0.4864804744741,0.3168066199200,1589.8110709919645,15.1439384097487
11714,3.3413726464276,0.2234477219064,0.4864912592638,0.3167903868672,1589.8110709919645,15.1439384097487
11715,3.3414102329900,0.2233300886868,0.4865804693641,0.3167723652277,1589.8110709919645,15.1439384097487
11716,3.3413798896566,0.2232832546666,0.4865483636394,0.3167403978183,1589.8110709919645,15.1439384097487
11718,3.3413362044161,0.2232832546666,0.4862057380420,0.3166174133903,1589.8110709919645,15.1439384097487
11719,3.3414496983037,0.2232832546666,0.4859901388467,0.3165420196086,1589.8110709919645,15.1439384097487
11720,3.3413609038802,0.2232832546666,0.4859650621090,0.3165318071957,1589.8110709919645,15.1439384097487
11726,3.3413575536822,0.2231187874267,0.4859230480657,0.3164462688152,1589.8110709919645,15.1439384097487
11727,3.3414117830017,0.2231187874267,0.4857757664322,0.3163944355731,1589.8110709919645,15.1439384097487
11730,3.3414995071950,0.2231187874267,0.4854409280559,0.3162760917301,1589.8110709919645,15.1439384097487
11731,3.3415644091535,0.2231187874267,0.4848525904007,0.3160668894974,1526.8545525806826,15.1439384097487
11732,3.3414814529577,0.2231187874267,0.4848368884227,0.3160601078235,1526.8545525806826,15.1439384097487
11735,3.3414591927374,0.2229543201869,0.4850010551577,0.3160479378597,1526.8545525806826,15.1439384097487
11737,3.3414226744642,0.2229074861666,0.4849752244587,0.3160181241560,1526.8545525806826,15.1439384097487
11740,3.3414797669041,0.2229074861666,0.4849093965025,0.3159954220258,1526.8545525806826,15.1439384097487
11741,3.3415022354247,0.2227898529470,0.4849423596438,0.3159570982674,1526.8545525806826,15.1439384097487
11744,3.3415144172537,0.2227545993421,0.4848312822522,0.3159024914546,1526.8545525806826,15.1439384097487
19339,3.4488173803478,0.0832962635167,0.5670563791844,0.2870190690325,103.9598718423827,15.1439384097487
19340,3.4488104177403,0.0833326134598,0.5666657203925,0.2868950280620,103.9598718423827,15.1439384097487
19341,3.4489483317855,0.0832857794395,0.5666786424502,0.2868815228341,103.9598718423827,15.1439384097487
19342,3.4489468071219,0.0832494294965,0.5665190259554,0.2868089168222,103.9598718423827,15.1439384097487
19343,3.4489062378274,0.0832025954763,0.5663709241072,0.2867353775292,103.9598718423827,15.1439384097487
22980,3.4894124817107,0.0422410027445,0.5586020925758,0.2669789871640,27.9615122297916,15.1439384097487
22981,3.4894638722408,0.0422410027445,0.5585369980328,0.2669564662855,27.9615122297916,15.1439384097487
22982,3.4894733682274,0.0422410027445,0.5579465548368,0.2667457280831,27.9615122297916,15.1439384097487
23053,3.4914753156490,0.0416406226689,0.4666104480156,0.2338967116079,27.4022819851958,15.1439384097487
23061,3.4916140092758,0.0414637706652,0.4666978423504,0.2338540926600,27.4022819851958,15.1439384097487
23062,3.4916820179434,0.0414637706652,0.4663465896034,0.2337296075684,27.4022819851958,15.1439384097487
23063,3.4917851482085,0.0414169366450,0.4662544980563,0.2336781052936,27.4022819851958,15.1439384097487
23065,3.4919367234540,0.0413730665940,0.4662903499934,0.2336742528860,27.4022819851958,15.1439384097487
23066,3.4919296590886,0.0413238856390,0.4661395135653,0.2335992052207,27.4022819851958,15.1439384097487
23067,3.4918991298423,0.0413238856390,0.4661370177573,0.2335978818739,27.4022819851958,15.1439384097487
23070,3.4919767637641,0.0413026089673,0.3827852143531,0.2038213605993,27.4022819851958,15.1439384097487
23071,3.4920389252858,0.0413026089673,0.3812961157247,0.2032904192420,27.4022819851958,15.1439384097487
23072,3.4919991111408,0.0411849757477,0.3813714152649,0.2032663343304,27.4022819851958,15.1439384097487
23073,3.4919785348655,0.0411849757477,0.3810320109742,0.2031448273594,27.4022819851958,15.1439384097487
23075,3.4920630361115,0.0411849757477,0.3809768894804,0.2031263367986,27.4022819851958,15.1439384097487
23076,3.4920765167834,0.0411758965258,0.3809661046908,0.2031187847435,27.4022819851958,15.1439384097487
23077,3.4920082588184,0.0411758965258,0.3809146051557,0.2030994262068,27.4022819851958,15.1439384097487
23078,3.4919791813288,0.0410582633062,0.3807350224864,0.2029844638576,27.4022819851958,15.1439384097487
23079,3.4919599635167,0.0411160607072,0.3805976708031,0.2029599080690,27.4022819851958,15.1439384097487
23080,3.4920100594492,0.0411160607072,0.3805787304312,0.2029538525046,27.4022819851958,15.1439384097487
23081,3.4920826627601,0.0411160607072,0.3805716419852,0.2029523482487,27.4022819851958,15.1439384097487
23094,3.4920020769700,0.0412861473684,0.3078615621636,0.1770562165980,27.4022819851958,15.1439384097487
23095,3.4919230762804,0.0412028256742,0.3079202906278,0.1770403638975,27.4022819851958,15.1439384097487
23105,3.4921878504425,0.0410956765318,0.3079778631923,0.1770187510033,27.4022819851958,15.1439384097487
23110,3.4919340987537,0.0410488425116,0.3080385985287,0.1770167799025,27.4022819851958,15.1439384097487
23111,3.4919730454750,0.0410488425116,0.3079502474717,0.1769857770471,27.4022819851958,15.1439384097487
23113,3.4921208112710,0.0410488425116,0.3075162025846,0.1768328518921,27.4022819851958,15.1439384097487
23114,3.4921944902662,0.0410488425116,0.3074683849245,0.1768168167092,27.4022819851958,15.1439384097487
23115,3.4921553082564,0.0410488425116,0.3074249180110,0.1768007383887,27.4022819851958,15.1439384097487
23117,3.4924258849485,0.0410020084914,0.3073906599804,0.1767722602969,27.4022819851958,15.1439384097487
23118,3.4924878884465,0.0410020084914,0.3073605938434,0.1767623997362,27.4022819851958,15.1439384097487
23128,3.4929812659743,0.0409594055648,0.3072864423461,0.1767246399205,26.3171516185820,15.1439384097487
23133,3.4933634609712,0.0408164023107,0.3073005204196,0.1766737887286,26.3171516185820,15.1439384097487
23238,3.4941754443757,0.0405152343834,0.2513069041653,0.1565584861797,25.7908085862104,15.1439384097487
23239,3.4941423686953,0.0405620684037,0.2507832890164,0.1563910844737,25.7908085862104,15.1439384097487
25822,3.5218350956135,0.0218426300672,0.2432850206868,0.1460823653002,10.3905458810971,15.1439384097487
25826,3.5221761196455,0.0218141087494,0.2432697151342,0.1460695010767,10.3905458810971,15.1439384097487
25827,3.5221147000204,0.0218095856662,0.2431977277210,0.1460409837384,10.3905458810971,15.1439384097487
25834,3.5222798091756,0.0218045667517,0.2431606632147,0.1460279317349,10.3905458810971,15.1439384097487
25835,3.5221466999893,0.0218517092891,0.2423729452874,0.1457649243623,10.3905458810971,15.1439384097487
25860,3.5223470905433,0.0217278065583,0.2423280815079,0.1456986359264,9.9790802642057,15.1439384097487
25862,3.5223209026171,0.0217278065583,0.2423023528670,0.1456890765687,9.9790802642057,15.1439384097487
25863,3.5222214483520,0.0217278065583,0.2422956675709,0.1456852816918,9.9790802642057,15.1439384097487
25864,3.5222131080810,0.0217278065583,0.2420918297492,0.1456123644554,9.9790802642057,15.1439384097487
25865,3.5223379303573,0.0217295199309,0.2420659031495,0.1456056054849,9.9790802642057,15.1439384097487
25867,3.5223445479373,0.0218029911100,0.2405874260355,0.1451091592307,9.9790802642057,15.1439384097487
25868,3.5224120307177,0.0218029911100,0.2403601689028,0.1450289508459,9.9790802642057,15.1439384097487
25870,3.5223808882026,0.0217823149451,0.2403378467287,0.1450116767628,9.9790802642057,15.1439384097487
25872,3.5223860093039,0.0217823149451,0.2403255103209,0.1450073433661,9.9790802642057,15.1439384097487
25873,3.5223466291235,0.0217354809248,0.2403034404270,0.1449788323113,9.9790802642057,15.1439384097487
25874,3.5222567491274,0.0217823149451,0.2401443271627,0.1449408060725,9.9790802642057,15.1439384097487
25897,3.5228712804775,0.0218421177082,0.2399746251683,0.1449145235504,9.9790802642057,15.1439384097487
25898,3.5229684298444,0.0217244844886,0.2399790813707,0.1448670754713,9.9790802642057,15.1439384097487
25907,3.5231695358921,0.0216685712465,0.2400058884873,0.1448555322606,9.9790802642057,15.1439384097487
25908,3.5231126111097,0.0216685712465,0.2395838796721,0.1447040093447,9.9790802642057,15.1439384097487
25910,3.5232881250980,0.0216217372263,0.2394313056474,0.1446319304099,9.9790802642057,15.1439384097487
25923,3.5234361285726,0.0214276688582,0.2390360538109,0.1444096911212,9.9790802642057,15.1439384097487
25924,3.5235335109129,0.0214276688582,0.2389412639693,0.1443772155599,9.9790802642057,15.1439384097487
25925,3.5235628732883,0.0214695004916,0.2388732407559,0.1443712648737,9.9790802642057,15.1439384097487
25928,3.5235590766745,0.0213050332518,0.2390172355180,0.1443521518927,9.7794986589216,15.1439384097487
25929,3.5235630565627,0.0213924317810,0.2388575792389,0.1443326446207,9.7794986589216,15.1439384097487
25931,3.5236411368366,0.0213639435186,0.2386928039991,0.1442626918961,9.7794986589216,15.1439384097487
25932,3.5236497542624,0.0213639435186,0.2386389158501,0.1442435680646,9.7794986589216,15.1439384097487
25933,3.5235886916522,0.0213854075043,0.2386064080946,0.1442402929711,9.7794986589216,15.1439384097487
25935,3.5232465570322,0.0213749234271,0.2386216454766,0.1442364005353,9.7794986589216,15.1439384097487
25936,3.5233071387342,0.0213749234271,0.2385199496175,0.1442009378127,9.7794986589216,15.1439384097487
26001,3.5238021775260,0.0212665236880,0.2384306166586,0.1441295809192,9.7794986589216,15.1439384097487
26107,3.5227849770152,0.0214182811191,0.1868161982306,0.1257465056320,9.2043859017877,15.1439384097487
26108,3.5227924721917,0.0213828897832,0.1868153363568,0.1257311361608,9.2043859017877,15.1439384097487
26109,3.5228406108400,0.0213828897832,0.1868000355743,0.1257263527543,9.2043859017877,15.1439384097487
26110,3.5228976096875,0.0214297238035,0.1866887952588,0.1257075023230,9.2043859017877,15.1439384097487
26115,3.5230181768005,0.0213509251925,0.1867220965818,0.1256873308359,9.2043859017877,15.1439384097487
26116,3.5231276014524,0.0212332919729,0.1867461953220,0.1256470716434,9.2043859017877,15.1439384097487
26163,3.5243100995811,0.0206568936042,0.1873258658912,0.1256238012437,9.2043859017877,15.1439384097487
26164,3.5243036334942,0.0207745268238,0.1869885222944,0.1255536441300,9.2043859017877,15.1439384097487
26166,3.5242107884802,0.0208255919377,0.1867588798205,0.1254922002588,9.2043859017877,15.1439384097487
26168,3.5242879870784,0.0207079587181,0.1868840148245,0.1254875694497,9.2043859017877,15.1439384097487
26169,3.5244209458137,0.0207079587181,0.1868738194045,0.1254858095855,9.2043859017877,15.1439384097487
41178,3.6063703853631,0.0049457243234,0.1734892417877,0.1151099390630,0.0426708164655,15.1439384097487
41179,3.6065635481055,0.0049562249283,0.1732290958739,0.1150242633072,0.0426708164655,15.1439384097487
41183,3.6066161179973,0.0049894235880,0.1729927136838,0.1149548129540,0.0426708164655,15.1439384097487
41184,3.6066501464190,0.0049803443661,0.1728927187938,0.1149156908980,0.0426708164655,15.1439384097487
41185,3.6067237337162,0.0049803443661,0.1723738651094,0.1147314272661,0.0426708164655,15.1439384097487
41189,3.6068664744233,0.0048064893871,0.1310549659726,0.0999021880691,0.0426708164655,15.1439384097487
41190,3.6067313706084,0.0048064893871,0.1310462315202,0.0998971569119,0.0426708164655,15.1439384097487
41191,3.6067782722411,0.0048155686090,0.1310196916014,0.0998922331195,0.0426708164655,15.1439384097487
41192,3.6067021242676,0.0048155686090,0.1309486875467,0.0998657970398,0.0426708164655,15.1439384097487
41249,3.6064102453576,0.0047493090205,0.1309516326049,0.0998343218128,0.0426708164655,15.1439384097487
41250,3.6063593039704,0.0047493090205,0.1304343993439,0.0996488748310,0.0426708164655,15.1439384097487
41251,3.6061874994299,0.0047024750003,0.1304369560909,0.0996272852092,0.0426708164655,15.1439384097487
41290,3.6058673476041,0.0045522601555,0.1304042116089,0.0995466828338,0.0418174001362,15.1439384097487
41293,3.6059793698919,0.0045256229966,0.1302770112545,0.0994914233184,0.0418174001362,15.1439384097487
41295,3.6058592266863,0.0044787889764,0.1302592852874,0.0994633208746,0.0418174001362,15.1439384097487
41307,3.6053513215291,0.0046185032162,0.1299879947653,0.0994191221099,0.0418174001362,15.1439384097487
41308,3.6053855118096,0.0046094239943,0.1299220884819,0.0993921768466,0.0418174001362,15.1439384097487
41309,3.6054141716423,0.0046094239943,0.1299106589902,0.0993885004200,0.0418174001362,15.1439384097487
41310,3.6054043036353,0.0046361988841,0.1298732886397,0.0993864891874,0.0418174001362,15.1439384097487
41323,3.6055531367926,0.0046090989494,0.1290461263355,0.0990815658001,0.0409810521335,15.1439384097487
41325,3.6055151506949,0.0044480749824,0.1292408066353,0.0990815467064,0.0409810521335,15.1439384097487
41326,3.6053591270122,0.0044012409622,0.1293026144237,0.0990813414689,0.0409810521335,15.1439384097487
41327,3.6053653901316,0.0044012409622,0.1291908969619,0.0990415309981,0.0409810521335,15.1439384097487
41328,3.6053895187006,0.0044162811780,0.1290151523253,0.0989855522809,0.0409810521335,15.1439384097487
41329,3.6053147675884,0.0043697722028,0.1290113936052,0.0989632197397,0.0409810521335,15.1439384097487
41331,3.6053540968203,0.0043263814554,0.1285463815190,0.0987791044660,0.0409810521335,15.1439384097487
41332,3.6053128834601,0.0044137799846,0.1284397266336,0.0987778867817,0.0409810521335,15.1439384097487
41333,3.6053665684046,0.0044213000926,0.1284104344147,0.0987714078168,0.0409810521335,15.1439384097487
41334,3.6053850258510,0.0044247433654,0.1282438026850,0.0987136333447,0.0409810521335,15.1439384097487
41335,3.6054647660475,0.0044247433654,0.1282191985029,0.0987059744553,0.0409810521335,15.1439384097487
41517,3.6047643932985,0.0047290625761,0.0989069330917,0.0883578205283,0.0377996176513,15.1439384097487
41518,3.6046384908922,0.0047290625761,0.0987204970444,0.0882894547151,0.0377996176513,15.1439384097487
41525,3.6046300572830,0.0046023501346,0.0986155032141,0.0881975322515,0.0377996176513,15.1439384097487
41526,3.6045235547659,0.0046023501346,0.0986151329491,0.0881958930105,0.0377996176513,15.1439384097487
41527,3.6044521206644,0.0046023501346,0.0985976719567,0.0881886461541,0.0377996176513,15.1439384097487
41528,3.6045461273730,0.0045555161143,0.0986025891451,0.0881716607584,0.0377996176513,15.1439384097487
41529,3.6044679439194,0.0045086820941,0.0982929103291,0.0880398831677,0.0377996176513,15.1439384097487
41531,3.6043777127769,0.0046023501346,0.0967492203155,0.0875274319870,0.0377996176513,15.1439384097487
41859,3.6056992699319,0.0048932047710,0.0962582649542,0.0874954427188,0.0334845032959,15.1439384097487
41860,3.6056586531491,0.0048932047710,0.0962165781711,0.0874799798572,0.0334845032959,15.1439384097487
41862,3.6056890652011,0.0048463707507,0.0961955063332,0.0874528128064,0.0334845032959,15.1439384097487
41863,3.6057514482351,0.0048882023841,0.0960810960785,0.0874307625598,0.0334845032959,15.1439384097487
41864,3.6055869471189,0.0048882023841,0.0954375116705,0.0871985833057,0.0334845032959,15.1439384097487
41865,3.6055127553468,0.0048249232927,0.0951325340354,0.0870614933025,0.0334845032959,15.1439384097487
42175,3.6073493869988,0.0047505430895,0.0775391900835,0.0807722671618,0.0302673388997,15.1439384097487
42192,3.6080909573273,0.0048877561360,0.0773193442144,0.0807630495418,0.0302673388997,15.1439384097487
42193,3.6080049212064,0.0048877561360,0.0772781246621,0.0807471108677,0.0302673388997,15.1439384097487
42196,3.6082001362090,0.0048973146615,0.0760664412292,0.0803212255747,0.0296619921217,15.1439384097487
42197,3.6082096276565,0.0049391297672,0.0757007748204,0.0802086854916,0.0296619921217,15.1439384097487
42198,3.6082530189748,0.0049391297672,0.0756984711995,0.0802084767541,0.0296619921217,15.1439384097487
42208,3.6081935108410,0.0049945802334,0.0755775117280,0.0801881993923,0.0296619921217,15.1439384097487
42209,3.6081561471644,0.0049403803639,0.0755121201880,0.0801410880618,0.0296619921217,15.1439384097487
42213,3.6084443470675,0.0048935463436,0.0753183432656,0.0800558883045,0.0296619921217,15.1439384097487
42216,3.6084607549392,0.0048916621847,0.0752713208595,0.0800385192616,0.0296619921217,15.1439384097487
42217,3.6085761390793,0.0048448281645,0.0752592430130,0.0800157666999,0.0296619921217,15.1439384097487
42219,3.6086018011760,0.0048145934741,0.0752815084513,0.0800111240347,0.0296619921217,15.1439384097487
42220,3.6085442315638,0.0048145934741,0.0752276971756,0.0799910911158,0.0296619921217,15.1439384097487
42221,3.6086550241706,0.0047715277717,0.0752213197584,0.0799719244451,0.0296619921217,15.1439384097487
42223,3.6087250064662,0.0046778597312,0.0749176340575,0.0798243120651,0.0296619921217,15.1439384097487
42225,3.6088136072400,0.0046778597312,0.0748033373057,0.0797847454917,0.0296619921217,15.1439384097487
42239,3.6091931119504,0.0047810697695,0.0744147622281,0.0796955715180,0.0296619921217,15.1439384097487
42254,3.6097070662770,0.0046767633931,0.0744208310399,0.0796603086373,0.0296619921217,15.1439384097487
42255,3.6097322267426,0.0046148891570,0.0744263493289,0.0796361179440,0.0296619921217,15.1439384097487
42256,3.6095152614659,0.0045680551368,0.0744891325885,0.0796353987696,0.0296619921217,15.1439384097487
42263,3.6093590464984,0.0046488921652,0.0743146384985,0.0796055134612,0.0296619921217,15.1439384097487
42270,3.6093567876533,0.0045485083654,0.0743831832681,0.0795869401450,0.0296619921217,15.1439384097487
42272,3.6093071633100,0.0045953423856,0.0743047880966,0.0795783114113,0.0296619921217,15.1439384097487
42276,3.6094170274067,0.0045726278032,0.0742733348866,0.0795588978706,0.0296619921217,15.1439384097487
42277,3.6094004295078,0.0045726278032,0.0742082007115,0.0795354008060,0.0296619921217,15.1439384097487
42397,3.6080923227482,0.0042712395064,0.0744230663427,0.0794644624955,0.0279176296890,15.1439384097487
42398,3.6082933145688,0.0042712395064,0.0742614223247,0.0794095765099,0.0279176296890,15.1439384097487
42399,3.6082325736009,0.0042712395064,0.0742473586514,0.0794036942888,0.0279176296890,15.1439384097487
42401,3.6081941385427,0.0042621602845,0.0742469883864,0.0793991271027,0.0279176296890,15.1439384097487
42413,3.6082985092047,0.0045845167357,0.0738242952588,0.0793877948741,0.0279176296890,15.1439384097487
42414,3.6083340522799,0.0045845167357,0.0738167811328,0.0793856141898,0.0279176296890,15.1439384097487
42415,3.6082796650799,0.0046313507559,0.0736702031300,0.0793525670508,0.0279176296890,15.1439384097487
42416,3.6083975850079,0.0046418348332,0.0735465658693,0.0793145726213,0.0279176296890,15.1439384097487
42417,3.6083661287649,0.0045950008129,0.0735940958267,0.0793110307794,0.0279176296890,15.1439384097487
42421,3.6084779876001,0.0045215296338,0.0736607234832,0.0793049215178,0.0279176296890,15.1439384097487
42422,3.6086777926205,0.0044746956136,0.0735130033939,0.0792349198478,0.0279176296890,15.1439384097487
42423,3.6086411787912,0.0044746956136,0.0732822990760,0.0791520073653,0.0279176296890,15.1439384097487
42430,3.6083016115728,0.0043401545469,0.0734511007719,0.0791498283747,0.0279176296890,15.1439384097487
42431,3.6083812574933,0.0043869885671,0.0733560699438,0.0791370875007,0.0279176296890,15.1439384097487
45174,3.6195070934112,0.0055249819859,0.0707833645437,0.0788634054418,0.0105859582181,15.1439384097487
45178,3.6197160218705,0.0055082118697,0.0707783616470,0.0788573878241,0.0105859582181,15.1439384097487
45179,3.6196864173853,0.0054613778495,0.0708210543365,0.0788521445887,0.0105859582181,15.1439384097487
45206,3.6190592214574,0.0056288090586,0.0705259802133,0.0788096424254,0.0103742390537,15.1439384097487
45362,3.6199308120132,0.0047691808369,0.0714497802723,0.0787834918709,0.0097641508034,15.1439384097487
45386,3.6194977520746,0.0048091283114,0.0713641148319,0.0787638896478,0.0097641508034,15.1439384097487
45389,3.6194749976529,0.0046914950918,0.0711977680340,0.0786537438666,0.0097641508034,15.1439384097487
45393,3.6196122496560,0.0047624485498,0.0708354838366,0.0785567073848,0.0095688677874,15.1439384097487
45394,3.6197581445065,0.0047624485498,0.0705579498687,0.0784596525129,0.0095688677874,15.1439384097487
45395,3.6196924986805,0.0047214047372,0.0705391436392,0.0784344169129,0.0095688677874,15.1439384097487
45396,3.6198239719280,0.0047214047372,0.0703558605349,0.0783708189990,0.0095688677874,15.1439384097487
45402,3.6197585207401,0.0046750334929,0.0702389331909,0.0783082597129,0.0095688677874,15.1439384097487
45405,3.6195770012819,0.0046750334929,0.0699063419023,0.0781869086217,0.0095688677874,15.1439384097487
45421,3.6198062301734,0.0047140388879,0.0698442094291,0.0781846786240,0.0095688677874,15.1439384097487
45425,3.6196725930532,0.0046523189104,0.0699115942195,0.0781804022454,0.0095688677874,15.1439384097487
45428,3.6197325735647,0.0046877102462,0.0695892236118,0.0780812863211,0.0095688677874,15.1439384097487
45434,3.6196968955570,0.0046278744277,0.0693075468422,0.0779545387111,0.0095688677874,15.1439384097487
45435,3.6196645125809,0.0046130049981,0.0692726751991,0.0779352537233,0.0095688677874,15.1439384097487
45436,3.6197252292102,0.0046130049981,0.0691839434008,0.0779044229315,0.0095688677874,15.1439384097487
45437,3.6197837229226,0.0046130049981,0.0691814475929,0.0779043592537,0.0095688677874,15.1439384097487
45438,3.6197936316869,0.0045896733812,0.0692059172239,0.0779032393515,0.0095688677874,15.1439384097487
45440,3.6197476591505,0.0044720401615,0.0691770907714,0.0778418794446,0.0095688677874,15.1439384097487
45441,3.6197647655743,0.0044720401615,0.0688632916265,0.0777300503762,0.0095688677874,15.1439384097487
45442,3.6197959256965,0.0044720401615,0.0687781287953,0.0777000759930,0.0095688677874,15.1439384097487
45443,3.6198442777500,0.0044137799846,0.0688165587123,0.0776895164944,0.0095688677874,15.1439384097487
45445,3.6198711467833,0.0044266275243,0.0687814720245,0.0776828718180,0.0093774904316,15.1439384097487
45455,3.6199935448331,0.0043389039502,0.0687751509245,0.0776447503889,0.0093774904316,15.1439384097487
45456,3.6200125497917,0.0043389039502,0.0687690478318,0.0776428396319,0.0093774904316,15.1439384097487
45479,3.6200305982646,0.0044714396548,0.0685586719680,0.0776247617958,0.0093774904316,15.1439384097487
45480,3.6202541435648,0.0045179651577,0.0684592648573,0.0776123619085,0.0093774904316,15.1439384097487
45713,3.6230723299173,0.0043617893189,0.0683527488966,0.0775472651398,0.0086494985948,15.1439384097487
45721,3.6229765261059,0.0044554573594,0.0680595727586,0.0774813472046,0.0086494985948,15.1439384097487
46088,3.6236083434960,0.0046946133197,0.0674908594166,0.0773896708821,0.0075088505800,15.1439384097487
47520,3.6258713668965,0.0048457702439,0.0671543318577,0.0773662856367,0.0045313264862,15.1439384097487
47521,3.6258471531308,0.0047965892889,0.0670109136224,0.0772936446631,0.0045313264862,15.1439384097487
47522,3.6256125341266,0.0049142225085,0.0665137813920,0.0771631918317,0.0045313264862,15.1439384097487
47638,3.6263112931755,0.0049088620213,0.0664593686315,0.0771513487450,0.0043518859573,15.1439384097487
47639,3.6262167955309,0.0048886651600,0.0663932666560,0.0771177479636,0.0043518859573,15.1439384097487
47709,3.6259437591056,0.0043122337358,0.0663040977769,0.0768349964493,0.0042648482382,15.1439384097487
47711,3.6261059194484,0.0043122337358,0.0660271818967,0.0767383924786,0.0042648482382,15.1439384097487
47808,3.6262826428376,0.0041322469765,0.0660619745224,0.0766761818579,0.0040959602480,15.1439384097487
48406,3.6294977344919,0.0049635081391,0.0648389895032,0.0766411496095,0.0033466977367,15.1439384097487
48419,3.6294577461947,0.0047240436615,0.0650957277911,0.0766296483902,0.0033466977367,15.1439384097487
48421,3.6294346052851,0.0048393299464,0.0649448913630,0.0766248592028,0.0033466977367,15.1439384097487
48422,3.6293487975106,0.0048393299464,0.0649480904648,0.0766247875649,0.0033466977367,15.1439384097487
48423,3.6294500855636,0.0047924959261,0.0649294994036,0.0765995093964,0.0033466977367,15.1439384097487
48430,3.6292786593730,0.0047187327575,0.0649748138850,0.0765816546840,0.0033466977367,15.1439384097487
48434,3.6292561824401,0.0047655667777,0.0647710927602,0.0765286508153,0.0033466977367,15.1439384097487
48438,3.6292745129735,0.0047027504621,0.0648328075824,0.0765240299210,0.0033466977367,15.1439384097487
48439,3.6292777683949,0.0046523189104,0.0648253893896,0.0764998131082,0.0033466977367,15.1439384097487
48440,3.6294322465540,0.0046408762260,0.0648036596685,0.0764893343416,0.0033466977367,15.1439384097487
48441,3.6294162409663,0.0046408762260,0.0647619728854,0.0764742197268,0.0033466977367,15.1439384097487
48442,3.6294305625194,0.0045599014666,0.0647585278560,0.0764384885398,0.0033466977367,15.1439384097487
48527,3.6297161598616,0.0047342357492,0.0641984113735,0.0763172028147,0.0032141685063,15.1439384097487
49318,3.6303123277696,0.0045568162942,0.0642685847821,0.0762746635730,0.0024223321933,15.1439384097487
49319,3.6303787935181,0.0045364651742,0.0638902383821,0.0761317584361,0.0024223321933,15.1439384097487
49322,3.6304927652967,0.0045742199725,0.0637902870865,0.0761138548657,0.0024223321933,15.1439384097487
49323,3.6304812416741,0.0045742199725,0.0637566588628,0.0761016817273,0.0024223321933,15.1439384097487
49324,3.6305652112691,0.0045742199725,0.0637131910458,0.0760873456711,0.0024223321933,15.1439384097487
49325,3.6305062864058,0.0045049798871,0.0636583949423,0.0760372675289,0.0024223321933,15.1439384097487
49355,3.6305142329036,0.0046459447237,0.0631698940656,0.0759233288739,0.0023738855495,15.1439384097487
49374,3.6306221256241,0.0046363696705,0.0629776088100,0.0758520786489,0.0023738855495,15.1439384097487
49375,3.6306149642050,0.0046470080063,0.0629468966219,0.0758455679635,0.0023738855495,15.1439384097487
49399,3.6302559922196,0.0044601677567,0.0629875482209,0.0757749325694,0.0023738855495,15.1439384097487
49731,3.6312762074731,0.0045641325603,0.0625992188233,0.0756952358208,0.0021028884270,15.1439384097487
49752,3.6312120393128,0.0044624981638,0.0625054145536,0.0756172687222,0.0021028884270,15.1439384097487
49918,3.6319372440199,0.0036022198521,0.0631335423967,0.0754831709878,0.0019792217644,15.1439384097487
50050,3.6311745223274,0.0043184150993,0.0623038255022,0.0754829918848,0.0018628276909,15.1439384097487
50052,3.6313151167371,0.0043184150993,0.0622544764705,0.0754673566321,0.0018628276909,15.1439384097487
50053,3.6312530601916,0.0042762749486,0.0622903688603,0.0754612371822,0.0018628276909,15.1439384097487
50055,3.6310487525918,0.0041826069082,0.0623446987461,0.0754376063281,0.0018628276909,15.1439384097487
50056,3.6311536357766,0.0041826069082,0.0623376562558,0.0754365752430,0.0018628276909,15.1439384097487
50163,3.6312841239868,0.0037922774959,0.0627018671094,0.0754012129135,0.0017890597143,15.1439384097487
50166,3.6313386583938,0.0037340007913,0.0625388759332,0.0753187977068,0.0017890597143,15.1439384097487
50167,3.6312938117797,0.0037808348115,0.0624569868560,0.0753089887542,0.0017890597143,15.1439384097487
50168,3.6314402146872,0.0037823939255,0.0624449600747,0.0753074332582,0.0017890597143,15.1439384097487
50288,3.6325224762770,0.0039061093423,0.0621722926324,0.0752783868507,0.0017532785201,15.1439384097487
50289,3.6325866508254,0.0039529433625,0.0620619128420,0.0752599452855,0.0017532785201,15.1439384097487
50290,3.6325910406752,0.0039997773828,0.0619341824807,0.0752344611383,0.0017532785201,15.1439384097487
50324,3.6329494547680,0.0039987141001,0.0618822383741,0.0752205255145,0.0016838486907,15.1439384097487
50350,3.6329356590970,0.0042107866533,0.0612824996496,0.0750970261422,0.0016838486907,15.1439384097487
50352,3.6329631139131,0.0041639526331,0.0613129561723,0.0750882202326,0.0016838486907,15.1439384097487
50354,3.6330808079344,0.0041186777268,0.0613500711904,0.0750837374275,0.0016838486907,15.1439384097487
50356,3.6330236465904,0.0041559532216,0.0612668483675,0.0750691813736,0.0016838486907,15.1439384097487
50357,3.6329938328658,0.0041543941076,0.0612540384445,0.0750635163472,0.0016838486907,15.1439384097487
50368,3.6335248864006,0.0041330678528,0.0610455199464,0.0749874200034,0.0016838486907,15.1439384097487
50369,3.6334204427832,0.0040862338325,0.0610688255571,0.0749741938427,0.0016838486907,15.1439384097487
50585,3.6339694736054,0.0039040874525,0.0612408539080,0.0749653385545,0.0015531284185,15.1439384097487
50586,3.6340097084881,0.0039040874525,0.0612258862832,0.0749605622951,0.0015531284185,15.1439384097487
50587,3.6338802731900,0.0040096609532,0.0610862932043,0.0749541219093,0.0015531284185,15.1439384097487
50588,3.6338878943779,0.0040096609532,0.0609327741480,0.0748994015142,0.0015531284185,15.1439384097487
50592,3.6337726544452,0.0040851540222,0.0607809668773,0.0748759081669,0.0015531284185,15.1439384097487
50593,3.6337696962850,0.0040835949082,0.0606996703165,0.0748461636314,0.0015531284185,15.1439384097487
50833,3.6326273139879,0.0039397873056,0.0608709407713,0.0748295351883,0.0014039050776,15.1439384097487
50839,3.6322930205946,0.0038306162733,0.0610057561052,0.0748261657075,0.0014039050776,15.1439384097487
50844,3.6323215200601,0.0038293656766,0.0604978304707,0.0746446309906,0.0014039050776,15.1439384097487
51484,3.6350640435206,0.0046519608100,0.0593608610320,0.0746299177716,0.0011470926624,15.1439384097487
51490,3.6350975832349,0.0047431276571,0.0592229059514,0.0746201941905,0.0011470926624,15.1439384097487
51500,3.6353734349541,0.0045440569022,0.0591552448589,0.0745146167602,0.0011470926624,15.1439384097487
51501,3.6355078803184,0.0044840668250,0.0591457406993,0.0744874147773,0.0011470926624,15.1439384097487
51502,3.6354770170201,0.0045216508370,0.0590903097804,0.0744832887406,0.0011470926624,15.1439384097487
51504,3.6354675273199,0.0046301883070,0.0588242378645,0.0744346448363,0.0011470926624,15.1439384097487
51598,3.6359756059005,0.0040717775957,0.0592303251006,0.0743475463937,0.0011016677929,15.1439384097487
51610,3.6358226632244,0.0042412472224,0.0590161374832,0.0743415165274,0.0011016677929,15.1439384097487
51622,3.6355777397503,0.0043540323138,0.0588187936856,0.0743159074167,0.0011016677929,15.1439384097487
51623,3.6355497099544,0.0043540323138,0.0586545864113,0.0742568653419,0.0010796344371,15.1439384097487
51624,3.6355633700591,0.0043540323138,0.0585926789016,0.0742349488066,0.0010796344371,15.1439384097487
51628,3.6357929455462,0.0043574755867,0.0585469175645,0.0742233296380,0.0010796344371,15.1439384097487
51630,3.6358420040626,0.0043689182711,0.0584608752287,0.0741981984147,0.0010796344371,15.1439384097487
51631,3.6358730085458,0.0043325683281,0.0584723433358,0.0741871543316,0.0010796344371,15.1439384097487
51632,3.6357510259362,0.0043103330492,0.0584021417512,0.0741508268861,0.0010796344371,15.1439384097487
51636,3.6358045214797,0.0042847922284,0.0582345671142,0.0740807896938,0.0010796344371,15.1439384097487
51638,3.6359460640523,0.0042601934870,0.0582303824954,0.0740707556873,0.0010796344371,15.1439384097487
51642,3.6358769502708,0.0040806860313,0.0584473895876,0.0740703484980,0.0010796344371,15.1439384097487
51643,3.6360059672593,0.0040806860313,0.0584386551351,0.0740690546325,0.0010796344371,15.1439384097487
51674,3.6355349379843,0.0039804399623,0.0584756759967,0.0740326487351,0.0010796344371,15.1439384097487
52024,3.6352492688038,0.0045526237651,0.0577525361613,0.0740155639381,0.0009372582214,15.1439384097487
52025,3.6352041283707,0.0044494137269,0.0576966554060,0.0739507349179,0.0009372582214,15.1439384097487
52097,3.6359075214383,0.0046311138588,0.0574077091436,0.0739353642741,0.0009185130570,15.1439384097487
52269,3.6347334555793,0.0053388138631,0.0565496559533,0.0739156037547,0.0008644971411,15.1439384097487
52738,3.6334116036930,0.0045785061586,0.0575090223035,0.0739136843193,0.0007354822008,15.1439384097487
52739,3.6335153369869,0.0045316721384,0.0574451117084,0.0738722552030,0.0007354822008,15.1439384097487
52740,3.6335949901979,0.0044182700124,0.0573669701836,0.0737968736920,0.0007354822008,15.1439384097487
52741,3.6335451022640,0.0044182700124,0.0573340178529,0.0737843990916,0.0007354822008,15.1439384097487
52742,3.6334697285799,0.0044182700124,0.0570240133163,0.0736726166531,0.0007354822008,15.1439384097487
52743,3.6335483219887,0.0044182700124,0.0569294893088,0.0736399701705,0.0007354822008,15.1439384097487
52744,3.6335016962285,0.0043714359922,0.0568466992031,0.0735896708012,0.0007354822008,15.1439384097487
52745,3.6336285599141,0.0043697226196,0.0566712270276,0.0735280629772,0.0007354822008,15.1439384097487
52746,3.6335031771824,0.0043697226196,0.0565885376639,0.0734967569044,0.0007354822008,15.1439384097487
52747,3.6335105064743,0.0043606433977,0.0565777528743,0.0734891178077,0.0007354822008,15.1439384097487
52748,3.6336297619801,0.0043228885994,0.0566027974837,0.0734835691406,0.0007354822008,15.1439384097487
52750,3.6335527505814,0.0043228885994,0.0565379020836,0.0734593025058,0.0007354822008,15.1439384097487
52976,3.6335402537445,0.0044765467171,0.0563142591463,0.0734451066778,0.0006783853643,15.1439384097487
52977,3.6334752466813,0.0044765467171,0.0562311995176,0.0734145226791,0.0006783853643,15.1439384097487
52979,3.6334993053915,0.0044914326743,0.0561846180074,0.0734046065506,0.0006783853643,15.1439384097487
52980,3.6335146647906,0.0044914326743,0.0560676272462,0.0733630414704,0.0006783853643,15.1439384097487
52986,3.6333229660518,0.0045755421893,0.0559407019579,0.0733510454210,0.0006783853643,15.1439384097487
52987,3.6332815427039,0.0045664629674,0.0559328791587,0.0733437743314,0.0006783853643,15.1439384097487
53535,3.6341893397512,0.0042836077425,0.0561955724661,0.0733292149693,0.0005656022793,15.1439384097487
53592,3.6351698440437,0.0038702221752,0.0565839521818,0.0733046308376,0.0005432044290,15.1439384097487
53593,3.6354156992835,0.0039170561954,0.0565150683227,0.0733035800175,0.0005432044290,15.1439384097487
53594,3.6354644940029,0.0038833782321,0.0560147360439,0.0731111469471,0.0005432044290,15.1439384097487
53597,3.6355728440953,0.0039770462726,0.0558424425565,0.0730912901512,0.0005432044290,15.1439384097487
53599,3.6356170318687,0.0040650783640,0.0555083097034,0.0730103102826,0.0005432044290,15.1439384097487
53647,3.6361161999968,0.0041360648775,0.0550099654643,0.0728698161843,0.0005432044290,15.1439384097487
53999,3.6370797844752,0.0042666668400,0.0547453302913,0.0728449105480,0.0004811935047,15.1439384097487
54000,3.6371069334291,0.0042668210986,0.0547249651067,0.0728380875345,0.0004811935047,15.1439384097487
54001,3.6372182195458,0.0042199870784,0.0547294213091,0.0728211820035,0.0004811935047,15.1439384097487
54004,3.6371831799690,0.0042199870784,0.0546527045490,0.0727932873529,0.0004811935047,15.1439384097487
54021,3.6380201314769,0.0040970264270,0.0545838962623,0.0727278583506,0.0004811935047,15.1439384097487
54024,3.6376455786548,0.0039392914743,0.0547539571054,0.0727156937746,0.0004811935047,15.1439384097487
54025,3.6377119504598,0.0038924574540,0.0542643357619,0.0725216964427,0.0004811935047,15.1439384097487
54051,3.6382446443920,0.0037723065133,0.0543074292002,0.0724931312795,0.0004715696346,15.1439384097487
54052,3.6383645757618,0.0037185694196,0.0540261797826,0.0723713518968,0.0004715696346,15.1439384097487
54055,3.6384221676205,0.0037654034399,0.0539271308863,0.0723568639349,0.0004715696346,15.1439384097487
54170,3.6384965341136,0.0039087152112,0.0537420336745,0.0723532293993,0.0004528954771,15.1439384097487
54192,3.6380615893975,0.0037594589736,0.0538631644206,0.0723263689824,0.0004528954771,15.1439384097487
54194,3.6381295778707,0.0038009655620,0.0537800077846,0.0723154207541,0.0004528954771,15.1439384097487
54329,3.6377916649871,0.0036108197704,0.0540017979711,0.0723083590368,0.0004262615999,15.1439384097487
54331,3.6379383601075,0.0035982972757,0.0539527013929,0.0722875334872,0.0004262615999,15.1439384097487
54332,3.6378797551408,0.0036451312959,0.0538560440926,0.0722722554895,0.0004262615999,15.1439384097487
54333,3.6379130484056,0.0036451312959,0.0537496840631,0.0722347408621,0.0004262615999,15.1439384097487
54493,3.6380645476886,0.0034112531843,0.0537573067347,0.0721393734731,0.0004093816405,15.1439384097487
54494,3.6382119704210,0.0034580872045,0.0536355579485,0.0721180495085,0.0004093816405,15.1439384097487
54497,3.6383520062819,0.0034895724916,0.0535145130705,0.0720902943874,0.0004093816405,15.1439384097487
54498,3.6383320677418,0.0034241007240,0.0532689253791,0.0719742430397,0.0004011940077,15.1439384097487
54499,3.6383514075107,0.0034709347442,0.0530753464355,0.0719254530821,0.0004011940077,15.1439384097487
54501,3.6382069399665,0.0034165806161,0.0531097647451,0.0719124065030,0.0004011940077,15.1439384097487
54502,3.6382744651076,0.0034165806161,0.0530901655924,0.0719063622819,0.0004011940077,15.1439384097487
54503,3.6382126771854,0.0033968465306,0.0529988948005,0.0718644338103,0.0004011940077,15.1439384097487
54504,3.6381694168670,0.0033968465306,0.0529123982367,0.0718329300498,0.0004011940077,15.1439384097487
54506,3.6380973392740,0.0033500125104,0.0528054258196,0.0717736339991,0.0004011940077,15.1439384097487
56472,3.6431403964037,0.0035843533979,0.0522902667981,0.0717614393638,0.0002101787766,15.1439384097487
56473,3.6430810789544,0.0035843533979,0.0522418229364,0.0717432986467,0.0002101787766,15.1439384097487
56476,3.6430094259624,0.0035375193776,0.0522574505848,0.0717277943417,0.0002101787766,15.1439384097487
57046,3.6449469620668,0.0041942919990,0.0513652217266,0.0717180311648,0.0001752360847,15.1439384097487
57124,3.6437092549385,0.0043280617726,0.0512188322743,0.0717055656475,0.0001682967357,15.1439384097487
57125,3.6435516812727,0.0042718234855,0.0509649882096,0.0715885752731,0.0001682967357,15.1439384097487
57266,3.6432980982305,0.0039767377554,0.0513142712873,0.0715832657334,0.0001649308010,15.1439384097487
57281,3.6436504633292,0.0041221044720,0.0509565428724,0.0715227915492,0.0001649308010,15.1439384097487
57285,3.6437183457424,0.0040550735904,0.0510190797111,0.0715173591454,0.0001649308010,15.1439384097487
57286,3.6438656017123,0.0040550735904,0.0509830806882,0.0715065860136,0.0001649308010,15.1439384097487
57413,3.6445524601620,0.0034731935312,0.0516408263130,0.0715018369982,0.0001552315505,15.1439384097487
57416,3.6444974078287,0.0035355305432,0.0513275805255,0.0714159003781,0.0001552315505,15.1439384097487
57421,3.6446277115306,0.0035840779360,0.0510919806662,0.0713544073853,0.0001552315505,15.1439384097487
57422,3.6446974566840,0.0036309119563,0.0510167438367,0.0713485957013,0.0001552315505,15.1439384097487
57510,3.6442592032894,0.0038061552629,0.0508119179686,0.0713443466237,0.0001490843811,15.1439384097487
57511,3.6442268071570,0.0038061552629,0.0507815584359,0.0713330455303,0.0001490843811,15.1439384097487
57513,3.6443178058793,0.0037981723791,0.0507164909374,0.0713076735279,0.0001490843811,15.1439384097487
57615,3.6445924953680,0.0032913060853,0.0512635929312,0.0712897255233,0.0001490843811,15.1439384097487
57649,3.6444118418177,0.0030258214834,0.0515814517261,0.0712869111708,0.0001431806396,15.1439384097487
57650,3.6444206157373,0.0030056246220,0.0515927359133,0.0712824095903,0.0001431806396,15.1439384097487
57670,3.6443646255743,0.0031454931205,0.0514266187907,0.0712822334316,0.0001431806396,15.1439384097487
57671,3.6442103816732,0.0031580156153,0.0513647287777,0.0712633140982,0.0001431806396,15.1439384097487
57672,3.6441889880415,0.0031750777210,0.0513280912426,0.0712572388768,0.0001431806396,15.1439384097487
57827,3.6428349442363,0.0035213993514,0.0508732253483,0.0712240506984,0.0001375106862,15.1439384097487
58897,3.6448769246691,0.0032749822173,0.0509640049627,0.0711797585324,0.0000995299213,15.1439384097487
58945,3.6446920474860,0.0030625680914,0.0512225732555,0.0711784537261,0.0000975393228,15.1439384097487
58946,3.6447635963116,0.0030625680914,0.0511826731509,0.0711652160999,0.0000975393228,15.1439384097487
58952,3.6450550272090,0.0031233294617,0.0510067633176,0.0711325554744,0.0000975393228,15.1439384097487
58954,3.6451403959258,0.0031233294617,0.0509787994427,0.0711237763378,0.0000975393228,15.1439384097487
58956,3.6451142464735,0.0031684501094,0.0509187267301,0.0711212892050,0.0000975393228,15.1439384097487
58957,3.6452958478131,0.0031950872683,0.0507489407987,0.0710746369445,0.0000975393228,15.1439384097487
58959,3.6453881235471,0.0031950872683,0.0506797174710,0.0710512200228,0.0000975393228,15.1439384097487
61299,3.6557377567167,0.0041768552652,0.0489460691115,0.0709992642236,0.0000500772226,15.1439384097487
61301,3.6558046004293,0.0041439651227,0.0487738295399,0.0709246001496,0.0000500772226,15.1439384097487
61302,3.6558154693774,0.0041907991430,0.0486958202510,0.0709169652072,0.0000500772226,15.1439384097487
61329,3.6557786402428,0.0041687015950,0.0487009763382,0.0709088151594,0.0000500772226,15.1439384097487
61350,3.6556024425695,0.0041123255770,0.0486812925946,0.0708751309151,0.0000500772226,15.1439384097487
61393,3.6557407019568,0.0041494633409,0.0485839262065,0.0708582297507,0.0000480941646,15.1439384097487
61397,3.6557386575048,0.0040595636182,0.0485922967682,0.0708226618556,0.0000480941646,15.1439384097487
61398,3.6558966360549,0.0041771968378,0.0483877085920,0.0708022442727,0.0000480941646,15.1439384097487
61547,3.6549970646648,0.0041607682943,0.0484089799065,0.0707900714914,0.0000461896357,15.1439384097487
62189,3.6528009423213,0.0038440643199,0.0487815355249,0.0707563218106,0.0000392964341,15.1439384097487
62220,3.6526874362391,0.0039782968693,0.0486188523257,0.0707541428000,0.0000392964341,15.1439384097487
62221,3.6527051042292,0.0039782968693,0.0485890737661,0.0707437576010,0.0000385105054,15.1439384097487
62360,3.6523011201551,0.0039847536946,0.0485809471433,0.0707379060990,0.0000377402953,15.1439384097487
62523,3.6524840103299,0.0038196198371,0.0486933947201,0.0707098821784,0.0000369854894,15.1439384097487
62565,3.6523371307187,0.0037671333401,0.0487426099988,0.0707028865139,0.0000355208640,15.1439384097487
62566,3.6522559644903,0.0037671333401,0.0487333057607,0.0706984150751,0.0000355208640,15.1439384097487
62567,3.6523032690867,0.0037671333401,0.0486806432257,0.0706802763837,0.0000355208640,15.1439384097487
62568,3.6523235265862,0.0037671333401,0.0486263198000,0.0706611618025,0.0000355208640,15.1439384097487
62660,3.6526067563219,0.0037452396339,0.0485948475484,0.0706445463775,0.0000355208640,15.1439384097487
62755,3.6531054473088,0.0036488996137,0.0485766894604,0.0706038292101,0.0000341142378,15.1439384097487
62766,3.6533271735213,0.0035920442921,0.0485575234618,0.0705757550553,0.0000341142378,15.1439384097487
62771,3.6533451226825,0.0035795052697,0.0485663313862,0.0705737808552,0.0000341142378,15.1439384097487
62772,3.6534463981432,0.0035795052697,0.0483560853891,0.0705001260401,0.0000341142378,15.1439384097487
62777,3.6533986491156,0.0035953167787,0.0482635837642,0.0704731904609,0.0000341142378,15.1439384097487
62778,3.6534383564346,0.0034872420845,0.0481725698806,0.0703949296323,0.0000341142378,15.1439384097487
62782,3.6535025099237,0.0034872420845,0.0481665522680,0.0703936882525,0.0000341142378,15.1439384097487
62784,3.6534010190395,0.0034626433432,0.0481817567004,0.0703871400000,0.0000341142378,15.1439384097487
62785,3.6533056580185,0.0034751823656,0.0480812738622,0.0703552777868,0.0000341142378,15.1439384097487
62789,3.6532066332138,0.0034581202599,0.0480922377340,0.0703504799299,0.0000341142378,15.1439384097487
62791,3.6533207532868,0.0034924317854,0.0480220449475,0.0703417308085,0.0000341142378,15.1439384097487
62794,3.6532977916289,0.0034722349241,0.0480312925188,0.0703360528089,0.0000341142378,15.1439384097487
62805,3.6533122283452,0.0035056043701,0.0479200581830,0.0703108317301,0.0000341142378,15.1439384097487
62868,3.6529205419107,0.0034042454353,0.0480518190914,0.0703089073171,0.0000341142378,15.1439384097487
62881,3.6527862136840,0.0034147295126,0.0480224165410,0.0703009988468,0.0000334319530,15.1439384097487
62884,3.6528387084815,0.0034147295126,0.0479731648915,0.0702841517699,0.0000334319530,15.1439384097487
62885,3.6528787625445,0.0033678954923,0.0479994133200,0.0702740212480,0.0000334319530,15.1439384097487
62888,3.6528168557899,0.0033818393701,0.0479531575943,0.0702626013171,0.0000334319530,15.1439384097487
62889,3.6529028372657,0.0033818393701,0.0478048835592,0.0702108629367,0.0000334319530,15.1439384097487
63136,3.6525360876450,0.0031142832953,0.0479923821801,0.0701579703581,0.0000314658867,15.1439384097487
63138,3.6526083810498,0.0031142832953,0.0479730639287,0.0701520939294,0.0000314658867,15.1439384097487
63140,3.6526872610262,0.0032250134414,0.0478279207687,0.0701488290099,0.0000314658867,15.1439384097487
63141,3.6526046157096,0.0032718474617,0.0477498821965,0.0701398603885,0.0000314658867,15.1439384097487
63218,3.6530768262392,0.0033240254414,0.0476244399840,0.0701241033370,0.0000308365690,15.1439384097487
63219,3.6530509290778,0.0032939615373,0.0476186328991,0.0701087784047,0.0000308365690,15.1439384097487
63501,3.6526309689618,0.0030823352323,0.0477955059436,0.0700753079537,0.0000290231320,15.1439384097487
63502,3.6526754309393,0.0030823352323,0.0477821359607,0.0700711620939,0.0000290231320,15.1439384097487
63580,3.6528294062183,0.0028373725366,0.0480436305005,0.0700617477284,0.0000284426694,15.1439384097487
63581,3.6528419307543,0.0028662023717,0.0478713392381,0.0700127479996,0.0000278738160,15.1439384097487
63595,3.6529322504015,0.0028731054452,0.0478086165066,0.0699945835011,0.0000278738160,15.1439384097487
63735,3.6529193012528,0.0030220531655,0.0476072652836,0.0699863238578,0.0000278738160,15.1439384097487
63759,3.6529555664102,0.0031008517765,0.0474842018672,0.0699766566204,0.0000267700129,15.1439384097487
63770,3.6528529213715,0.0030664025201,0.0474915056252,0.0699630487180,0.0000267700129,15.1439384097487
63823,3.6528153072451,0.0030887920576,0.0474099912905,0.0699429997343,0.0000267700129,15.1439384097487
63861,3.6529666639512,0.0031356260778,0.0472082615515,0.0698931668091,0.0000267700129,15.1439384097487
63869,3.6529008611526,0.0030887920576,0.0472512172520,0.0698875053026,0.0000267700129,15.1439384097487
63877,3.6529095486519,0.0030887920576,0.0471401121336,0.0698479478307,0.0000267700129,15.1439384097487
63879,3.6528067010975,0.0030855030433,0.0471377033152,0.0698442226749,0.0000267700129,15.1439384097487
64243,3.6542161307163,0.0031645771161,0.0469731499099,0.0698392858246,0.0000246918075,15.1439384097487
64261,3.6540064977613,0.0032082929084,0.0469015872868,0.0698294967922,0.0000241979714,15.1439384097487
64265,3.6540104851821,0.0031991971588,0.0468984596766,0.0698245380319,0.0000241979714,15.1439384097487
64339,3.6536977648029,0.0032106067878,0.0468903203273,0.0698220959900,0.0000241979714,15.1439384097487
64340,3.6537039775571,0.0032106067878,0.0468345276727,0.0698022579520,0.0000241979714,15.1439384097487
64349,3.6536941080352,0.0031356095501,0.0467991169013,0.0697573299215,0.0000241979714,15.1439384097487
64359,3.6536743600664,0.0031622467090,0.0466534204757,0.0697164319766,0.0000241979714,15.1439384097487
64363,3.6535196638119,0.0031622467090,0.0465878994448,0.0696908426668,0.0000241979714,15.1439384097487
64365,3.6536667698938,0.0031356095501,0.0465837551185,0.0696800281662,0.0000241979714,15.1439384097487
64393,3.6536436807159,0.0032049873664,0.0464508871008,0.0696619819423,0.0000241979714,15.1439384097487
64394,3.6537010615152,0.0031581533462,0.0464307303329,0.0696355233082,0.0000241979714,15.1439384097487
64398,3.6536984158749,0.0031539222525,0.0463201282588,0.0695941718059,0.0000241979714,15.1439384097487
64416,3.6537460385247,0.0031272850936,0.0463437241050,0.0695918568259,0.0000241979714,15.1439384097487
64421,3.6539354423579,0.0031070882323,0.0463502187851,0.0695882006084,0.0000241979714,15.1439384097487
64425,3.6540550597376,0.0030602542120,0.0463550408248,0.0695715436204,0.0000241979714,15.1439384097487
64426,3.6540285142563,0.0030804510734,0.0462716304644,0.0695500343868,0.0000241979714,15.1439384097487
64430,3.6540373347449,0.0030336170531,0.0462495841596,0.0695222137929,0.0000241979714,15.1439384097487
64435,3.6541283663492,0.0029894550127,0.0462433519346,0.0695023495006,0.0000232397317,15.1439384097487
64484,3.6536635467620,0.0029656440921,0.0462687431276,0.0694946359375,0.0000232397317,15.1439384097487
64492,3.6537381751608,0.0029532593283,0.0462617689936,0.0694878934063,0.0000232397317,15.1439384097487
64493,3.6539760472796,0.0029532593283,0.0462035015154,0.0694704494672,0.0000232397317,15.1439384097487
64520,3.6539981761928,0.0030000933485,0.0460572220203,0.0694385916360,0.0000232397317,15.1439384097487
64892,3.6529335630232,0.0032081055943,0.0458264242376,0.0694302477568,0.0000218730496,15.1439384097487
64983,3.6525007455789,0.0027897341679,0.0463160645312,0.0694196929125,0.0000210068768,15.1439384097487
64990,3.6525897575161,0.0028052536873,0.0462642717617,0.0694091062303,0.0000210068768,15.1439384097487
64992,3.6526121547691,0.0028293731251,0.0461873857391,0.0693923007581,0.0000210068768,15.1439384097487
64993,3.6526002109788,0.0028293731251,0.0460959281068,0.0693594683141,0.0000210068768,15.1439384097487
64994,3.6527484701631,0.0028762071454,0.0459778136152,0.0693394541476,0.0000210068768,15.1439384097487
64997,3.6528386602785,0.0028762071454,0.0458678890635,0.0693014715633,0.0000210068768,15.1439384097487
65001,3.6527815810993,0.0028293731251,0.0459124345811,0.0692965012872,0.0000210068768,15.1439384097487
65002,3.6528335896155,0.0027538800562,0.0459675560749,0.0692845692796,0.0000210068768,15.1439384097487
65012,3.6527108415740,0.0029183472960,0.0457331409718,0.0692695986833,0.0000210068768,15.1439384097487
65020,3.6527372498928,0.0028683785202,0.0457757421653,0.0692637718815,0.0000210068768,15.1439384097487
65022,3.6526856862171,0.0028915558785,0.0457477826308,0.0692629898645,0.0000210068768,15.1439384097487
65046,3.6528241521166,0.0028915558785,0.0456941202974,0.0692457840286,0.0000210068768,15.1439384097487
65047,3.6528293396546,0.0029383898987,0.0456303804678,0.0692431649300,0.0000210068768,15.1439384097487
65056,3.6528657018145,0.0029383898987,0.0456211222773,0.0692403729556,0.0000210068768,15.1439384097487
65057,3.6526931388519,0.0029117527398,0.0456169779510,0.0692250351594,0.0000210068768,15.1439384097487
65076,3.6527141799617,0.0029963580861,0.0454868134285,0.0692151049944,0.0000210068768,15.1439384097487
65077,3.6528577772504,0.0029404283163,0.0454080364785,0.0691650323600,0.0000210068768,15.1439384097487
65088,3.6530972990982,0.0029242917623,0.0453343837520,0.0691352013670,0.0000210068768,15.1439384097487
65093,3.6530348248734,0.0029404283163,0.0452958416139,0.0691274679775,0.0000210068768,15.1439384097487
65096,3.6530174108603,0.0029404283163,0.0452350384883,0.0691055061684,0.0000210068768,15.1439384097487
65107,3.6530635544162,0.0029363514812,0.0451829948699,0.0690858248750,0.0000205867393,15.1439384097487
65116,3.6530666878563,0.0029368307848,0.0451774875790,0.0690841077392,0.0000201750045,15.1439384097487
65272,3.6542197313503,0.0027244331866,0.0453752130515,0.0690800119256,0.0000201750045,15.1439384097487
65280,3.6542404489845,0.0027346087466,0.0453019977993,0.0690585177286,0.0000201750045,15.1439384097487
65283,3.6541735734338,0.0027712672068,0.0451941576591,0.0690347678770,0.0000197715044,15.1439384097487
65284,3.6541990860474,0.0027762861214,0.0451512346022,0.0690219501789,0.0000197715044,15.1439384097487
65292,3.6540572596401,0.0028357968950,0.0450644234190,0.0690144439680,0.0000197715044,15.1439384097487
65350,3.6541206008648,0.0028141786506,0.0450674189690,0.0690071451195,0.0000193760743,15.1439384097487
65351,3.6542314503525,0.0028309487668,0.0450274393920,0.0690016224046,0.0000193760743,15.1439384097487
65369,3.6541398988858,0.0028036945734,0.0450605447049,0.0690004699149,0.0000193760743,15.1439384097487
65375,3.6541303217995,0.0027385147953,0.0450969806146,0.0689854130341,0.0000193760743,15.1439384097487
65377,3.6543074907200,0.0026808716529,0.0451089192299,0.0689674795497,0.0000193760743,15.1439384097487
65418,3.6544018192355,0.0027828310944,0.0449761470840,0.0689650925719,0.0000193760743,15.1439384097487
65422,3.6543830262555,0.0028116609295,0.0448137941999,0.0689191991232,0.0000193760743,15.1439384097487
65456,3.6543960018430,0.0028116609295,0.0448124495358,0.0689189024897,0.0000189885528,15.1439384097487
65478,3.6544441156702,0.0028115066709,0.0447246504415,0.0688881603669,0.0000189885528,15.1439384097487
65479,3.6544945306996,0.0028115066709,0.0447116498757,0.0688842306770,0.0000189885528,15.1439384097487
65486,3.6542974288797,0.0028115066709,0.0446410259469,0.0688562188677,0.0000189885528,15.1439384097487
66081,3.6553649630486,0.0025070166739,0.0449606404191,0.0688549767175,0.0000168208649,15.1439384097487
66095,3.6555038281409,0.0025399068163,0.0448242736080,0.0688223349920,0.0000168208649,15.1439384097487
66096,3.6556677922856,0.0025399068163,0.0448049943562,0.0688177696266,0.0000168208649,15.1439384097487
66105,3.6558105444905,0.0025399068163,0.0447904310590,0.0688145883832,0.0000168208649,15.1439384097487
66106,3.6557678386808,0.0025236160037,0.0447476080000,0.0687917083724,0.0000168208649,15.1439384097487
66109,3.6555984426237,0.0025223654070,0.0446937922932,0.0687695555643,0.0000168208649,15.1439384097487
66125,3.6557232020305,0.0025552555495,0.0446279938557,0.0687619172348,0.0000168208649,15.1439384097487
66343,3.6550556442516,0.0025389482092,0.0446490333283,0.0687529965742,0.0000158316634,15.1439384097487
66366,3.6549012586327,0.0025743395450,0.0446080309100,0.0687513360226,0.0000158316634,15.1439384097487
66369,3.6547688040135,0.0025641639850,0.0445166773373,0.0687124745683,0.0000158316634,15.1439384097487
67357,3.6563418948256,0.0026389353440,0.0442411313677,0.0686683692913,0.0000131996140,15.1439384097487
67403,3.6562956233743,0.0026975040382,0.0441567790173,0.0686626895828,0.0000131996140,15.1439384097487
67538,3.6566800731254,0.0025450965172,0.0443118817453,0.0686582058435,0.0000129356217,15.1439384097487
67759,3.6570043736301,0.0026132237368,0.0441200155630,0.0686234684172,0.0000124233711,15.1439384097487
67787,3.6570158111257,0.0026600577571,0.0440480976045,0.0686180169948,0.0000124233711,15.1439384097487
67842,3.6571940498492,0.0024564308636,0.0442819075904,0.0686167739585,0.0000121749036,15.1439384097487
67856,3.6572086760270,0.0024495277901,0.0442233707979,0.0685931164606,0.0000121749036,15.1439384097487
67875,3.6570729864099,0.0024667606822,0.0441643142876,0.0685774903760,0.0000121749036,15.1439384097487
67884,3.6570922984775,0.0024199266619,0.0441400614549,0.0685490301915,0.0000121749036,15.1439384097487
68025,3.6570926522318,0.0024852441709,0.0440366644005,0.0685401008958,0.0000116927775,15.1439384097487
68145,3.6564704150949,0.0024230614175,0.0441059167709,0.0685293795200,0.0000116927775,15.1439384097487
68151,3.6565432152091,0.0023867114745,0.0441018191808,0.0685133676647,0.0000116927775,15.1439384097487
68155,3.6565171044253,0.0024034815907,0.0440734342831,0.0685100479280,0.0000116927775,15.1439384097487
68264,3.6563999122391,0.0024110016987,0.0440324477168,0.0684969745104,0.0000114589219,15.1439384097487
68269,3.6563769216990,0.0023734176867,0.0440504311638,0.0684869644218,0.0000114589219,15.1439384097487
68282,3.6564039621534,0.0023619750023,0.0440368193832,0.0684775816846,0.0000114589219,15.1439384097487
68338,3.6564209534942,0.0023619750023,0.0439721206215,0.0684547154103,0.0000112297435,15.1439384097487
68346,3.6564442937986,0.0023151409820,0.0440181262431,0.0684514045303,0.0000110051486,15.1439384097487
69239,3.6560429879915,0.0026036486837,0.0436636762485,0.0684427829540,0.0000095538505,15.1439384097487
69264,3.6559771631216,0.0025933188650,0.0436783060329,0.0684426493944,0.0000095538505,15.1439384097487
69267,3.6559396737516,0.0025806255840,0.0436638239767,0.0684315067818,0.0000095538505,15.1439384097487
69289,3.6557243310129,0.0025106142054,0.0436814258642,0.0684047412083,0.0000095538505,15.1439384097487
69833,3.6557530802904,0.0023835601912,0.0437876504339,0.0683886336346,0.0000088121675,15.1439384097487
69949,3.6555448575514,0.0024615875090,0.0436599393721,0.0683735164824,0.0000084632057,15.1439384097487
69963,3.6554825303808,0.0024517204663,0.0436693052581,0.0683717507838,0.0000084632057,15.1439384097487
69973,3.6555227219258,0.0024382558921,0.0436834075136,0.0683715854794,0.0000084632057,15.1439384097487
69974,3.6555360198021,0.0024020602077,0.0437225221767,0.0683702307299,0.0000084632057,15.1439384097487
70012,3.6556469150952,0.0023840560225,0.0437153051811,0.0683615063130,0.0000084632057,15.1439384097487
70013,3.6555888232827,0.0024308900427,0.0435478824297,0.0683209622010,0.0000084632057,15.1439384097487
70015,3.6556165780340,0.0024210230000,0.0435225991314,0.0683080964469,0.0000084632057,15.1439384097487
70093,3.6556180587287,0.0024593948328,0.0434743840465,0.0683073427966,0.0000082939416,15.1439384097487
70104,3.6558087397876,0.0024468723381,0.0434617068318,0.0683001465607,0.0000082939416,15.1439384097487
70239,3.6557483548908,0.0024670691994,0.0433550269107,0.0682698479443,0.0000081280627,15.1439384097487
70256,3.6556668648415,0.0024582984948,0.0433601966219,0.0682667823176,0.0000081280627,15.1439384097487
70272,3.6556130723736,0.0024582984948,0.0433206171804,0.0682518856429,0.0000081280627,15.1439384097487
70278,3.6555757416165,0.0024338705397,0.0432936480561,0.0682312564616,0.0000081280627,15.1439384097487
70589,3.6552933314685,0.0024380851057,0.0432607973125,0.0682173342110,0.0000076500676,15.1439384097487
70639,3.6552352513206,0.0024156955682,0.0431989985272,0.0681848458700,0.0000076500676,15.1439384097487
70651,3.6551781273526,0.0024507949145,0.0431590705018,0.0681848201376,0.0000076500676,15.1439384097487
70680,3.6551965739442,0.0024276010285,0.0431725779050,0.0681799649913,0.0000076500676,15.1439384097487
71195,3.6554206496932,0.0024716088104,0.0430683440506,0.0681647697495,0.0000070561788,15.1439384097487
71408,3.6554357597702,0.0024360466882,0.0431033587434,0.0681622478940,0.0000066412190,15.1439384097487
71484,3.6553596069767,0.0024592405742,0.0430747494569,0.0681608929717,0.0000066412190,15.1439384097487
71748,3.6551949492022,0.0024592405742,0.0430747494569,0.0681585630752,0.0000063782268,15.1439384097487
71782,3.6552398432398,0.0024592405742,0.0430550265478,0.0681521544267,0.0000062506622,15.1439384097487
72480,3.6554034023129,0.0024185218066,0.0430923914788,0.0681503624944,0.0000056501036,15.1439384097487
72603,3.6553025432997,0.0024653558268,0.0430372453755,0.0681493120322,0.0000055371015,15.1439384097487
72605,3.6552228218662,0.0024797624805,0.0430085366390,0.0681441051393,0.0000055371015,15.1439384097487
72620,3.6550483928288,0.0024595656192,0.0430300648071,0.0681406698138,0.0000055371015,15.1439384097487
72652,3.6547609023565,0.0024720881139,0.0430159967474,0.0681369443193,0.0000055371015,15.1439384097487
72705,3.6548277601809,0.0024595656192,0.0429712879026,0.0681165561250,0.0000055371015,15.1439384097487
72729,3.6547538620920,0.0024687990997,0.0429161048800,0.0680997594556,0.0000055371015,15.1439384097487
73150,3.6547414085621,0.0024501448246,0.0429290267866,0.0680962035163,0.0000051072461,15.1439384097487
73158,3.6548013611883,0.0024033108044,0.0429747356883,0.0680933047267,0.0000051072461,15.1439384097487
73178,3.6547402980377,0.0024277552871,0.0428183733722,0.0680470732098,0.0000051072461,15.1439384097487
73214,3.6546343994257,0.0023572646050,0.0428634676603,0.0680314695621,0.0000051072461,15.1439384097487
73391,3.6546386221366,0.0023683987721,0.0428080337888,0.0680165032878,0.0000049049992,15.1439384097487
73581,3.6546314888961,0.0024465638208,0.0427031469413,0.0680124420711,0.0000048068992,15.1439384097487
73584,3.6546376299091,0.0024465638208,0.0426841129847,0.0680057311244,0.0000048068992,15.1439384097487
73672,3.6547287674787,0.0024465638208,0.0426550064481,0.0679966255233,0.0000047107612,15.1439384097487
73810,3.6545601241310,0.0024033273321,0.0426911225465,0.0679886079140,0.0000046165460,15.1439384097487
73902,3.6545274220596,0.0024501613523,0.0426195406647,0.0679826519471,0.0000045242151,15.1439384097487
73986,3.6545125289455,0.0024501613523,0.0425672322737,0.0679637596423,0.0000044337308,15.1439384097487
74061,3.6545381200318,0.0024673942444,0.0425315554163,0.0679587655448,0.0000044337308,15.1439384097487
74737,3.6545592952410,0.0023572646050,0.0426218902922,0.0679441292114,0.0000040077414,15.1439384097487
74992,3.6545301939695,0.0023729383831,0.0425515170513,0.0679253014635,0.0000037720542,15.1439384097487
75136,3.6544778997360,0.0023729383831,0.0425456619474,0.0679224703951,0.0000037720542,15.1439384097487
75239,3.6543645977975,0.0024244662729,0.0424623498616,0.0679131962452,0.0000036966131,15.1439384097487
75367,3.6543072815833,0.0023876700817,0.0424933357400,0.0679076818136,0.0000036226808,15.1439384097487
75811,3.6546025576675,0.0023278342631,0.0425479780527,0.0679057311398,0.0000034096382,15.1439384097487
75861,3.6545339485129,0.0023278342631,0.0424626188124,0.0678742748819,0.0000033414455,15.1439384097487
75863,3.6545281965772,0.0023746682834,0.0423963980662,0.0678706149488,0.0000033414455,15.1439384097487
76225,3.6546006128849,0.0023746682834,0.0423811115865,0.0678661801777,0.0000031449417,15.1439384097487
76353,3.6546440764952,0.0024409113441,0.0422954847093,0.0678646040405,0.0000030820429,15.1439384097487
76617,3.6546028321868,0.0023940773239,0.0423300412325,0.0678562903288,0.0000030204020,15.1439384097487
76627,3.6545242970637,0.0024401400510,0.0422459456659,0.0678448860999,0.0000030204020,15.1439384097487
76785,3.6545660682364,0.0024401400510,0.0421961049107,0.0678276768894,0.0000029007941,15.1439384097487
76856,3.6545949247669,0.0023978456417,0.0422396825955,0.0678255224909,0.0000028427782,15.1439384097487
76914,3.6545747942882,0.0024446796619,0.0421831714899,0.0678251268312,0.0000028427782,15.1439384097487
76960,3.6546420047356,0.0024915136821,0.0420894513379,0.0678126780946,0.0000028427782,15.1439384097487
76993,3.6546314415063,0.0024802417841,0.0421032547831,0.0678126276140,0.0000028427782,15.1439384097487
77101,3.6545671097267,0.0024155413096,0.0421555653890,0.0678026709081,0.0000027302042,15.1439384097487
77112,3.6544683555433,0.0023687072894,0.0422152313248,0.0678025110829,0.0000027302042,15.1439384097487
77176,3.6544458392438,0.0023821718636,0.0421229099517,0.0677749910916,0.0000027302042,15.1439384097487
77248,3.6544304056392,0.0023821718636,0.0420999435875,0.0677665704342,0.0000026756001,15.1439384097487
77478,3.6544601677280,0.0024290058838,0.0420065005210,0.0677536907650,0.0000026220881,15.1439384097487
77759,3.6543756140363,0.0023853066192,0.0420488466487,0.0677488896967,0.0000024678884,15.1439384097487
77779,3.6544482727383,0.0023694785825,0.0420336946905,0.0677377229545,0.0000024678884,15.1439384097487
77824,3.6546105990259,0.0024244828006,0.0419473265083,0.0677327473175,0.0000024678884,15.1439384097487
77893,3.6545847437119,0.0024244828006,0.0419109566651,0.0677193922369,0.0000024185306,15.1439384097487
78020,3.6545866408086,0.0024713168208,0.0418391318122,0.0677138390704,0.0000024185306,15.1439384097487
78225,3.6545280048450,0.0024244828006,0.0418896569817,0.0677109823559,0.0000023227568,15.1439384097487
78635,3.6545007954320,0.0023499152834,0.0419600896433,0.0677037943592,0.0000021861601,15.1439384097487
78885,3.6546262668826,0.0023499152834,0.0419458686101,0.0677004908314,0.0000020995882,15.1439384097487
79123,3.6544679951603,0.0023499152834,0.0419319292708,0.0676932729616,0.0000020164445,15.1439384097487
79437,3.6544361182336,0.0023967493036,0.0418601044178,0.0676872418950,0.0000019365933,15.1439384097487
79629,3.6544643700779,0.0023967493036,0.0418325887994,0.0676778146501,0.0000018599042,15.1439384097487
79848,3.6543521460895,0.0023729383831,0.0418548090002,0.0676739577940,0.0000018227061,15.1439384097487
80177,3.6542514504103,0.0023350458538,0.0418767175940,0.0676641177992,0.0000017155164,15.1439384097487
80309,3.6543616347228,0.0023597823261,0.0418269800021,0.0676585148195,0.0000016812061,15.1439384097487
80442,3.6543211691106,0.0024066163463,0.0417695447763,0.0676575013761,0.0000016475820,15.1439384097487
80518,3.6543291388811,0.0023633798576,0.0418138566672,0.0676549098994,0.0000016475820,15.1439384097487
80547,3.6543526882982,0.0023633798576,0.0417855980948,0.0676451507748,0.0000016475820,15.1439384097487
80613,3.6542540555259,0.0023483561694,0.0418070419101,0.0676449749096,0.0000016146303,15.1439384097487
80948,3.6543065851498,0.0023951901896,0.0417281877597,0.0676376277267,0.0000015196771,15.1439384097487
80950,3.6542599271976,0.0023951901896,0.0417070128922,0.0676294050671,0.0000015196771,15.1439384097487
81136,3.6543618119720,0.0023951901896,0.0416856852715,0.0676232297224,0.0000014892836,15.1439384097487
81168,3.6541480005910,0.0024498528351,0.0416062622342,0.0676152657833,0.0000014892836,15.1439384097487
81181,3.6541121478731,0.0024030188148,0.0416584896348,0.0676133393898,0.0000014892836,15.1439384097487
81243,3.6540699888611,0.0023561847946,0.0417133196799,0.0676122532786,0.0000014892836,15.1439384097487
81262,3.6541100872889,0.0023093507744,0.0417344576282,0.0676002982130,0.0000014594979,15.1439384097487
81404,3.6540824448703,0.0023500860697,0.0416681317512,0.0675936772451,0.0000014303080,15.1439384097487
81558,3.6539951968027,0.0023969200899,0.0415661946013,0.0675761082888,0.0000014017018,15.1439384097487
81602,3.6539909158847,0.0024081919880,0.0415522291753,0.0675758908754,0.0000013736678,15.1439384097487
81604,3.6539017295831,0.0024963783381,0.0414157442273,0.0675636784209,0.0000013736678,15.1439384097487
81820,3.6539389683278,0.0024835307983,0.0414194528308,0.0675600237595,0.0000013192705,15.1439384097487
81868,3.6539340349448,0.0024782033665,0.0414037364755,0.0675520577834,0.0000013192705,15.1439384097487
81951,3.6539919172253,0.0025250373868,0.0413330924730,0.0675477185358,0.0000012928851,15.1439384097487
81964,3.6539129693939,0.0024532961079,0.0413908510160,0.0675364832180,0.0000012928851,15.1439384097487
82048,3.6539532396801,0.0023589945053,0.0414627985505,0.0675223336153,0.0000012928851,15.1439384097487
82060,3.6540152762179,0.0023273549595,0.0414569434465,0.0675075605143,0.0000012928851,15.1439384097487
82109,3.6539379051679,0.0024216565622,0.0413335656067,0.0675028171775,0.0000012928851,15.1439384097487
82224,3.6539791198809,0.0023392604198,0.0413473942033,0.0674730265150,0.0000012670274,15.1439384097487
82646,3.6539640098039,0.0023508573628,0.0413093818727,0.0674642069945,0.0000011686657,15.1439384097487
82677,3.6539511618371,0.0023976913831,0.0412276162119,0.0674548948978,0.0000011686657,15.1439384097487
83135,3.6538950574628,0.0024307357841,0.0411695685305,0.0674475315961,0.0000010779401,15.1439384097487
83321,3.6538154385578,0.0023839017639,0.0412280725200,0.0674472275529,0.0000010563813,15.1439384097487
83352,3.6538772993399,0.0024307357841,0.0411412853358,0.0674371791789,0.0000010563813,15.1439384097487
83364,3.6538291653503,0.0023839017639,0.0411629562312,0.0674241659687,0.0000010563813,15.1439384097487
83562,3.6539231103641,0.0023658810510,0.0411330386306,0.0674070872643,0.0000010145486,15.1439384097487
83798,3.6538771428620,0.0023839017639,0.0411113861948,0.0674064269771,0.0000009942576,15.1439384097487
84460,3.6538845957320,0.0023268921837,0.0411767695483,0.0674054509552,0.0000008987301,15.1439384097487
84607,3.6538720081340,0.0023268921837,0.0411565426803,0.0673980489601,0.0000008631404,15.1439384097487
84715,3.6539185923840,0.0023737262039,0.0410980910361,0.0673979042598,0.0000008458776,15.1439384097487
84828,3.6539538343380,0.0023737262039,0.0410747031810,0.0673900501257,0.0000008458776,15.1439384097487
86582,3.6539349736943,0.0023737262039,0.0410747031810,0.0673897832489,0.0000006374888,15.1439384097487
86905,3.6539075286691,0.0023737262039,0.0410530692049,0.0673816684836,0.0000005999994,15.1439384097487
87001,3.6539030390935,0.0023737262039,0.0410530692049,0.0673816049564,0.0000005999994,15.1439384097487
87067,3.6538895112298,0.0024055200082,0.0410146462524,0.0673813169711,0.0000005879994,15.1439384097487
87169,3.6539337991159,0.0024070956499,0.0409625537825,0.0673640144632,0.0000005879994,15.1439384097487
87243,3.6539252071552,0.0024089632811,0.0409341191890,0.0673545380889,0.0000005762394,15.1439384097487
87483,3.6538965339160,0.0023621292609,0.0409758126780,0.0673489511734,0.0000005534203,15.1439384097487
88182,3.6538334162077,0.0023621292609,0.0409588646225,0.0673420051851,0.0000005002482,15.1439384097487
89266,3.6538115968990,0.0023962700000,0.0409003945186,0.0673354460087,0.0000004170808,15.1439384097487
89318,3.6537776686568,0.0023992504970,0.0408703405487,0.0673255097215,0.0000004170808,15.1439384097487
89385,3.6538098608806,0.0023992504970,0.0407894765691,0.0672970852466,0.0000004170808,15.1439384097487
89399,3.6538131661618,0.0023992504970,0.0407477405912,0.0672822263097,0.0000004170808,15.1439384097487
89624,3.6538059620208,0.0023849981020,0.0407189574138,0.0672657364961,0.0000003925531,15.1439384097487
90956,3.6538230045653,0.0024127150712,0.0406767991463,0.0672627998239,0.0000003207445,15.1439384097487
91251,3.6538492328615,0.0023658810510,0.0407156635418,0.0672569793709,0.0000003143296,15.1439384097487
91582,3.6537129496502,0.0023190470308,0.0407710708022,0.0672547675569,0.0000002958445,15.1439384097487
91627,3.6538166469796,0.0023243744625,0.0407503878048,0.0672511312674,0.0000002958445,15.1439384097487
91740,3.6538770064832,0.0023311232774,0.0406911836139,0.0672337333457,0.0000002899276,15.1439384097487
91851,3.6538857348146,0.0024175797271,0.0405751305929,0.0672294621077,0.0000002841290,15.1439384097487
91863,3.6540034111055,0.0023707457069,0.0406072591793,0.0672225299915,0.0000002841290,15.1439384097487
91891,3.6540357437613,0.0023239116867,0.0406486296488,0.0672176909411,0.0000002841290,15.1439384097487
92183,3.6540343275618,0.0023239116867,0.0405845769745,0.0671947949469,0.0000002674200,15.1439384097487
92411,3.6540617517959,0.0023707457069,0.0405133632709,0.0671898212554,0.0000002620716,15.1439384097487
92443,3.6539537316569,0.0024175797271,0.0404540428854,0.0671871786486,0.0000002620716,15.1439384097487
92540,3.6540173618006,0.0023707457069,0.0404706665192,0.0671739443000,0.0000002516935,15.1439384097487
92677,3.6540767762993,0.0024175797271,0.0404112299390,0.0671736293841,0.0000002466597,15.1439384097487
92767,3.6541073819531,0.0023685530307,0.0404174912166,0.0671552871813,0.0000002466597,15.1439384097487
92769,3.6540083850888,0.0023981706866,0.0403578037875,0.0671452627244,0.0000002466597,15.1439384097487
92812,3.6540038563857,0.0023745140247,0.0403858019945,0.0671450594338,0.0000002466597,15.1439384097487
92927,3.6540815654898,0.0023820341327,0.0403691414415,0.0671434317183,0.0000002417265,15.1439384097487
93029,3.6540932288002,0.0024288681529,0.0402919528160,0.0671361011101,0.0000002321541,15.1439384097487
93566,3.6541362716642,0.0024083462466,0.0403110452841,0.0671347337997,0.0000002141316,15.1439384097487
93569,3.6541433012216,0.0024551802668,0.0402092647256,0.0671185547909,0.0000002141316,15.1439384097487
93675,3.6542067678467,0.0023608786642,0.0403190038692,0.0671182304181,0.0000002098489,15.1439384097487
93733,3.6543098625962,0.0023776487803,0.0402871419068,0.0671154971223,0.0000002098489,15.1439384097487
93790,3.6543354922209,0.0023892457234,0.0402475845254,0.0671067022620,0.0000002098489,15.1439384097487
93882,3.6541766964363,0.0023724756072,0.0402514420828,0.0670986458187,0.0000002056519,15.1439384097487
93883,3.6542229741928,0.0023474140900,0.0402573547765,0.0670906716719,0.0000002056519,15.1439384097487
93892,3.6543153107797,0.0023751310592,0.0401914853453,0.0670803321327,0.0000002056519,15.1439384097487
93906,3.6542306329065,0.0024219650795,0.0401095607064,0.0670699468698,0.0000002056519,15.1439384097487
94031,3.6541920052012,0.0023807835360,0.0401153572054,0.0670538212357,0.0000002015389,15.1439384097487
94192,3.6541633996376,0.0024276175562,0.0400551496189,0.0670519854824,0.0000001935580,15.1439384097487
94255,3.6541968374932,0.0024276175562,0.0400494693146,0.0670504299456,0.0000001935580,15.1439384097487
94515,3.6542263186472,0.0023807835360,0.0400661667869,0.0670367387620,0.0000001896868,15.1439384097487
94917,3.6542004223967,0.0023270464423,0.0400848178119,0.0670200032292,0.0000001749611,15.1439384097487
95276,3.6541700375110,0.0022825593568,0.0401253053953,0.0670149672425,0.0000001680326,15.1439384097487
95431,3.6543590742488,0.0022825593568,0.0401171874548,0.0670147428352,0.0000001613785,15.1439384097487
95459,3.6542633242923,0.0023293933771,0.0400446290872,0.0670075460000,0.0000001613785,15.1439384097487
95469,3.6542652684354,0.0023743597661,0.0399725612630,0.0670011063104,0.0000001613785,15.1439384097487
95521,3.6542837165162,0.0023762273973,0.0399424999448,0.0669914315778,0.0000001613785,15.1439384097487
96116,3.6543265248338,0.0023485104280,0.0399591789574,0.0669861154018,0.0000001458734,15.1439384097487
96370,3.6543719316797,0.0023762273973,0.0398988736360,0.0669770989919,0.0000001429559,15.1439384097487
96499,3.6543239612967,0.0023209311897,0.0399262574811,0.0669625017842,0.0000001372949,15.1439384097487
96719,3.6543229868474,0.0023561682669,0.0398549412323,0.0669521195115,0.0000001345490,15.1439384097487
96975,3.6543463685289,0.0023677652099,0.0398147216864,0.0669430563556,0.0000001266364,15.1439384097487
97360,3.6544084186788,0.0023962865277,0.0397541655160,0.0669345305793,0.0000001216216,15.1439384097487
97978,3.6544727603209,0.0024108474400,0.0396934746915,0.0669200061057,0.0000001099363,15.1439384097487
98041,3.6545086239627,0.0023640134198,0.0397265722297,0.0669122624002,0.0000001099363,15.1439384097487
98108,3.6544575776087,0.0023254873283,0.0396656305562,0.0668732640323,0.0000001077376,15.1439384097487
98347,3.6544194562483,0.0023254873283,0.0396537131752,0.0668684684101,0.0000001034712,15.1439384097487
98864,3.6543290346217,0.0023723213486,0.0395926368475,0.0668654476989,0.0000000954385,15.1439384097487
99092,3.6542983560857,0.0024172877376,0.0395385578838,0.0668649709937,0.0000000935298,15.1439384097487
