0,3.12456,0.555358,0.320124,0.396553,100000.000000
1,3.1246399390120,0.5553584234398,0.3201054836880,0.3965475858094,100000.0000000000000,15.1439384097487
2,3.1247012824804,0.5553584234398,0.3200694226660,0.3965355748790,100000.0000000000000,15.1439384097487
3,3.1246793323705,0.5552407902202,0.3200184888845,0.3964666594131,100000.0000000000000,15.1439384097487
4,3.1246913072782,0.5552407902202,0.3199814679029,0.3964536070781,100000.0000000000000,15.1439384097487
5,3.1246624414451,0.5551231570006,0.3198466694267,0.3963546420786,100000.0000000000000,15.1439384097487
6,3.1246300762655,0.5550055237810,0.3197635635335,0.3962740892004,100000.0000000000000,15.1439384097487
7,3.1245674007764,0.5548878905614,0.3197377741215,0.3962135776051,100000.0000000000000,15.1439384097487
8,3.1245281006989,0.5548878905614,0.3197255528665,0.3962086567777,100000.0000000000000,15.1439384097487
9,3.1244382580440,0.5548878905614,0.3196752108007,0.3961894062010,100000.0000000000000,15.1439384097487
10,3.1245762632577,0.5548410565411,0.3196903026372,0.3961766771842,100000.0000000000000,15.1439384097487
11,3.1246823636849,0.5547234233215,0.3196991546907,0.3961309257088,100000.0000000000000,15.1439384097487
12,3.1247607006793,0.5547234233215,0.3196850695887,0.3961270037785,100000.0000000000000,15.1439384097487
13,3.1248007144086,0.5547234233215,0.3196532856717,0.3961162185711,100000.0000000000000,15.1439384097487
14,3.1248423040277,0.5547702573417,0.3194682709822,0.3960708021096,100000.0000000000000,15.1439384097487
15,3.1248935316761,0.5547702573417,0.3191451073452,0.3959561113927,100000.0000000000000,15.1439384097487
16,3.1247871889303,0.5547702573417,0.3189903617941,0.3958993403818,100000.0000000000000,15.1439384097487
17,3.1248259388670,0.5547702573417,0.3188869868350,0.3958629690625,100000.0000000000000,15.1439384097487
18,3.1248498365405,0.5547702573417,0.3187461577448,0.3958130111093,100000.0000000000000,15.1439384097487
19,3.1248361086915,0.5546526241221,0.3184877389135,0.3956701101845,100000.0000000000000,15.1439384097487
20,3.1248854719814,0.5546994581423,0.3183055686094,0.3956258195718,100000.0000000000000,15.1439384097487
21,3.1248704874339,0.5545818249227,0.3182045150911,0.3955391027622,100000.0000000000000,15.1439384097487
22,3.1248716526877,0.5544641917031,0.3181138180732,0.3954563132214,100000.0000000000000,15.1439384097487
23,3.1248443779673,0.5544173576829,0.3181118996969,0.3954351704286,100000.0000000000000,15.1439384097487
24,3.1248200785923,0.5544173576829,0.3180621829681,0.3954170706195,100000.0000000000000,15.1439384097487
25,3.1249021762383,0.5543705236626,0.3179955124269,0.3953743496651,100000.0000000000000,15.1439384097487
26,3.1247366003428,0.5543705236626,0.3179579600594,0.3953585952175,100000.0000000000000,15.1439384097487
27,3.1247634998407,0.5542528904430,0.3179975797422,0.3953227114933,100000.0000000000000,15.1439384097487
28,3.1247055782491,0.5542528904430,0.3173176507627,0.3950790601283,100000.0000000000000,15.1439384097487
29,3.1247634053052,0.5542060564228,0.3173223103491,0.3950614707923,100000.0000000000000,15.1439384097487
30,3.1246391519971,0.5542060564228,0.3172521110658,0.3950346414437,100000.0000000000000,15.1439384097487
31,3.1246415082112,0.5541592224025,0.3172265594712,0.3950054774915,100000.0000000000000,15.1439384097487
32,3.1247208146767,0.5541592224025,0.3171801909916,0.3949900395014,100000.0000000000000,15.1439384097487
33,3.1247701788035,0.5541123883823,0.3171199222092,0.3949491417124,100000.0000000000000,15.1439384097487
34,3.1247945600497,0.5540655543621,0.3170699089090,0.3949115530895,100000.0000000000000,15.1439384097487
35,3.1249017674232,0.5540655543621,0.3167661831953,0.3948045965975,100000.0000000000000,15.1439384097487
36,3.1249687185406,0.5539479211425,0.3167168154368,0.3947374983720,100000.0000000000000,15.1439384097487
37,3.1250009753150,0.5538302879228,0.3166729319103,0.3946718678782,100000.0000000000000,15.1439384097487
38,3.1250564727820,0.5537126547032,0.3163640846920,0.3945119363487,100000.0000000000000,15.1439384097487
39,3.1250110345887,0.5537126547032,0.3163596540417,0.3945097110262,100000.0000000000000,15.1439384097487
40,3.1251697242579,0.5535950214836,0.3163133927595,0.3944450203509,100000.0000000000000,15.1439384097487
41,3.1252330976513,0.5535950214836,0.3161606948429,0.3943913821100,100000.0000000000000,15.1439384097487
42,3.1250594426716,0.5535950214836,0.3148032868410,0.3939041363315,100000.0000000000000,15.1439384097487
43,3.1250474576549,0.5535950214836,0.3147375312224,0.3938804825948,100000.0000000000000,15.1439384097487
44,3.1249401498333,0.5535950214836,0.3147299474455,0.3938762557046,100000.0000000000000,15.1439384097487
45,3.1250673992076,0.5535481874634,0.3145555895620,0.3937957138791,100000.0000000000000,15.1439384097487
46,3.1250919570245,0.5535013534431,0.3145961340258,0.3937904698132,100000.0000000000000,15.1439384097487
47,3.1252155990065,0.5533837202235,0.3143022778682,0.3936368564743,100000.0000000000000,15.1439384097487
48,3.1252747950619,0.5532660870039,0.3141122596988,0.3935194162256,100000.0000000000000,15.1439384097487
49,3.1252198051137,0.5532660870039,0.3140606959752,0.3935002225059,100000.0000000000000,15.1439384097487
50,3.1253507785747,0.5532660870039,0.3139619030225,0.3934667925742,100000.0000000000000,15.1439384097487
51,3.1254672770509,0.5532192529837,0.3139605548272,0.3934478877986,100000.0000000000000,15.1439384097487
52,3.1255264316158,0.5531016197640,0.3138993500862,0.3933764517587,100000.0000000000000,15.1439384097487
53,3.1255291356235,0.5530547857438,0.3139028230539,0.3933576586429,100000.0000000000000,15.1439384097487
54,3.1253914398069,0.5529371525242,0.3137187614817,0.3932395597435,100000.0000000000000,15.1439384097487
55,3.1255042346733,0.5529371525242,0.3137119860391,0.3932387359824,100000.0000000000000,15.1439384097487
56,3.1254995282586,0.5529371525242,0.3131642208142,0.3930430389495,100000.0000000000000,15.1439384097487
57,3.1255442718325,0.5528903185040,0.3131622268003,0.3930228881973,100000.0000000000000,15.1439384097487
58,3.1256205038236,0.5529371525242,0.3130213226857,0.3929937156997,100000.0000000000000,15.1439384097487
59,3.1256225811961,0.5529371525242,0.3128534927712,0.3929338058392,100000.0000000000000,15.1439384097487
60,3.1257434497859,0.5528195193046,0.3127922630543,0.3928632341287,100000.0000000000000,15.1439384097487
61,3.1257254517942,0.5527018860849,0.3128203091323,0.3928225816778,100000.0000000000000,15.1439384097487
62,3.1257204486216,0.5525842528653,0.3128006934285,0.3927650910377,100000.0000000000000,15.1439384097487
63,3.1257834478589,0.5525842528653,0.3127219159890,0.3927378476729,100000.0000000000000,15.1439384097487
64,3.1258978099411,0.5526310868856,0.3126586628157,0.3927369471926,100000.0000000000000,15.1439384097487
65,3.1258785724608,0.5525134536659,0.3125912000126,0.3926621668883,100000.0000000000000,15.1439384097487
66,3.1258795881703,0.5523958204463,0.3125481239224,0.3925963827056,100000.0000000000000,15.1439384097487
67,3.1258708913442,0.5523958204463,0.3121379617567,0.3924497731584,100000.0000000000000,15.1439384097487
68,3.1258524438516,0.5523489864261,0.3121441876107,0.3924316639239,100000.0000000000000,15.1439384097487
69,3.1258566320561,0.5523021524058,0.3121247052420,0.3924046934750,100000.0000000000000,15.1439384097487
70,3.1258565399715,0.5521845191862,0.3120178708018,0.3923161227777,100000.0000000000000,15.1439384097487
71,3.1259121325630,0.5521845191862,0.3113136214155,0.3920653917712,100000.0000000000000,15.1439384097487
72,3.1259864250746,0.5521376851660,0.3113364046002,0.3920545081340,100000.0000000000000,15.1439384097487
73,3.1260995161162,0.5521376851660,0.3111992828133,0.3920071362980,100000.0000000000000,15.1439384097487
74,3.1260808740256,0.5520200519464,0.3112092888428,0.3919600318586,100000.0000000000000,15.1439384097487
75,3.1261869931097,0.5519732179261,0.3112137942829,0.3919430707993,100000.0000000000000,15.1439384097487
76,3.1261171093698,0.5519732179261,0.3111382278466,0.3919150939361,100000.0000000000000,15.1439384097487
77,3.1260086488336,0.5519732179261,0.3110245899594,0.3918729742671,100000.0000000000000,15.1439384097487
78,3.1260037474264,0.5519732179261,0.3109106369719,0.3918322074170,100000.0000000000000,15.1439384097487
79,3.1261276316054,0.5519732179261,0.3108858372232,0.3918251033167,100000.0000000000000,15.1439384097487
80,3.1262631621807,0.5518555847065,0.3108367703560,0.3917590829471,100000.0000000000000,15.1439384097487
81,3.1262962631590,0.5518555847065,0.3107921664613,0.3917436213613,100000.0000000000000,15.1439384097487
82,3.1262877258909,0.5518555847065,0.3107220967995,0.3917184756804,100000.0000000000000,15.1439384097487
83,3.1263549591049,0.5517379514869,0.3102935058723,0.3915159446006,100000.0000000000000,15.1439384097487
84,3.1264204047801,0.5516203182673,0.3103071944684,0.3914713451999,100000.0000000000000,15.1439384097487
85,3.1264832684195,0.5515734842470,0.3102778370597,0.3914416782043,100000.0000000000000,15.1439384097487
86,3.1264674570123,0.5514558510274,0.3102875296957,0.3913945018927,98000.0000000000000,15.1439384097487
87,3.1266391484189,0.5514558510274,0.3100137416748,0.3912991498786,98000.0000000000000,15.1439384097487
88,3.1266480579550,0.5513382178078,0.3100010458735,0.3912443274962,98000.0000000000000,15.1439384097487
19106,3.4374692841942,0.0949605900066,0.7836366513544,0.3692075885026,112.7097360368367,15.1439384097487
19435,3.4434457876342,0.0911408434571,0.7773634477132,0.3654146915186,99.8430609174244,15.1439384097487
19437,3.4435862067194,0.0912584766767,0.7771592208504,0.3653941545110,99.8430609174244,15.1439384097487
19439,3.4436532608603,0.0912584766767,0.7770764749097,0.3653655512009,99.8430609174244,15.1439384097487
20378,3.4530444140320,0.0800177278419,0.7801443409626,0.3617766380504,72.2661799090095,15.1439384097487
20379,3.4530840701967,0.0799708938216,0.7801947945408,0.3617751465946,72.2661799090095,15.1439384097487
20383,3.4531640287605,0.0798801897504,0.7801869926589,0.3617346184432,72.2661799090095,15.1439384097487
20388,3.4530031735669,0.0796059344439,0.7801234251845,0.3615921016950,72.2661799090095,15.1439384097487
20389,3.4530167559522,0.0795591004236,0.7799248157614,0.3615012902251,72.2661799090095,15.1439384097487
20391,3.4529726529962,0.0794414672040,0.7800411220423,0.3614917898917,72.2661799090095,15.1439384097487
20400,3.4527389128402,0.0793144297175,0.7801026211442,0.3614560018121,72.2661799090095,15.1439384097487
20402,3.4527143133503,0.0794030788435,0.7793033357831,0.3612081871559,69.4044391846127,15.1439384097487
20406,3.4525962505612,0.0791678124042,0.7794949931642,0.3611741371661,69.4044391846127,15.1439384097487
20407,3.4526224944348,0.0791259972985,0.7795400444970,0.3611726775173,69.4044391846127,15.1439384097487
20408,3.4526602527672,0.0791259972985,0.7793699461589,0.3611124623887,69.4044391846127,15.1439384097487
20409,3.4526826656941,0.0790791632783,0.7793446537616,0.3610836748081,69.4044391846127,15.1439384097487
20410,3.4526703092767,0.0791259972985,0.7779544137473,0.3606070573977,69.4044391846127,15.1439384097487
20411,3.4527175788404,0.0791728313188,0.7778142361330,0.3605777345482,69.4044391846127,15.1439384097487
20413,3.4527621822406,0.0790599084964,0.7778656428761,0.3605483297391,69.4044391846127,15.1439384097487
20417,3.4527318919379,0.0791560777303,0.7775985768673,0.3604937358019,69.4044391846127,15.1439384097487
20427,3.4527468614094,0.0790144958592,0.7776831842273,0.3604634865885,69.4044391846127,15.1439384097487
20428,3.4527747770291,0.0790144958592,0.7776628190427,0.3604566083124,69.4044391846127,15.1439384097487
20429,3.4528031428181,0.0790144958592,0.7776281014322,0.3604446105398,69.4044391846127,15.1439384097487
20430,3.4527944073145,0.0790050915924,0.7775393738622,0.3604087681151,69.4044391846127,15.1439384097487
20435,3.4528532288911,0.0790519256126,0.7771706817767,0.3602979964146,69.4044391846127,15.1439384097487
20436,3.4529067662366,0.0790050915924,0.7770805627235,0.3602464968653,69.4044391846127,15.1439384097487
20437,3.4529718193265,0.0790050915924,0.7769369872598,0.3601961404109,69.4044391846127,15.1439384097487
20438,3.4531086677641,0.0790050915924,0.7769040568604,0.3601863159502,69.4044391846127,15.1439384097487
20439,3.4530138894604,0.0790050915924,0.7763093330204,0.3599725734721,69.4044391846127,15.1439384097487
20441,3.4531827775459,0.0788968626396,0.7763335119137,0.3599372147093,69.4044391846127,15.1439384097487
20443,3.4532029466092,0.0788968626396,0.7762243691540,0.3598985205432,69.4044391846127,15.1439384097487
20445,3.4533779106764,0.0788857450002,0.7761218086171,0.3598596028072,69.4044391846127,15.1439384097487
20475,3.4540070614499,0.0785115356142,0.7764425106304,0.3598226662307,69.4044391846127,15.1439384097487
20476,3.4540734410534,0.0785115356142,0.7762844982418,0.3597671725017,69.4044391846127,15.1439384097487
20477,3.4541155990254,0.0785115356142,0.7761362456212,0.3597148216697,69.4044391846127,15.1439384097487
20481,3.4541772796695,0.0784647015940,0.7761576349552,0.3597032617716,69.4044391846127,15.1439384097487
20483,3.4542505656782,0.0784552973271,0.7760867547593,0.3596749540080,69.4044391846127,15.1439384097487
20484,3.4542454280138,0.0784552973271,0.7760732737306,0.3596700666573,69.4044391846127,15.1439384097487
20485,3.4543649921037,0.0784552973271,0.7757739474519,0.3595648562387,69.4044391846127,15.1439384097487
20486,3.4544286329183,0.0784552973271,0.7757529267392,0.3595582493546,68.0163504009204,15.1439384097487
20487,3.4543938843976,0.0784552973271,0.7756762830443,0.3595303849172,68.0163504009204,15.1439384097487
20488,3.4544104537402,0.0785021313473,0.7756055043597,0.3595254129936,68.0163504009204,15.1439384097487
20493,3.4542308124235,0.0783723006779,0.7752127244109,0.3593269508123,68.0163504009204,15.1439384097487
20494,3.4542542370506,0.0783254666577,0.7752131457718,0.3593073610323,68.0163504009204,15.1439384097487
20500,3.4541912284877,0.0780433661982,0.7755345235461,0.3593003470450,68.0163504009204,15.1439384097487
20501,3.4541689971119,0.0780433661982,0.7755333872702,0.3592996266597,68.0163504009204,15.1439384097487
20502,3.4540715452215,0.0779965321780,0.7752479563047,0.3591762363685,68.0163504009204,15.1439384097487
20504,3.4540868593874,0.0779965321780,0.7752434266470,0.3591748353280,68.0163504009204,15.1439384097487
20527,3.4547349705109,0.0773537034344,0.7758169863380,0.3591133507708,68.0163504009204,15.1439384097487
20529,3.4549711642415,0.0773333357868,0.7756632856018,0.3590530707844,68.0163504009204,15.1439384097487
20530,3.4549231397144,0.0773333357868,0.7756280975401,0.3590398240757,68.0163504009204,15.1439384097487
20531,3.4547809152946,0.0773433570881,0.7755952568950,0.3590303776513,68.0163504009204,15.1439384097487
20538,3.4550322341216,0.0772965230679,0.7754967597557,0.3589786845231,68.0163504009204,15.1439384097487
20539,3.4551171087022,0.0772965230679,0.7754397387775,0.3589595208577,68.0163504009204,15.1439384097487
20540,3.4550654002988,0.0772965230679,0.7752696404395,0.3588980397808,68.0163504009204,15.1439384097487
20555,3.4547344292035,0.0772410726016,0.7753121659289,0.3588847797512,68.0163504009204,15.1439384097487
20556,3.4548927635659,0.0771942385814,0.7753359500746,0.3588754427866,68.0163504009204,15.1439384097487
20559,3.4550377069221,0.0772031635447,0.7753042518839,0.3588699979273,68.0163504009204,15.1439384097487
20561,3.4550593785543,0.0772333817074,0.7751284719480,0.3588204766721,68.0163504009204,15.1439384097487
20562,3.4550120144801,0.0772333817074,0.7751013282398,0.3588101122921,68.0163504009204,15.1439384097487
20563,3.4551007617048,0.0772634456114,0.7749062288301,0.3587545742291,68.0163504009204,15.1439384097487
20574,3.4553887824639,0.0771639708356,0.7748918010167,0.3587108648663,65.3229029250440,15.1439384097487
20578,3.4551826999328,0.0771639708356,0.7748176952114,0.3586814824532,65.3229029250440,15.1439384097487
20579,3.4551232631385,0.0771639708356,0.7747559615215,0.3586585936802,65.3229029250440,15.1439384097487
20582,3.4552620529096,0.0771639708356,0.7745943881544,0.3586028527721,65.3229029250440,15.1439384097487
20594,3.4553751949151,0.0772061109863,0.6609055552993,0.3180193591974,65.3229029250440,15.1439384097487
20595,3.4553765060704,0.0770884777666,0.6607298566065,0.3179062139800,65.3229029250440,15.1439384097487
20596,3.4553697415948,0.0770416437464,0.6605400522237,0.3178182592606,65.3229029250440,15.1439384097487
20597,3.4554971462299,0.0770416437464,0.6603888310749,0.3177660544746,65.3229029250440,15.1439384097487
20599,3.4553631614698,0.0770416437464,0.6599103628350,0.3175932770849,65.3229029250440,15.1439384097487
20600,3.4554905170174,0.0770416437464,0.6597317484257,0.3175312882969,65.3229029250440,15.1439384097487
20607,3.4556235813541,0.0770028091377,0.6596523039461,0.3174881547162,65.3229029250440,15.1439384097487
20610,3.4555752869983,0.0770028091377,0.6593943766441,0.3173953544607,65.3229029250440,15.1439384097487
20612,3.4556947229976,0.0768851759181,0.6594580037947,0.3173693542175,65.3229029250440,15.1439384097487
20613,3.4556715001550,0.0768851759181,0.6594508674970,0.3173664769381,65.3229029250440,15.1439384097487
23831,3.4868749459617,0.0459363342042,0.6579438447048,0.3040059918748,20.6515089961657,15.1439384097487
23835,3.4868518061832,0.0457659224981,0.6581224535548,0.3039964197351,20.6515089961657,15.1439384097487
23836,3.4868346216195,0.0457659224981,0.6580938358308,0.3039859559590,20.6515089961657,15.1439384097487
23837,3.4868321091611,0.0457764065753,0.6579556621109,0.3039410658267,20.6515089961657,15.1439384097487
23846,3.4868778079420,0.0456475014576,0.6579962617493,0.3039009672818,20.6515089961657,15.1439384097487
24345,3.4877299257736,0.0417299053570,0.6587962092116,0.3025197504569,17.2181494101638,15.1439384097487
24348,3.4877805169345,0.0417299053570,0.6587854244220,0.3025166146079,17.2181494101638,15.1439384097487
24349,3.4878153013932,0.0417767393773,0.6584791011885,0.3024277773738,17.2181494101638,15.1439384097487
24353,3.4877329719504,0.0417935094935,0.6580434704842,0.3022782172160,17.2181494101638,15.1439384097487
24355,3.4877248613432,0.0417935094935,0.6579105504722,0.3022306310185,17.2181494101638,15.1439384097487
24356,3.4876346524646,0.0417935094935,0.6579128540931,0.3022301772907,17.2181494101638,15.1439384097487
24357,3.4877589715145,0.0417466754732,0.6575486381836,0.3020817875634,17.2181494101638,15.1439384097487
25871,3.4945319108392,0.0341155564137,0.6579111778041,0.2990366230403,9.9790802642057,15.1439384097487
25872,3.4945833500596,0.0341005161978,0.6578197446438,0.2989982503949,9.9790802642057,15.1439384097487
25875,3.4946358438614,0.0341511020082,0.6576054185391,0.2989441277742,9.9790802642057,15.1439384097487
25877,3.4947725495337,0.0341042679880,0.6575862998794,0.2989191623347,9.9790802642057,15.1439384097487
25880,3.4948794626129,0.0341210381041,0.6574645302413,0.2988843731837,9.9790802642057,15.1439384097487
25881,3.4948415066814,0.0341678721244,0.6573871012538,0.2988762546230,9.9790802642057,15.1439384097487
25889,3.4947778391280,0.0341782184707,0.6573662673980,0.2988723472170,9.9790802642057,15.1439384097487
25890,3.4947404445268,0.0341782184707,0.6571606968737,0.2987984000415,9.9790802642057,15.1439384097487
25891,3.4947552934854,0.0341782184707,0.6571287182127,0.2987871892029,9.9790802642057,15.1439384097487
25893,3.4945806578780,0.0341699105419,0.6570900599631,0.2987673510622,9.9790802642057,15.1439384097487
25899,3.4947464097901,0.0340175030209,0.6572563233540,0.2987637587141,9.9790802642057,15.1439384097487
25900,3.4946378496652,0.0340118670719,0.6571323927554,0.2987155462608,9.9790802642057,15.1439384097487
25904,3.4945198238743,0.0340118670719,0.6570569013948,0.2986869150036,9.9790802642057,15.1439384097487
25924,3.4943447306471,0.0338353070577,0.5531552759894,0.2615010455096,9.9790802642057,15.1439384097487
25926,3.4944279844412,0.0337280201844,0.5532763560053,0.2614994863194,9.7794986589216,15.1439384097487
25927,3.4944789298057,0.0336811861642,0.5532341725615,0.2614650699543,9.7794986589216,15.1439384097487
25928,3.4945705124848,0.0336343521440,0.5532511220497,0.2614523475088,9.7794986589216,15.1439384097487
25929,3.4945083949820,0.0336327930300,0.5531263553188,0.2614062408118,9.7794986589216,15.1439384097487
30641,3.5325212205324,0.0122188201340,0.5466221978366,0.2504437894056,1.8284406751015,15.1439384097487
30642,3.5324653012388,0.0121696391789,0.5465155429512,0.2503838295687,1.8284406751015,15.1439384097487
30643,3.5325763284228,0.0121696391789,0.5464316754987,0.2503554479343,1.8284406751015,15.1439384097487
30645,3.5325369061732,0.0121696391789,0.5463416230576,0.2503227285260,1.8284406751015,15.1439384097487
30656,3.5330198770328,0.0122442066962,0.5461332630749,0.2502871057592,1.8284406751015,15.1439384097487
30657,3.5330199907453,0.0122476499690,0.5460517941763,0.2502594870214,1.8284406751015,15.1439384097487
31070,3.5365429964221,0.0106164256170,0.5458518486172,0.2495388320366,1.5873160360825,15.1439384097487
31185,3.5365335284380,0.0103454427970,0.5459242124261,0.2494484067885,1.5244583210536,15.1439384097487
31186,3.5364094341314,0.0103539049844,0.5458135551762,0.2494107570677,1.5244583210536,15.1439384097487
31194,3.5362501626008,0.0103023936223,0.5457320562487,0.2493573203283,1.5244583210536,15.1439384097487
31195,3.5363988933648,0.0103023936223,0.5455678489744,0.2493007794036,1.5244583210536,15.1439384097487
31196,3.5364316689910,0.0103277636567,0.5454925597335,0.2492852270338,1.5244583210536,15.1439384097487
31201,3.5360933113868,0.0103277636567,0.4538159132382,0.2165387798338,1.4939691546325,15.1439384097487
31202,3.5362315260537,0.0102403651275,0.4537552822896,0.2164816251393,1.4939691546325,15.1439384097487
31203,3.5362056140570,0.0102403651275,0.4537009329490,0.2164618480075,1.4939691546325,15.1439384097487
31204,3.5361275110435,0.0101935311073,0.4535995223692,0.2164044530679,1.4939691546325,15.1439384097487
31205,3.5361676304906,0.0101466970871,0.4535157711207,0.2163550378723,1.4939691546325,15.1439384097487
31294,3.5375211807509,0.0105017894221,0.3706550666002,0.1869332641898,1.4348079761091,15.1439384097487
31295,3.5373694143109,0.0105017894221,0.3703163478452,0.1868101457209,1.4348079761091,15.1439384097487
31296,3.5374600028037,0.0104618419476,0.3702452572821,0.1867689177090,1.4348079761091,15.1439384097487
31298,3.5371428069365,0.0104845565300,0.3701958106439,0.1867565047161,1.4348079761091,15.1439384097487
31299,3.5371322017379,0.0104845565300,0.3694465522714,0.1864887623773,1.4348079761091,15.1439384097487
31338,3.5377056524568,0.0104962746763,0.2976679567844,0.1608666860554,1.4348079761091,15.1439384097487
31339,3.5378071828146,0.0104962746763,0.2356696418334,0.1387258673635,1.4348079761091,15.1439384097487
31343,3.5380501411095,0.0105039490428,0.2354822985376,0.1386656859014,1.4348079761091,15.1439384097487
31344,3.5380921672381,0.0105507830631,0.2353893357411,0.1386531512925,1.4348079761091,15.1439384097487
31345,3.5382194248556,0.0105039490428,0.2351920651631,0.1385644264785,1.4348079761091,15.1439384097487
31346,3.5382409324801,0.0105507830631,0.2350761502261,0.1385434043411,1.4348079761091,15.1439384097487
31347,3.5385134165493,0.0105507830631,0.2347798464754,0.1384414372043,1.4348079761091,15.1439384097487
31350,3.5381670015927,0.0104400529169,0.2346303850195,0.1383357005875,1.4348079761091,15.1439384097487
31351,3.5381810041923,0.0104400529169,0.2345638075753,0.1383121210647,1.4348079761091,15.1439384097487
31352,3.5380739321071,0.0104290895361,0.2344035747261,0.1382486813926,1.4348079761091,15.1439384097487
31353,3.5381432248349,0.0104290895361,0.2342714118709,0.1382024608603,1.4348079761091,15.1439384097487
31354,3.5381350860461,0.0103822555158,0.2342848711072,0.1381870808441,1.4348079761091,15.1439384097487
31371,3.5376404107545,0.0106560480465,0.2339430460628,0.1381753405049,1.4061118165869,15.1439384097487
31372,3.5375983003993,0.0106560480465,0.2338508896858,0.1381418316544,1.4061118165869,15.1439384097487
31373,3.5376508649759,0.0106560480465,0.2338122883241,0.1381287892391,1.4061118165869,15.1439384097487
31374,3.5374821709113,0.0106560480465,0.2337613774469,0.1381082197732,1.4061118165869,15.1439384097487
41212,3.5953145041850,0.0043849666773,0.2241024997414,0.1327893379342,0.0426708164655,15.1439384097487
41222,3.5952888002837,0.0044383787260,0.2238550611626,0.1327234941828,0.0426708164655,15.1439384097487
41223,3.5951877326148,0.0044852127462,0.2237629152510,0.1327092265508,0.0426708164655,15.1439384097487
41225,3.5949633810312,0.0044383787260,0.2237529242234,0.1326824120439,0.0426708164655,15.1439384097487
41230,3.5949295962300,0.0044003154104,0.2237726536759,0.1326726673747,0.0426708164655,15.1439384097487
41232,3.5950704581665,0.0044170855266,0.2236622474528,0.1326424169603,0.0426708164655,15.1439384097487
41257,3.5955934558066,0.0043816611353,0.2234435571431,0.1325565317779,0.0426708164655,15.1439384097487
41261,3.5955767033991,0.0043589630806,0.2234088720813,0.1325341794727,0.0418174001362,15.1439384097487
41263,3.5954925794266,0.0043589630806,0.2234094991998,0.1325332130950,0.0418174001362,15.1439384097487
41296,3.5951895351724,0.0044750371862,0.2229471177373,0.1324135348477,0.0418174001362,15.1439384097487
41297,3.5951275853208,0.0044750371862,0.2228333065727,0.1323720114170,0.0418174001362,15.1439384097487
41298,3.5950218069785,0.0044894438399,0.2227749431613,0.1323558448652,0.0418174001362,15.1439384097487
41299,3.5950478024984,0.0044894438399,0.2213847031469,0.1318596984092,0.0418174001362,15.1439384097487
41300,3.5951046157424,0.0044894438399,0.2213719240420,0.1318559383467,0.0418174001362,15.1439384097487
41301,3.5952153657917,0.0044894438399,0.2212322616029,0.1318076260100,0.0418174001362,15.1439384097487
41322,3.5955089633980,0.0042048587147,0.2211179095691,0.1316489753307,0.0409810521335,15.1439384097487
41323,3.5954660333390,0.0042516927350,0.2210304474254,0.1316372031163,0.0409810521335,15.1439384097487
41324,3.5953872455088,0.0042426135131,0.2210007849415,0.1316216034345,0.0409810521335,15.1439384097487
41327,3.5955633504910,0.0042894475333,0.2207758182861,0.1315638217971,0.0409810521335,15.1439384097487
41378,3.5963464898829,0.0042645072193,0.2206088437813,0.1315045807093,0.0401614310908,15.1439384097487
41379,3.5961843580364,0.0042595048325,0.2205512350924,0.1314795681427,0.0401614310908,15.1439384097487
41380,3.5962895935496,0.0042126708122,0.2204894624453,0.1314389238355,0.0401614310908,15.1439384097487
41381,3.5964341426507,0.0041041168145,0.2203140880737,0.1313318123496,0.0401614310908,15.1439384097487
41382,3.5963498871084,0.0041509508347,0.1682795035668,0.1127669116813,0.0401614310908,15.1439384097487
41545,3.5964969741671,0.0042669918850,0.1280225775802,0.0984412512653,0.0377996176513,15.1439384097487
41546,3.5964251424862,0.0042936290439,0.1273911403448,0.0982261374787,0.0377996176513,15.1439384097487
41547,3.5965149615173,0.0042467950237,0.1274387623713,0.0982243445556,0.0377996176513,15.1439384097487
41548,3.5964995677235,0.0042467950237,0.1273940342935,0.0982081524210,0.0377996176513,15.1439384097487
41549,3.5964364752661,0.0042936290439,0.0962135589306,0.0870914473317,0.0377996176513,15.1439384097487
41561,3.5964005988881,0.0042927034921,0.0959623896213,0.0870008396936,0.0377996176513,15.1439384097487
41562,3.5964374918611,0.0042458694719,0.0957606674393,0.0869092463673,0.0377996176513,15.1439384097487
45587,3.6117945910204,0.0046344524561,0.0945060412283,0.0868450030670,0.0090061418105,15.1439384097487
45588,3.6117520682965,0.0045279368760,0.0942595997341,0.0867107370195,0.0090061418105,15.1439384097487
45589,3.6117155811867,0.0045279368760,0.0941856622101,0.0866838144708,0.0090061418105,15.1439384097487
45590,3.6116538938838,0.0045747708962,0.0933959070078,0.0864209578932,0.0090061418105,15.1439384097487
45604,3.6113376639428,0.0044233219824,0.0730109977799,0.0790712518591,0.0090061418105,15.1439384097487
45635,3.6111797231760,0.0042970557890,0.0730630170461,0.0790334812343,0.0090061418105,15.1439384097487
45646,3.6110086164147,0.0042779387381,0.0729635059390,0.0789873273822,0.0088260189743,15.1439384097487
45647,3.6108561271685,0.0042779387381,0.0728013043259,0.0789272405220,0.0088260189743,15.1439384097487
45649,3.6108584448746,0.0042779387381,0.0727380681771,0.0789046889785,0.0088260189743,15.1439384097487
45653,3.6110026045932,0.0043246350274,0.0726702837678,0.0789025328067,0.0088260189743,15.1439384097487
45654,3.6109042833262,0.0042903235019,0.0726694381556,0.0788861346235,0.0088260189743,15.1439384097487
45655,3.6110082120351,0.0043965140372,0.0724566401757,0.0788571161586,0.0088260189743,15.1439384097487
45656,3.6110407867889,0.0044231511961,0.0723687864069,0.0788376166685,0.0088260189743,15.1439384097487
45709,3.6110957034608,0.0040536191519,0.0727410558969,0.0788129762489,0.0088260189743,15.1439384097487
45710,3.6111368559409,0.0040880849360,0.0725961944339,0.0787765933673,0.0088260189743,15.1439384097487
45711,3.6112377741723,0.0040323259525,0.0726110492621,0.0787594299421,0.0088260189743,15.1439384097487
45712,3.6112002444670,0.0040323259525,0.0725991318811,0.0787546426918,0.0088260189743,15.1439384097487
45715,3.6110286382717,0.0040469033925,0.0725602620878,0.0787445798809,0.0088260189743,15.1439384097487
45717,3.6111476002087,0.0040400168468,0.0725048390032,0.0787235178488,0.0088260189743,15.1439384097487
45718,3.6112079303187,0.0040400168468,0.0724587068793,0.0787078957573,0.0088260189743,15.1439384097487
45720,3.6112816686462,0.0040414217021,0.0710221393133,0.0781964813855,0.0088260189743,15.1439384097487
45724,3.6114024133105,0.0040151095882,0.0708040321008,0.0781090178611,0.0086494985948,15.1439384097487
45725,3.6115414619352,0.0040151095882,0.0707679879749,0.0780981124877,0.0086494985948,15.1439384097487
46870,3.6156494389551,0.0046764548759,0.0696396868126,0.0780367090814,0.0057744742136,15.1439384097487
46878,3.6158291684977,0.0047828161975,0.0694599295760,0.0780206366528,0.0057744742136,15.1439384097487
46879,3.6158875337482,0.0047828161975,0.0690458093460,0.0778735624350,0.0057744742136,15.1439384097487
46978,3.6171612891761,0.0047420809021,0.0688080693153,0.0777892208515,0.0055458050347,15.1439384097487
46981,3.6172521610396,0.0047662003399,0.0686152852132,0.0777319921192,0.0055458050347,15.1439384097487
46983,3.6172217750652,0.0047193663197,0.0685912145639,0.0777028937762,0.0055458050347,15.1439384097487
47194,3.6175561227361,0.0043171479749,0.0686140740294,0.0775434095776,0.0051152739856,15.1439384097487
47767,3.6174364954891,0.0039626396189,0.0675556301691,0.0770117690431,0.0042648482382,15.1439384097487
47769,3.6174463640703,0.0040094736392,0.0674778120266,0.0770041882121,0.0042648482382,15.1439384097487
48168,3.6177683803741,0.0040965801789,0.0673538904919,0.0770018184044,0.0036283751780,15.1439384097487
49096,3.6218711888659,0.0040213625717,0.0662001684293,0.0766155931587,0.0026798057993,15.1439384097487
49108,3.6214366444680,0.0038974763686,0.0660664023960,0.0765085767141,0.0026262096833,15.1439384097487
49306,3.6215414984392,0.0041452653026,0.0656678345552,0.0764739099908,0.0024223321933,15.1439384097487
49358,3.6215767383726,0.0038157303161,0.0656789769733,0.0763371587886,0.0023738855495,15.1439384097487
49507,3.6221575574100,0.0043542031002,0.0649766585764,0.0763253233905,0.0022798796817,15.1439384097487
49508,3.6222275583584,0.0043659543018,0.0649406085076,0.0763184751040,0.0022798796817,15.1439384097487
49519,3.6224623587841,0.0044085407006,0.0648660791194,0.0763134311894,0.0022798796817,15.1439384097487
49520,3.6223982970207,0.0043850382973,0.0648420308493,0.0762938635933,0.0022798796817,15.1439384097487
49521,3.6224724699988,0.0043745542201,0.0648378759707,0.0762889360748,0.0022798796817,15.1439384097487
50355,3.6248875208519,0.0043193075956,0.0645874857224,0.0762100066692,0.0016838486907,15.1439384097487
50429,3.6261222304078,0.0043363862290,0.0645091789310,0.0762068304298,0.0016501717168,15.1439384097487
50668,3.6264717605033,0.0040899856227,0.0647748907664,0.0762010730814,0.0015220658502,15.1439384097487
50669,3.6265632297292,0.0040431516024,0.0647081033092,0.0761584429786,0.0015220658502,15.1439384097487
50728,3.6267424444711,0.0036434344510,0.0649330616643,0.0760700137743,0.0014916245331,15.1439384097487
50729,3.6266922940804,0.0036902684713,0.0648395697405,0.0760559858998,0.0014916245331,15.1439384097487
50730,3.6266783595471,0.0036902684713,0.0646921844153,0.0760031511110,0.0014916245331,15.1439384097487
50747,3.6265154919836,0.0035524053349,0.0648547304404,0.0759998144963,0.0014916245331,15.1439384097487
50749,3.6265270903104,0.0035524053349,0.0648475227294,0.0759974044294,0.0014916245331,15.1439384097487
50750,3.6266586638857,0.0035992393551,0.0647430813154,0.0759820374046,0.0014916245331,15.1439384097487
50752,3.6268749529343,0.0035658699091,0.0644652685593,0.0758715778476,0.0014916245331,15.1439384097487
50753,3.6269026311885,0.0036127039294,0.0641815268333,0.0757907048853,0.0014916245331,15.1439384097487
51098,3.6287089628256,0.0040226131684,0.0635151176875,0.0757539364788,0.0013213442278,15.1439384097487
51101,3.6286536396048,0.0040088235492,0.0634107229027,0.0757099599704,0.0013213442278,15.1439384097487
51846,3.6309531024553,0.0046800193520,0.0624991542140,0.0757045923138,0.0010161432951,15.1439384097487
52402,3.6341657334792,0.0040805483004,0.0629163593143,0.0756421364842,0.0008302630543,15.1439384097487
52404,3.6343115504464,0.0040670837262,0.0629000402127,0.0756326010021,0.0008302630543,15.1439384097487
52405,3.6343588895686,0.0041088988319,0.0628148773815,0.0756207763103,0.0008302630543,15.1439384097487
52438,3.6345539188062,0.0041890857704,0.0625949653314,0.0755793617738,0.0008302630543,15.1439384097487
52440,3.6344855414596,0.0041890857704,0.0625761727623,0.0755716826071,0.0008302630543,15.1439384097487
52441,3.6344481081889,0.0041422517502,0.0626081202171,0.0755624910112,0.0008302630543,15.1439384097487
52443,3.6344574332157,0.0042016247929,0.0624955529292,0.0755478659466,0.0008302630543,15.1439384097487
52444,3.6343873771543,0.0042016247929,0.0623457318137,0.0754933671168,0.0008302630543,15.1439384097487
52448,3.6343477156754,0.0040746038341,0.0624267374632,0.0754672989448,0.0008136577932,15.1439384097487
52449,3.6343614431220,0.0039569706145,0.0625357420427,0.0754560091573,0.0008136577932,15.1439384097487
52453,3.6345260636802,0.0038435519608,0.0626283991493,0.0754428223565,0.0008136577932,15.1439384097487
52454,3.6344547397870,0.0038208373784,0.0625129117651,0.0753908328128,0.0008136577932,15.1439384097487
52610,3.6351795371385,0.0043540157861,0.0618117072324,0.0753791634884,0.0007814369446,15.1439384097487
52611,3.6353655401240,0.0043071817659,0.0617752955128,0.0753487195097,0.0007814369446,15.1439384097487
52612,3.6354569430348,0.0043071817659,0.0617182745346,0.0753296482197,0.0007814369446,15.1439384097487
52614,3.6353704102214,0.0043071817659,0.0617177528336,0.0753282374644,0.0007814369446,15.1439384097487
53029,3.6359584871720,0.0041083148528,0.0619193306885,0.0753233221279,0.0006783853643,15.1439384097487
53032,3.6359657086340,0.0042043298280,0.0616792109352,0.0752788165314,0.0006783853643,15.1439384097487
53170,3.6366753860138,0.0036594002187,0.0620061395853,0.0751720773898,0.0006384908778,15.1439384097487
53171,3.6368104176361,0.0036056631250,0.0620265903018,0.0751582617225,0.0006384908778,15.1439384097487
53175,3.6368695613831,0.0035906229091,0.0619407112369,0.0751219817012,0.0006384908778,15.1439384097487
53176,3.6368568411030,0.0035951625201,0.0618423598305,0.0750886217554,0.0006384908778,15.1439384097487
53188,3.6366642299871,0.0036213369031,0.0617497890395,0.0750640529169,0.0006384908778,15.1439384097487
53416,3.6371599728100,0.0038317456668,0.0613285370883,0.0750107957037,0.0005889236561,15.1439384097487
53417,3.6371844145391,0.0038317456668,0.0610952001276,0.0749278069237,0.0005889236561,15.1439384097487
53418,3.6370474218656,0.0039205490514,0.0607583546589,0.0748436251268,0.0005889236561,15.1439384097487
53419,3.6370476950407,0.0038586748153,0.0607414508404,0.0748110743844,0.0005889236561,15.1439384097487
53420,3.6370025757228,0.0038586748153,0.0606329606676,0.0747716894588,0.0005889236561,15.1439384097487
53559,3.6368870808766,0.0038171516991,0.0603398191738,0.0746475662026,0.0005542902337,15.1439384097487
55472,3.6394536053890,0.0038431057127,0.0599228252916,0.0745460791148,0.0002903833083,15.1439384097487
58432,3.6494521052329,0.0036613174330,0.0596986380465,0.0745295810820,0.0001146492269,15.1439384097487
58447,3.6496358151956,0.0037167844270,0.0595797840543,0.0745135042801,0.0001146492269,15.1439384097487
58448,3.6495757694546,0.0037788129217,0.0594336645112,0.0744870527264,0.0001146492269,15.1439384097487
58449,3.6496384497939,0.0037521757628,0.0594575245900,0.0744850451805,0.0001146492269,15.1439384097487
59798,3.6492547598902,0.0037598005462,0.0594135262831,0.0744671700773,0.0000765407379,15.1439384097487
62249,3.6536500732291,0.0036614055808,0.0593323953874,0.0744582188759,0.0000392964341,15.1439384097487
62253,3.6537181629023,0.0036894310673,0.0592536971290,0.0744430867421,0.0000392964341,15.1439384097487
62314,3.6538773974837,0.0036122411535,0.0593342332639,0.0744410214145,0.0000385105054,15.1439384097487
62317,3.6538818947635,0.0035024365590,0.0592875812529,0.0743773645063,0.0000385105054,15.1439384097487
62318,3.6540579577491,0.0035492705793,0.0591003043014,0.0743330428832,0.0000385105054,15.1439384097487
62321,3.6540577602856,0.0035246718379,0.0590639361335,0.0743095091400,0.0000385105054,15.1439384097487
62322,3.6540407539767,0.0036307246422,0.0588518533466,0.0742789758512,0.0000385105054,15.1439384097487
62325,3.6541135502469,0.0036307246422,0.0588176007903,0.0742677728578,0.0000385105054,15.1439384097487
62329,3.6540964116248,0.0036026991557,0.0588217398031,0.0742569976434,0.0000385105054,15.1439384097487
62330,3.6540337768635,0.0036026991557,0.0588229800404,0.0742565543077,0.0000385105054,15.1439384097487
62331,3.6539562739617,0.0036026991557,0.0587633052060,0.0742341452059,0.0000385105054,15.1439384097487
62448,3.6534042663742,0.0032828438979,0.0590157615842,0.0741794165030,0.0000369854894,15.1439384097487
62637,3.6550651166328,0.0029645477540,0.0592357255356,0.0741450633439,0.0000355208640,15.1439384097487
62639,3.6549120105373,0.0030477151896,0.0590632682258,0.0741169481932,0.0000355208640,15.1439384097487
62640,3.6547790402165,0.0030362725052,0.0590401938406,0.0741019218126,0.0000355208640,15.1439384097487
62645,3.6547605538801,0.0030235792241,0.0590485628617,0.0740992091907,0.0000355208640,15.1439384097487
62783,3.6548547240594,0.0032842487532,0.0586909510325,0.0740845386945,0.0000341142378,15.1439384097487
62888,3.6552743898592,0.0032297568941,0.0583366713746,0.0739405948343,0.0000341142378,15.1439384097487
62890,3.6553060541707,0.0032297568941,0.0583161579785,0.0739337166693,0.0000341142378,15.1439384097487
62899,3.6554667364959,0.0032126782607,0.0582894178673,0.0739191208594,0.0000341142378,15.1439384097487
62900,3.6555578110786,0.0033046164009,0.0581584296947,0.0739130301285,0.0000341142378,15.1439384097487
62901,3.6555651472565,0.0032596500119,0.0581939482993,0.0739065478413,0.0000327633140,15.1439384097487
62904,3.6556532672726,0.0032784585456,0.0581638281268,0.0739050983293,0.0000327633140,15.1439384097487
62917,3.6556093472748,0.0032784585456,0.0581286675959,0.0738919195318,0.0000327633140,15.1439384097487
62948,3.6558136688680,0.0033657028162,0.0579747761712,0.0738772398472,0.0000327633140,15.1439384097487
63121,3.6555721335365,0.0031237040898,0.0582421119376,0.0738655854580,0.0000321080477,15.1439384097487
63202,3.6566646340682,0.0029428083065,0.0583584406694,0.0738450634787,0.0000314658867,15.1439384097487
63203,3.6565386388729,0.0028959742862,0.0583921118854,0.0738352343665,0.0000314658867,15.1439384097487
63276,3.6568621391707,0.0030685951962,0.0580843144900,0.0738038646228,0.0000308365690,15.1439384097487
63874,3.6574488562859,0.0029752191453,0.0581227933653,0.0737858907786,0.0000273163397,15.1439384097487
64444,3.6554549385819,0.0030801756115,0.0580402483813,0.0737731779679,0.0000237140120,15.1439384097487
64448,3.6555507441812,0.0030801756115,0.0580304020660,0.0737710170696,0.0000237140120,15.1439384097487
64460,3.6555364601137,0.0030333415913,0.0578865490525,0.0736993671518,0.0000237140120,15.1439384097487
64540,3.6554326589030,0.0030584031085,0.0578081246672,0.0736806303128,0.0000237140120,15.1439384097487
64583,3.6554516082470,0.0030543428012,0.0577902098075,0.0736727601488,0.0000232397317,15.1439384097487
64626,3.6557592168835,0.0029871411333,0.0578427636818,0.0736670813164,0.0000227749371,15.1439384097487
64724,3.6556707393495,0.0028885919092,0.0579448035102,0.0736600367793,0.0000227749371,15.1439384097487
64727,3.6556917821877,0.0028885919092,0.0579387004175,0.0736581548582,0.0000227749371,15.1439384097487
64739,3.6556713438067,0.0029313656221,0.0578421931172,0.0736417303547,0.0000227749371,15.1439384097487
64762,3.6556743536951,0.0029313656221,0.0578167902940,0.0736327005075,0.0000227749371,15.1439384097487
64955,3.6557407387324,0.0028328163980,0.0578801696040,0.0736140399375,0.0000214355886,15.1439384097487
64973,3.6555710128506,0.0029000180659,0.0577850958516,0.0736064841309,0.0000214355886,15.1439384097487
65160,3.6549954998824,0.0027869079295,0.0579261395801,0.0736002376484,0.0000205867393,15.1439384097487
65532,3.6547631971755,0.0027209733860,0.0580036306448,0.0735963682994,0.0000193760743,15.1439384097487
65537,3.6548313192155,0.0026943362271,0.0579956688985,0.0735830728156,0.0000193760743,15.1439384097487
65539,3.6548290892648,0.0027189349685,0.0579021593918,0.0735601873273,0.0000193760743,15.1439384097487
65615,3.6555621518976,0.0027380520194,0.0577712526447,0.0735320007266,0.0000189885528,15.1439384097487
65892,3.6551180458750,0.0027292813148,0.0577004938328,0.0734966867785,0.0000178718740,15.1439384097487
65902,3.6550647732669,0.0027444757893,0.0576740969887,0.0734930174479,0.0000178718740,15.1439384097487
65904,3.6548296201919,0.0027095472293,0.0576882799353,0.0734797860029,0.0000178718740,15.1439384097487
66024,3.6548092605324,0.0027386690539,0.0576412433084,0.0734751799017,0.0000175144365,15.1439384097487
66053,3.6548793047993,0.0027972542758,0.0574339635642,0.0734272504956,0.0000171641478,15.1439384097487
67592,3.6559715037572,0.0026619253883,0.0575434838560,0.0734238213330,0.0000129356217,15.1439384097487
67593,3.6561105447601,0.0026395193231,0.0574780838577,0.0733928290122,0.0000129356217,15.1439384097487
67595,3.6561933456590,0.0025926853028,0.0575179839623,0.0733881789538,0.0000129356217,15.1439384097487
67596,3.6561948690271,0.0025621420952,0.0575344333682,0.0733809853510,0.0000129356217,15.1439384097487
67633,3.6560329920016,0.0026233992968,0.0574282228913,0.0733670155752,0.0000129356217,15.1439384097487
67651,3.6558279972830,0.0025848566777,0.0574436649125,0.0733531116559,0.0000129356217,15.1439384097487
67674,3.6558116433006,0.0025198476859,0.0574562511125,0.0733295143231,0.0000126769092,15.1439384097487
67688,3.6558007740251,0.0025157873786,0.0573900264321,0.0733039687203,0.0000124233711,15.1439384097487
67723,3.6557831961007,0.0024553014701,0.0574174144279,0.0732875788887,0.0000124233711,15.1439384097487
67727,3.6557056698400,0.0024553014701,0.0573965303190,0.0732790232870,0.0000124233711,15.1439384097487
68725,3.6559458838970,0.0025121733193,0.0572841281325,0.0732666523114,0.0000105693447,15.1439384097487
68728,3.6558811729305,0.0025121733193,0.0572829352211,0.0732653106158,0.0000105693447,15.1439384097487
68788,3.6558994259754,0.0025121733193,0.0572645732078,0.0732590110333,0.0000105693447,15.1439384097487
68898,3.6559070493689,0.0026058413598,0.0571278814174,0.0732504438531,0.0000101507987,15.1439384097487
68910,3.6558763818148,0.0025590073396,0.0571708771935,0.0732452938207,0.0000101507987,15.1439384097487
69148,3.6559395588840,0.0025724884415,0.0571416088650,0.0732415124126,0.0000099477827,15.1439384097487
69412,3.6559212330880,0.0025997591626,0.0570948369907,0.0732362363149,0.0000093627735,15.1439384097487
69413,3.6559773699945,0.0025997591626,0.0570860183264,0.0732338811254,0.0000093627735,15.1439384097487
69429,3.6559535376339,0.0025798542908,0.0570373812714,0.0732076428630,0.0000093627735,15.1439384097487
69467,3.6559046796472,0.0025889335127,0.0569888545602,0.0731935116526,0.0000093627735,15.1439384097487
69499,3.6559363694316,0.0025889335127,0.0568775332327,0.0731542024439,0.0000093627735,15.1439384097487
69508,3.6559919155885,0.0024713002931,0.0569910230274,0.0731451062509,0.0000093627735,15.1439384097487
69526,3.6559661046379,0.0024713002931,0.0569833298491,0.0731419934640,0.0000093627735,15.1439384097487
69539,3.6560216382555,0.0025041904355,0.0569284117995,0.0731372614471,0.0000091755180,15.1439384097487
69548,3.6559856412888,0.0025041904355,0.0569189309707,0.0731333660822,0.0000091755180,15.1439384097487
69585,3.6559030479737,0.0025041904355,0.0569070722014,0.0731279621176,0.0000091755180,15.1439384097487
69748,3.6557547442213,0.0024935355720,0.0568815797722,0.0731121928203,0.0000088121675,15.1439384097487
69781,3.6557958614037,0.0024935355720,0.0568563333658,0.0731037580519,0.0000088121675,15.1439384097487
69782,3.6557422486588,0.0024467015517,0.0568723476935,0.0730886471150,0.0000088121675,15.1439384097487
69946,3.6556737164345,0.0023740181934,0.0569584584101,0.0730872812053,0.0000086359242,15.1439384097487
69967,3.6556031502030,0.0023685365030,0.0569639186293,0.0730858834802,0.0000086359242,15.1439384097487
70015,3.6554354848021,0.0023441085480,0.0569312727548,0.0730613826615,0.0000086359242,15.1439384097487
70039,3.6554459126370,0.0023441085480,0.0569150684357,0.0730557429579,0.0000086359242,15.1439384097487
70122,3.6555767686289,0.0023784200735,0.0568274045303,0.0730409909633,0.0000084632057,15.1439384097487
70237,3.6557017683122,0.0024138114093,0.0567442609907,0.0730282332945,0.0000081280627,15.1439384097487
70405,3.6557202508363,0.0024896295232,0.0566457369930,0.0730258011563,0.0000079655015,15.1439384097487
70455,3.6557315069272,0.0024606454295,0.0566573416922,0.0730176832102,0.0000079655015,15.1439384097487
71052,3.6554713899327,0.0024402943096,0.0566730663644,0.0730108966180,0.0000073471249,15.1439384097487
71741,3.6549852226964,0.0024370052953,0.0566746763458,0.0730031828000,0.0000065083946,15.1439384097487
71753,3.6549083339396,0.0024838393156,0.0565891229520,0.0729916117687,0.0000065083946,15.1439384097487
71786,3.6547974747654,0.0025004386454,0.0565587801038,0.0729863203858,0.0000065083946,15.1439384097487
71796,3.6548161240527,0.0025182885720,0.0565325951351,0.0729848824659,0.0000065083946,15.1439384097487
71858,3.6548567669759,0.0025281556147,0.0564937597145,0.0729758165001,0.0000063782268,15.1439384097487
71922,3.6548459469530,0.0025004386454,0.0564565298733,0.0729504883245,0.0000062506622,15.1439384097487
72116,3.6549045784627,0.0025104599468,0.0564340488514,0.0729475838635,0.0000061256490,15.1439384097487
72120,3.6548916378584,0.0025104599468,0.0564146387761,0.0729404685851,0.0000061256490,15.1439384097487
72135,3.6549785539707,0.0025248666004,0.0563450939129,0.0729230352712,0.0000061256490,15.1439384097487
72170,3.6549089181421,0.0024883623988,0.0563877538544,0.0729216409645,0.0000061256490,15.1439384097487
72202,3.6550043522449,0.0025082672706,0.0563575176081,0.0729207233506,0.0000061256490,15.1439384097487
72216,3.6549841495408,0.0025551012908,0.0562845588895,0.0729144525214,0.0000061256490,15.1439384097487
72233,3.6549292253839,0.0025499281177,0.0562346969233,0.0728936504290,0.0000061256490,15.1439384097487
72304,3.6549696519163,0.0025030940975,0.0561939790524,0.0728596086420,0.0000060031360,15.1439384097487
72711,3.6545898379727,0.0024836850570,0.0562301117299,0.0728588206676,0.0000056501036,15.1439384097487
73185,3.6547132436230,0.0024875911057,0.0562179626423,0.0728579019103,0.0000052114756,15.1439384097487
73190,3.6546853405900,0.0024658186027,0.0562378022918,0.0728552616007,0.0000052114756,15.1439384097487
74182,3.6549035544293,0.0025781409183,0.0560807982562,0.0728504145773,0.0000043450561,15.1439384097487
74185,3.6549116162975,0.0025582360465,0.0561005569154,0.0728490546568,0.0000043450561,15.1439384097487
74244,3.6548968353362,0.0025818927084,0.0560465904454,0.0728397103373,0.0000043450561,15.1439384097487
74421,3.6549184368475,0.0025643512991,0.0560354812755,0.0728285306897,0.0000042581550,15.1439384097487
74668,3.6549647846211,0.0025175172788,0.0560374620855,0.0728098222168,0.0000040895321,15.1439384097487
74687,3.6548896474190,0.0024706832586,0.0560844934800,0.0728054842341,0.0000040895321,15.1439384097487
74834,3.6550614624287,0.0025038819183,0.0560069274891,0.0727944412624,0.0000039275866,15.1439384097487
75168,3.6550801177450,0.0025446006859,0.0559516632744,0.0727924189147,0.0000037720542,15.1439384097487
75658,3.6548833933852,0.0025219026312,0.0559858850233,0.0727921295936,0.0000034792227,15.1439384097487
75764,3.6549255602666,0.0025270592766,0.0559707929542,0.0727895462184,0.0000034792227,15.1439384097487
75912,3.6549289963104,0.0025015349835,0.0559943970814,0.0727870859009,0.0000033414455,15.1439384097487
76194,3.6549502360533,0.0025446006859,0.0559402900325,0.0727865192254,0.0000032091242,15.1439384097487
76216,3.6549289277813,0.0024977666657,0.0559937283584,0.0727852311082,0.0000032091242,15.1439384097487
76254,3.6549116602258,0.0024937063583,0.0559737009225,0.0727760939860,0.0000032091242,15.1439384097487
76361,3.6549952681886,0.0025073417189,0.0559311148195,0.0727679114366,0.0000030820429,15.1439384097487
76882,3.6546676484910,0.0024949569550,0.0559115991316,0.0727509979953,0.0000028427782,15.1439384097487
76921,3.6545719435667,0.0025281556147,0.0558613516622,0.0727459262493,0.0000028427782,15.1439384097487
77137,3.6547063598078,0.0024521832421,0.0559125190360,0.0727335427039,0.0000027859227,15.1439384097487
77367,3.6547171308142,0.0024637801852,0.0558845287142,0.0727286686879,0.0000026756001,15.1439384097487
77420,3.6547065706997,0.0024105223951,0.0559210919347,0.0727187527888,0.0000026220881,15.1439384097487
77421,3.6547443599227,0.0023892126679,0.0559119989035,0.0727069072524,0.0000026220881,15.1439384097487
77801,3.6547820171473,0.0024360466882,0.0558104494061,0.0726912441449,0.0000025182534,15.1439384097487
78082,3.6547004461185,0.0024268132077,0.0558082575018,0.0726853498915,0.0000023701600,15.1439384097487
78165,3.6546519639269,0.0023892126679,0.0558507882259,0.0726837388990,0.0000023701600,15.1439384097487
78239,3.6545850804322,0.0024360466882,0.0557210428491,0.0726565265904,0.0000023227568,15.1439384097487
78285,3.6545727000113,0.0024820928876,0.0556500627582,0.0726507354613,0.0000023227568,15.1439384097487
78503,3.6545812879410,0.0025121733193,0.0556015830287,0.0726464344044,0.0000022307756,15.1439384097487
78564,3.6545474464349,0.0024828807084,0.0556217258470,0.0726405954369,0.0000021861601,15.1439384097487
78873,3.6544786029471,0.0024828807084,0.0555708235659,0.0726214419201,0.0000021424369,15.1439384097487
79299,3.6543986512920,0.0025234617451,0.0555197866306,0.0726194750055,0.0000019761156,15.1439384097487
79719,3.6544120120218,0.0024473351139,0.0555843192555,0.0726100857259,0.0000018599042,15.1439384097487
79790,3.6543719912516,0.0024901088268,0.0554890602860,0.0725938299654,0.0000018227061,15.1439384097487
79791,3.6543046719390,0.0025054575599,0.0554670112326,0.0725915807682,0.0000018227061,15.1439384097487
79861,3.6541317608033,0.0025222111484,0.0554378702367,0.0725859066980,0.0000018227061,15.1439384097487
80062,3.6540594630660,0.0024794374355,0.0554862644234,0.0725838357367,0.0000017862520,15.1439384097487
80122,3.6541408462619,0.0024794374355,0.0554378702367,0.0725677036654,0.0000017155164,15.1439384097487
80202,3.6541609366201,0.0024326034153,0.0554582344913,0.0725551891677,0.0000017155164,15.1439384097487
80414,3.6541360124167,0.0023857693951,0.0555087610936,0.0725528099840,0.0000016475820,15.1439384097487
80558,3.6541576773706,0.0023639968921,0.0555288471727,0.0725509590687,0.0000016475820,15.1439384097487
81219,3.6541456562995,0.0024100430915,0.0554578670817,0.0725451730243,0.0000014594979,15.1439384097487
82892,3.6540707354657,0.0024108309123,0.0554473953258,0.0725407106242,0.0000011223866,15.1439384097487
82962,3.6539797136929,0.0024514119490,0.0553962845519,0.0725385606972,0.0000010999388,15.1439384097487
83490,3.6539190727754,0.0023931352444,0.0554619916691,0.0725361937293,0.0000010145486,15.1439384097487
83583,3.6538570909604,0.0023931352444,0.0554607433383,0.0725348708584,0.0000010145486,15.1439384097487
83600,3.6540296915126,0.0023931352444,0.0554526253978,0.0725344138802,0.0000010145486,15.1439384097487
83632,3.6538146544585,0.0024318321222,0.0553962845519,0.0725278337658,0.0000010145486,15.1439384097487
83633,3.6537238845813,0.0024399692646,0.0553855118046,0.0725261893151,0.0000010145486,15.1439384097487
84813,3.6537563210072,0.0023920223786,0.0554144706308,0.0725164420608,0.0000008458776,15.1439384097487
84870,3.6537779652886,0.0023752687901,0.0554031389459,0.0725055211863,0.0000008289600,15.1439384097487
84876,3.6538906976007,0.0023752687901,0.0553841049893,0.0725003184993,0.0000008289600,15.1439384097487
84891,3.6538768960366,0.0023618042159,0.0553547316042,0.0724838621816,0.0000008289600,15.1439384097487
85468,3.6539842794258,0.0023806127496,0.0553236699901,0.0724823490160,0.0000007646064,15.1439384097487
86659,3.6538856953445,0.0024266589490,0.0552720390588,0.0724822485250,0.0000006374888,15.1439384097487
86701,3.6539781037842,0.0024266589490,0.0552612109326,0.0724796889103,0.0000006122443,15.1439384097487
86706,3.6539469983706,0.0024240034970,0.0552292969808,0.0724667128799,0.0000006122443,15.1439384097487
86756,3.6539291599029,0.0024240034970,0.0551995013060,0.0724558191544,0.0000006122443,15.1439384097487
86811,3.6539279636579,0.0024708375172,0.0551397371714,0.0724545296168,0.0000006122443,15.1439384097487
86886,3.6539166124987,0.0024266589490,0.0551305974693,0.0724321711472,0.0000005999994,15.1439384097487
86970,3.6538787531394,0.0024550094805,0.0550878369316,0.0724285140470,0.0000005999994,15.1439384097487
87219,3.6539473347583,0.0024550094805,0.0550660200018,0.0724216927117,0.0000005647146,15.1439384097487
87417,3.6539896481833,0.0024550094805,0.0550439947121,0.0724144252689,0.0000005534203,15.1439384097487
87676,3.6539349495593,0.0024944941791,0.0549919228987,0.0724119762245,0.0000005315049,15.1439384097487
87754,3.6538713125968,0.0024971496312,0.0549825508073,0.0724088666411,0.0000005208748,15.1439384097487
88142,3.6537714629057,0.0024108309123,0.0549302281451,0.0723517733729,0.0000005002482,15.1439384097487
88232,3.6538243097785,0.0023795164116,0.0549594257315,0.0723495283618,0.0000004804383,15.1439384097487
88386,3.6537709018769,0.0024263504318,0.0548777708285,0.0723396819011,0.0000004804383,15.1439384097487
88477,3.6537545429271,0.0024244662729,0.0548464620874,0.0723274612332,0.0000004708296,15.1439384097487
88479,3.6537181208590,0.0024517204663,0.0548035723322,0.0723233084622,0.0000004708296,15.1439384097487
88508,3.6537330740173,0.0024517204663,0.0547942817289,0.0723202019758,0.0000004708296,15.1439384097487
88763,3.6537572400241,0.0024509326454,0.0547828758723,0.0723161327655,0.0000004431410,15.1439384097487
88896,3.6537264734284,0.0024040986252,0.0548330785129,0.0723135552118,0.0000004431410,15.1439384097487
89077,3.6537636333495,0.0023607078778,0.0548652565368,0.0723069771390,0.0000004342782,15.1439384097487
89554,3.6537819857156,0.0024067540772,0.0547942764459,0.0723016208767,0.0000004005644,15.1439384097487
90396,3.6536893748610,0.0024535880975,0.0547416475558,0.0723015861301,0.0000003477402,15.1439384097487
90511,3.6537187833290,0.0024075418981,0.0547835462550,0.0722972319936,0.0000003407854,15.1439384097487
92298,3.6537183817994,0.0024329119326,0.0547308989053,0.0722892965590,0.0000002620716,15.1439384097487
92311,3.6537924886687,0.0024336997534,0.0546992733543,0.0722793879641,0.0000002568301,15.1439384097487
92593,3.6538257896285,0.0023868657332,0.0547484654195,0.0722773560422,0.0000002466597,15.1439384097487
92846,3.6538134574069,0.0024329119326,0.0546572584606,0.0722643417137,0.0000002368919,15.1439384097487
92851,3.6538549638717,0.0024213149895,0.0546665211443,0.0722632670103,0.0000002368919,15.1439384097487
93060,3.6538725344755,0.0024354131260,0.0546459388774,0.0722622068820,0.0000002321541,15.1439384097487
93084,3.6539124616458,0.0023885791057,0.0546747878800,0.0722530033410,0.0000002275110,15.1439384097487
93300,3.6539742422258,0.0024354131260,0.0545930222192,0.0722447472333,0.0000002229608,15.1439384097487
93320,3.6539171499627,0.0024362009468,0.0545822181897,0.0722404184372,0.0000002229608,15.1439384097487
93769,3.6538541233561,0.0024304107392,0.0545721489306,0.0722334489334,0.0000002056519,15.1439384097487
94204,3.6537521932750,0.0024772447594,0.0545189629638,0.0722330833644,0.0000001896868,15.1439384097487
94244,3.6536820282643,0.0024772447594,0.0544965262581,0.0722240774250,0.0000001896868,15.1439384097487
94561,3.6537392960596,0.0024772447594,0.0544738811923,0.0722168002370,0.0000001821752,15.1439384097487
94889,3.6538007868392,0.0024772447594,0.0544510277666,0.0722095083897,0.0000001714618,15.1439384097487
94892,3.6538394294531,0.0024772447594,0.0544192729983,0.0721987141914,0.0000001714618,15.1439384097487
94938,3.6538566441273,0.0024304107392,0.0544406970448,0.0721865375001,0.0000001714618,15.1439384097487
95032,3.6538943392543,0.0023981376312,0.0544707788698,0.0721839830606,0.0000001680326,15.1439384097487
95062,3.6538713088888,0.0023513036110,0.0545207385393,0.0721814281986,0.0000001680326,15.1439384097487
95140,3.6537935999811,0.0023981376312,0.0544388436610,0.0721711521749,0.0000001680326,15.1439384097487
95226,3.6537348100181,0.0024365259918,0.0543856631310,0.0721677794089,0.0000001646720,15.1439384097487
95337,3.6536450688665,0.0024542381874,0.0543536100126,0.0721626529763,0.0000001613785,15.1439384097487
95556,3.6536397158114,0.0023950194033,0.0544117157778,0.0721579498111,0.0000001549879,15.1439384097487
95610,3.6536250260922,0.0024418534235,0.0543002763687,0.0721380138865,0.0000001549879,15.1439384097487
95946,3.6537190803130,0.0024125608126,0.0543265633814,0.0721361789901,0.0000001488504,15.1439384097487
95967,3.6537095326957,0.0024092717984,0.0543050689264,0.0721269577234,0.0000001458734,15.1439384097487
96190,3.6538836821894,0.0024561058186,0.0542253136156,0.0721210096104,0.0000001429559,15.1439384097487
96890,3.6538173195653,0.0024738180142,0.0541932051182,0.0721161942042,0.0000001292208,15.1439384097487
97132,3.6537975714593,0.0024677027616,0.0541698242147,0.0721049436246,0.0000001216216,15.1439384097487
97286,3.6536832123812,0.0024208687414,0.0542260456410,0.0721033328092,0.0000001191892,15.1439384097487
97392,3.6536408020103,0.0023740347211,0.0542818817545,0.0721026024515,0.0000001191892,15.1439384097487
