0,3.12456,0.555358,0.320124,0.396553,100000.000000
1,3.1246836368708,0.5553584234398,0.3200275197624,0.3965203598721,100000.0000000000000,15.1439384097487
2,3.1246043760734,0.5553115894196,0.3199607682309,0.3964753267814,100000.0000000000000,15.1439384097487
3,3.1245701737272,0.5553115894196,0.3196233811464,0.3963543474332,100000.0000000000000,15.1439384097487
4,3.1247095377824,0.5551939562000,0.3192776942481,0.3961824455817,100000.0000000000000,15.1439384097487
5,3.1245509914137,0.5551939562000,0.3192111869814,0.3961564495660,100000.0000000000000,15.1439384097487
6,3.1246611580307,0.5551939562000,0.3188653081527,0.3960344802632,100000.0000000000000,15.1439384097487
7,3.1246319230410,0.5551471221798,0.3188253343604,0.3959997185126,100000.0000000000000,15.1439384097487
8,3.1246327586391,0.5550294889601,0.3185760754663,0.3958602950657,100000.0000000000000,15.1439384097487
9,3.1246960494938,0.5549118557405,0.3172242526339,0.3953279825214,100000.0000000000000,15.1439384097487
10,3.1247371801829,0.5548650217203,0.3172215211445,0.3953075172630,100000.0000000000000,15.1439384097487
11,3.1249004018169,0.5548650217203,0.3171380962016,0.3952800322157,100000.0000000000000,15.1439384097487
12,3.1247529992368,0.5548181877000,0.3170901725287,0.3952407591586,100000.0000000000000,15.1439384097487
13,3.1246537828073,0.5548181877000,0.3170396094239,0.3952212970011,100000.0000000000000,15.1439384097487
14,3.1247097296277,0.5548181877000,0.3169211674237,0.3951797879305,100000.0000000000000,15.1439384097487
15,3.1247344979453,0.5548181877000,0.3168783432073,0.3951648440376,100000.0000000000000,15.1439384097487
16,3.1248038259960,0.5547005544804,0.3167777438034,0.3950794824293,100000.0000000000000,15.1439384097487
17,3.1248106631955,0.5545829212608,0.3167779834473,0.3950292505254,100000.0000000000000,15.1439384097487
18,3.1249061404477,0.5544652880412,0.3164859626561,0.3948758941454,100000.0000000000000,15.1439384097487
19,3.1249071029694,0.5545121220614,0.3163689070132,0.3948541739012,100000.0000000000000,15.1439384097487
20,3.1249136534733,0.5545589560816,0.3161613853892,0.3948002234476,100000.0000000000000,15.1439384097487
21,3.1249647875806,0.5545121220614,0.3161515725906,0.3947773706979,100000.0000000000000,15.1439384097487
22,3.1250306714208,0.5544652880412,0.3161054880559,0.3947417724645,100000.0000000000000,15.1439384097487
23,3.1250188761111,0.5544184540209,0.3160187534108,0.3946905571798,100000.0000000000000,15.1439384097487
24,3.1249875085960,0.5543716200007,0.3160619025841,0.3946854520276,100000.0000000000000,15.1439384097487
25,3.1251379594911,0.5543716200007,0.3160128400331,0.3946700585581,100000.0000000000000,15.1439384097487
26,3.1252058545295,0.5543716200007,0.3158917000584,0.3946277549916,100000.0000000000000,15.1439384097487
27,3.1253269567692,0.5543247859805,0.3157173421749,0.3945471261846,100000.0000000000000,15.1439384097487
28,3.1253209183895,0.5543247859805,0.3150445546442,0.3943067594809,100000.0000000000000,15.1439384097487
29,3.1252982034655,0.5543247859805,0.3147647525885,0.3942065087607,100000.0000000000000,15.1439384097487
30,3.1252453841222,0.5542071527609,0.3146464025494,0.3941130792624,100000.0000000000000,15.1439384097487
31,3.1253722959364,0.5542071527609,0.3145875931952,0.3940938717153,100000.0000000000000,15.1439384097487
32,3.1252904728981,0.5542071527609,0.3145690568120,0.3940860937879,100000.0000000000000,15.1439384097487
33,3.1253629210781,0.5542071527609,0.3145483977604,0.3940797406921,100000.0000000000000,15.1439384097487
34,3.1254274208617,0.5542071527609,0.3140846159815,0.3939150170101,100000.0000000000000,15.1439384097487
35,3.1256374662319,0.5542071527609,0.3139667541505,0.3938758956270,100000.0000000000000,15.1439384097487
36,3.1256088694586,0.5540895195412,0.3139668435007,0.3938251086583,100000.0000000000000,15.1439384097487
37,3.1254806167284,0.5540895195412,0.3136541221140,0.3937116076813,100000.0000000000000,15.1439384097487
38,3.1255750355336,0.5539718863216,0.3130762553785,0.3934561484871,100000.0000000000000,15.1439384097487
39,3.1256673901267,0.5538542531020,0.3131236968561,0.3934239844463,100000.0000000000000,15.1439384097487
18242,3.4455609840636,0.1080618851664,0.7741104958080,0.3715347278872,152.6055390526539,15.1439384097487
18243,3.4455949334321,0.1080419802947,0.7739262774507,0.3714608853387,152.6055390526539,15.1439384097487
18245,3.4454916267536,0.1080419802947,0.7733673394843,0.3712598028538,152.6055390526539,15.1439384097487
18246,3.4453916530797,0.1080419802947,0.7731856017846,0.3711934819117,152.6055390526539,15.1439384097487
18247,3.4454336120324,0.1080419802947,0.7730540531022,0.3711470939558,152.6055390526539,15.1439384097487
18251,3.4453883923068,0.1078811105863,0.7728905202191,0.3710191053378,152.6055390526539,15.1439384097487
18252,3.4455010390262,0.1078710892849,0.7726569552664,0.3709329883834,152.6055390526539,15.1439384097487
18253,3.4454472355982,0.1078710892849,0.7724199610490,0.3708475862766,152.6055390526539,15.1439384097487
18283,3.4463723768789,0.1077718183509,0.7724630700772,0.3708335283592,149.5534282716008,15.1439384097487
18284,3.4463834339014,0.1076541851312,0.7724706942229,0.3707859934875,149.5534282716008,15.1439384097487
18285,3.4464366724153,0.1076541851312,0.7724536547574,0.3707806612856,149.5534282716008,15.1439384097487
18300,3.4465157887574,0.1074826440316,0.7725921752613,0.3707577347709,149.5534282716008,15.1439384097487
18301,3.4465960878385,0.1075294780518,0.7725295489449,0.3707565761789,149.5534282716008,15.1439384097487
18302,3.4466627816312,0.1074951665264,0.7725407820539,0.3707468267768,149.5534282716008,15.1439384097487
18304,3.4467414400044,0.1074951665264,0.7724874286718,0.3707288850082,149.5534282716008,15.1439384097487
18305,3.4466753225118,0.1074483325061,0.7724837590263,0.3707065671394,149.5534282716008,15.1439384097487
18314,3.4468712679311,0.1072008520894,0.7727132074570,0.3706852225863,149.5534282716008,15.1439384097487
18315,3.4468641769717,0.1072008520894,0.7726709655602,0.3706700358580,149.5534282716008,15.1439384097487
18317,3.4468295983662,0.1070884085706,0.7721544442301,0.3704368845900,149.5534282716008,15.1439384097487
18324,3.4469320119636,0.1068042696936,0.6580854791590,0.3295776438343,149.5534282716008,15.1439384097487
18328,3.4468519553899,0.1066866364740,0.6582231396760,0.3295752612725,149.5534282716008,15.1439384097487
18329,3.4467358769911,0.1068042696936,0.6578065829595,0.3294752627520,149.5534282716008,15.1439384097487
18330,3.4467800825163,0.1068042696936,0.6577869906460,0.3294688910024,149.5534282716008,15.1439384097487
18331,3.4467470211150,0.1066866364740,0.6579214780470,0.3294660401635,149.5534282716008,15.1439384097487
18332,3.4468819426593,0.1066866364740,0.6578656221078,0.3294480007446,149.5534282716008,15.1439384097487
18333,3.4467568339312,0.1066866364740,0.6576761619643,0.3293785661275,149.5534282716008,15.1439384097487
18337,3.4467393083178,0.1067334704942,0.6574610140979,0.3293215513405,149.5534282716008,15.1439384097487
18338,3.4466197383103,0.1067334704942,0.6570905407081,0.3291875475079,149.5534282716008,15.1439384097487
18341,3.4466180091178,0.1067334704942,0.6570610225962,0.3291769808572,149.5534282716008,15.1439384097487
18342,3.4466373872733,0.1066158372746,0.6571114225937,0.3291448408189,149.5534282716008,15.1439384097487
18343,3.4466654126678,0.1066158372746,0.6569788377998,0.3290978856642,149.5534282716008,15.1439384097487
18378,3.4479664546844,0.1061695780925,0.5532649818386,0.2918843785432,143.6311125120454,15.1439384097487
18439,3.4486704583323,0.1056297720732,0.5518727654862,0.2911657745849,143.6311125120454,15.1439384097487
18440,3.4487647900817,0.1055829380530,0.5519087569059,0.2911598917284,143.6311125120454,15.1439384097487
18445,3.4489062719367,0.1055121388536,0.4583137796658,0.2577047735874,143.6311125120454,15.1439384097487
18446,3.4487001674716,0.1055121388536,0.4578360099566,0.2575312251840,140.7584902618045,15.1439384097487
18447,3.4486749896671,0.1055121388536,0.4578333117021,0.2575299052574,140.7584902618045,15.1439384097487
18448,3.4486658111508,0.1055121388536,0.4577988850464,0.2575174801479,140.7584902618045,15.1439384097487
18449,3.4487488282961,0.1054653048333,0.4577218560202,0.2574710727455,140.7584902618045,15.1439384097487
18451,3.4488621530370,0.1054653048333,0.4576934224404,0.2574625214330,140.7584902618045,15.1439384097487
18452,3.4487751969121,0.1054653048333,0.3742481677546,0.2276594143362,140.7584902618045,15.1439384097487
18453,3.4489135032789,0.1054184708131,0.3742193377356,0.2276310032037,140.7584902618045,15.1439384097487
18454,3.4488951282496,0.1053008375935,0.3742821087374,0.2276027471762,140.7584902618045,15.1439384097487
18466,3.4488497042770,0.1053716367929,0.3736999845977,0.2274245454656,140.7584902618045,15.1439384097487
18468,3.4488569995105,0.1053248027726,0.3736815622936,0.2273979975754,140.7584902618045,15.1439384097487
18469,3.4487882547206,0.1052829876669,0.3736633135811,0.2273725866843,140.7584902618045,15.1439384097487
18470,3.4487604748546,0.1052829876669,0.3736090733117,0.2273528220763,140.7584902618045,15.1439384097487
18471,3.4486932291419,0.1052897199540,0.3736013259944,0.2273519889208,140.7584902618045,15.1439384097487
18472,3.4488905719370,0.1052428859338,0.3736380560051,0.2273478274461,140.7584902618045,15.1439384097487
18476,3.4486464625348,0.1052378670193,0.3734705603241,0.2272824024650,140.7584902618045,15.1439384097487
18484,3.4488300288748,0.1051111545778,0.3736096058637,0.2272803537056,140.7584902618045,15.1439384097487
18513,3.4496585103776,0.1047003197869,0.3721837494849,0.2266067701892,140.7584902618045,15.1439384097487
18514,3.4497036390212,0.1047003197869,0.3721444368258,0.2265933685211,140.7584902618045,15.1439384097487
18519,3.4498287750557,0.1045358525471,0.3721599105213,0.2265301795475,140.7584902618045,15.1439384097487
18520,3.4498119425959,0.1044890185269,0.3721599105213,0.2265098696464,140.7584902618045,15.1439384097487
19350,3.4604532877007,0.0930935152363,0.3734986239948,0.2222547687972,103.9598718423827,15.1439384097487
19351,3.4604544255644,0.0930935152363,0.3734984209592,0.2222547123852,103.9598718423827,15.1439384097487
19353,3.4603259631841,0.0930935152363,0.3734266734951,0.2222272705568,103.9598718423827,15.1439384097487
19354,3.4605172689482,0.0930935152363,0.3733191882744,0.2221915899417,103.9598718423827,15.1439384097487
19355,3.4606135764949,0.0930935152363,0.3731005902619,0.2221148819683,103.9598718423827,15.1439384097487
19356,3.4604875153635,0.0931039993135,0.3730536980090,0.2221008441545,103.9598718423827,15.1439384097487
19358,3.4602884324357,0.0929863660939,0.3729937036703,0.2220261863579,103.9598718423827,15.1439384097487
19359,3.4602915402614,0.0929863660939,0.3725519545549,0.2218684627922,103.9598718423827,15.1439384097487
19360,3.4602289784224,0.0929736728128,0.3724912820308,0.2218404688101,103.9598718423827,15.1439384097487
19362,3.4603663046778,0.0929268387926,0.3722090570180,0.2217215455971,103.9598718423827,15.1439384097487
19363,3.4604447427818,0.0928092055729,0.3719529195219,0.2215807635768,103.9598718423827,15.1439384097487
19366,3.4604634091593,0.0926207731539,0.3720364465784,0.2215301020454,103.9598718423827,15.1439384097487
19367,3.4604193445793,0.0926626047873,0.3718342174167,0.2214751816769,103.9598718423827,15.1439384097487
19368,3.4603417718589,0.0926323535692,0.3718438556639,0.2214645614514,103.9598718423827,15.1439384097487
19369,3.4603519754699,0.0926323535692,0.3713142149525,0.2212755484350,103.9598718423827,15.1439384097487
19370,3.4603264909302,0.0926323535692,0.3710575758441,0.2211835310060,103.9598718423827,15.1439384097487
19383,3.4605028406976,0.0925458971195,0.3710533361990,0.2211474594202,99.8430609174244,15.1439384097487
19384,3.4604221946410,0.0925458971195,0.3708707532602,0.2210811100915,99.8430609174244,15.1439384097487
19400,3.4610534230983,0.0925443049501,0.3708464679273,0.2210806862404,99.8430609174244,15.1439384097487
19401,3.4609871588966,0.0925443049501,0.3704944505363,0.2209540281096,99.8430609174244,15.1439384097487
19402,3.4610309782027,0.0924974709299,0.3705476833184,0.2209535881348,99.8430609174244,15.1439384097487
19406,3.4606116433030,0.0924329412417,0.3704357097049,0.2208800084171,99.8430609174244,15.1439384097487
19407,3.4605342436232,0.0924329412417,0.3703275424760,0.2208402820637,99.8430609174244,15.1439384097487
19408,3.4606202208507,0.0924329412417,0.2971985709701,0.1947240088122,99.8430609174244,15.1439384097487
19410,3.4606768459518,0.0923861072215,0.2971712903647,0.1946949952572,99.8430609174244,15.1439384097487
19411,3.4607513971598,0.0923392732012,0.2971657423416,0.1946739969921,99.8430609174244,15.1439384097487
19414,3.4607699502610,0.0924329412417,0.2969978704474,0.1946544487152,99.8430609174244,15.1439384097487
19416,3.4607829076056,0.0924329412417,0.2969051854395,0.1946215302722,99.8430609174244,15.1439384097487
19417,3.4609776351209,0.0924329412417,0.2968808568548,0.1946155968733,99.8430609174244,15.1439384097487
19419,3.4609175056334,0.0924329412417,0.2968808568548,0.1946147460451,99.8430609174244,15.1439384097487
19420,3.4610765526297,0.0924329412417,0.2968664562222,0.1946118534663,99.8430609174244,15.1439384097487
19421,3.4610741582722,0.0923861072215,0.2968838858365,0.1945979727256,99.8430609174244,15.1439384097487
19429,3.4613057836770,0.0920100302043,0.2971695232998,0.1945420877248,99.8430609174244,15.1439384097487
19431,3.4613780186531,0.0920100302043,0.2970095070168,0.1944859611724,99.8430609174244,15.1439384097487
19441,3.4615894694680,0.0919351541698,0.2969621196407,0.1944399393953,99.8430609174244,15.1439384097487
19443,3.4615594520018,0.0919351541698,0.2969075557923,0.1944200275615,99.8430609174244,15.1439384097487
19509,3.4633825816653,0.0907149519227,0.2982799537701,0.1944130230388,97.8461996990759,15.1439384097487
19664,3.4648762090621,0.0887575311815,0.3005531586069,0.1944071220334,92.0920603871726,15.1439384097487
19666,3.4650076169809,0.0887575311815,0.3005304958255,0.1944008875961,92.0920603871726,15.1439384097487
19667,3.4649732242242,0.0888226779042,0.3003439902738,0.1943617118393,92.0920603871726,15.1439384097487
19670,3.4648777527586,0.0886582106643,0.3003184998607,0.1942807712456,92.0920603871726,15.1439384097487
19672,3.4648910714196,0.0887000422977,0.3002348435046,0.1942690102766,92.0920603871726,15.1439384097487
19673,3.4648839906514,0.0887000422977,0.2998384321580,0.1941273346033,92.0920603871726,15.1439384097487
19674,3.4649412629213,0.0887000422977,0.2998091399391,0.1941176834953,92.0920603871726,15.1439384097487
19675,3.4649528962762,0.0887468763179,0.2997164549313,0.1941048180409,92.0920603871726,15.1439384097487
19678,3.4651819870318,0.0886292430983,0.2997682548961,0.1940761454103,92.0920603871726,15.1439384097487
19730,3.4659561013677,0.0878324146645,0.2994719471340,0.1936397769753,88.4452147958406,15.1439384097487
19731,3.4658563443973,0.0878324146645,0.2994494985647,0.1936303480747,88.4452147958406,15.1439384097487
19732,3.4658176647559,0.0877147814448,0.2991353882916,0.1934672042829,88.4452147958406,15.1439384097487
19733,3.4658178338981,0.0877147814448,0.2990568440309,0.1934391551546,88.4452147958406,15.1439384097487
37997,3.6110591133354,0.0049315049837,0.3579768696389,0.1810586287654,0.1349722968055,15.1439384097487
37998,3.6110116492881,0.0049556244215,0.3578119097919,0.1810093798232,0.1349722968055,15.1439384097487
38008,3.6108009551785,0.0051011288690,0.3566570856277,0.1806563203631,0.1349722968055,15.1439384097487
38009,3.6108194265764,0.0052187620886,0.3561363056422,0.1805210031171,0.1349722968055,15.1439384097487
38012,3.6109265723852,0.0053124301291,0.3559898987626,0.1805103744978,0.1349722968055,15.1439384097487
38040,3.6114457952594,0.0052233182273,0.2864254057883,0.1556350688751,0.1322728508694,15.1439384097487
38041,3.6114203949696,0.0052458785511,0.2862203689329,0.1555711507245,0.1322728508694,15.1439384097487
38042,3.6114163661596,0.0052458785511,0.2860674910308,0.1555164944664,0.1322728508694,15.1439384097487
38043,3.6113346681843,0.0052927125714,0.2859829969287,0.1555052337035,0.1322728508694,15.1439384097487
38044,3.6113478503161,0.0053017917933,0.2859399704426,0.1554939447226,0.1322728508694,15.1439384097487
38045,3.6113019676495,0.0053486258135,0.2858057644943,0.1554654365131,0.1322728508694,15.1439384097487
38046,3.6112763184313,0.0053954598337,0.2851619503819,0.1552552116898,0.1322728508694,15.1439384097487
38056,3.6112058645325,0.0053180660781,0.2847860645110,0.1550868010655,0.1322728508694,15.1439384097487
38058,3.6110544687074,0.0053379544222,0.2840371047458,0.1548256967704,0.1322728508694,15.1439384097487
38119,3.6110931635067,0.0050611813945,0.2842834614314,0.1547956118179,0.1270348459749,15.1439384097487
40707,3.6182151096058,0.0044189862132,0.2766950310896,0.1519110066784,0.0511795274347,15.1439384097487
40728,3.6187536807219,0.0042791177147,0.2764719118097,0.1517789983244,0.0511795274347,15.1439384097487
40729,3.6188252145245,0.0042791177147,0.2763734234607,0.1517448361125,0.0511795274347,15.1439384097487
40732,3.6186885661116,0.0042178770408,0.2764160379454,0.1517318760023,0.0511795274347,15.1439384097487
40736,3.6185931793946,0.0041168266233,0.2763569867543,0.1516661292538,0.0511795274347,15.1439384097487
40737,3.6185762429685,0.0041168266233,0.2762711971993,0.1516352504777,0.0511795274347,15.1439384097487
40741,3.6185307110064,0.0040584121878,0.2763102966800,0.1516235355456,0.0511795274347,15.1439384097487
40743,3.6186476960805,0.0040133080678,0.2763303415678,0.1516130194280,0.0501559368860,15.1439384097487
40755,3.6192371731847,0.0039271601353,0.2762548158171,0.1515574664646,0.0501559368860,15.1439384097487
40758,3.6191489726222,0.0039478363002,0.2761560175235,0.1515297945413,0.0501559368860,15.1439384097487
40759,3.6192857207919,0.0039478363002,0.2760826030003,0.1515055100461,0.0501559368860,15.1439384097487
40760,3.6192100686925,0.0039478363002,0.2760770914435,0.1515024711609,0.0501559368860,15.1439384097487
40761,3.6190979712888,0.0039478363002,0.2759983050493,0.1514727469922,0.0501559368860,15.1439384097487
40762,3.6192062800115,0.0039730520761,0.2759240937529,0.1514585822800,0.0501559368860,15.1439384097487
40773,3.6194241722351,0.0039675538580,0.2134599632050,0.1291506910084,0.0501559368860,15.1439384097487
40774,3.6195126957916,0.0039675538580,0.2133907867588,0.1291272377371,0.0501559368860,15.1439384097487
40775,3.6194153364625,0.0040143878782,0.2132613464503,0.1290997031505,0.0501559368860,15.1439384097487
40776,3.6195342344596,0.0040624724951,0.1612642403826,0.1105515982180,0.0501559368860,15.1439384097487
40778,3.6195712804135,0.0040878425296,0.1611986387504,0.1105395661333,0.0501559368860,15.1439384097487
40779,3.6196003113785,0.0040878425296,0.1611420100979,0.1105197524008,0.0501559368860,15.1439384097487
40783,3.6197596215979,0.0039702093100,0.1611661429066,0.1104802112530,0.0501559368860,15.1439384097487
40847,3.6204941779076,0.0039654658573,0.1610071447611,0.1104317872153,0.0481697617853,15.1439384097487
40848,3.6203943595336,0.0038591210634,0.1611353567825,0.1104305884594,0.0481697617853,15.1439384097487
40849,3.6205351270248,0.0039530976212,0.1609091594854,0.1103920712286,0.0481697617853,15.1439384097487
40851,3.6204757768614,0.0039530976212,0.1608248308979,0.1103611140751,0.0481697617853,15.1439384097487
40857,3.6206085006435,0.0039062636009,0.1608083993945,0.1103370519907,0.0481697617853,15.1439384097487
40858,3.6205282429604,0.0039194196579,0.1607720839235,0.1103285848489,0.0481697617853,15.1439384097487
41074,3.6203411765063,0.0040019865866,0.1606013482561,0.1103003466736,0.0453369944342,15.1439384097487
41215,3.6214733372516,0.0037319623738,0.1198216340149,0.0956364583521,0.0426708164655,15.1439384097487
41216,3.6215058532033,0.0037319623738,0.1197283230493,0.0956035931058,0.0426708164655,15.1439384097487
41217,3.6215675235448,0.0037938366099,0.1195751730479,0.0955762868377,0.0426708164655,15.1439384097487
41218,3.6215239279705,0.0037938366099,0.1191959823630,0.0954402447186,0.0426708164655,15.1439384097487
41219,3.6214962167710,0.0038406706301,0.1191401809428,0.0954399952513,0.0426708164655,15.1439384097487
41220,3.6215187843220,0.0037938366099,0.1191345319118,0.0954182253466,0.0426708164655,15.1439384097487
41221,3.6215425032271,0.0038406706301,0.1185842584695,0.0952421064611,0.0426708164655,15.1439384097487
41358,3.6218653546639,0.0031806255222,0.0945517705649,0.0863807669180,0.0401614310908,15.1439384097487
44493,3.6269702448913,0.0041026789038,0.0927511236199,0.0862050783132,0.0134901651741,15.1439384097487
44496,3.6270631355620,0.0040558448835,0.0928009322097,0.0862041097690,0.0134901651741,15.1439384097487
44498,3.6270502317151,0.0040202992891,0.0928079337210,0.0861911938940,0.0134901651741,15.1439384097487
44500,3.6270374301322,0.0040270315762,0.0927560532978,0.0861753692958,0.0134901651741,15.1439384097487
44502,3.6270329711064,0.0040179523543,0.0927278075158,0.0861613273265,0.0134901651741,15.1439384097487
44508,3.6271356060638,0.0040686924232,0.0926511465257,0.0861571464231,0.0134901651741,15.1439384097487
44510,3.6272309340953,0.0040218584030,0.0919749250459,0.0858969159140,0.0132203618706,15.1439384097487
44512,3.6272334532315,0.0040729235169,0.0917537136555,0.0858398325405,0.0132203618706,15.1439384097487
44513,3.6271758057675,0.0040937539405,0.0917117242195,0.0858329479300,0.0132203618706,15.1439384097487
44514,3.6273228589074,0.0040937539405,0.0916652473604,0.0858184298438,0.0132203618706,15.1439384097487
44515,3.6273305769798,0.0040920405679,0.0916397995127,0.0858087162344,0.0132203618706,15.1439384097487
44546,3.6276546109814,0.0039595544464,0.0914356826582,0.0856836226509,0.0129559546332,15.1439384097487
44547,3.6277421699474,0.0039595544464,0.0913178421562,0.0856427757108,0.0129559546332,15.1439384097487
44551,3.6275946267784,0.0039127204262,0.0911912141399,0.0855753919704,0.0129559546332,15.1439384097487
44558,3.6274598991552,0.0039925988475,0.0909306866679,0.0855146736670,0.0129559546332,15.1439384097487
44567,3.6275899287656,0.0039130289435,0.0909878384655,0.0855028235461,0.0129559546332,15.1439384097487
44569,3.6274842333794,0.0039598629637,0.0909260065963,0.0854993168759,0.0129559546332,15.1439384097487
44571,3.6273730997029,0.0039138002366,0.0907825370713,0.0854267640570,0.0129559546332,15.1439384097487
44596,3.6269707177366,0.0040812149180,0.0905973184320,0.0854266700143,0.0126968355406,15.1439384097487
44597,3.6269085448427,0.0040343808978,0.0905966079965,0.0854054648221,0.0126968355406,15.1439384097487
44598,3.6268896121981,0.0040812149180,0.0904723346548,0.0853808853131,0.0126968355406,15.1439384097487
44601,3.6269041657666,0.0040812149180,0.0902323686700,0.0852953891077,0.0126968355406,15.1439384097487
44633,3.6270438461413,0.0039905273745,0.0898688020518,0.0851286542648,0.0126968355406,15.1439384097487
44634,3.6271177432727,0.0040373613948,0.0896462970593,0.0850703055585,0.0126968355406,15.1439384097487
44636,3.6270328201273,0.0039438476129,0.0896811593627,0.0850414773892,0.0126968355406,15.1439384097487
44638,3.6270495797362,0.0039906816332,0.0895543980319,0.0850165143556,0.0126968355406,15.1439384097487
44639,3.6270331787105,0.0039906816332,0.0878828743057,0.0844193095229,0.0126968355406,15.1439384097487
44640,3.6269977482845,0.0040375156534,0.0877085186135,0.0843766100176,0.0126968355406,15.1439384097487
44641,3.6268870187568,0.0040375156534,0.0877079920977,0.0843748551608,0.0126968355406,15.1439384097487
44642,3.6269286691080,0.0040354772359,0.0876639075661,0.0843588264274,0.0126968355406,15.1439384097487
44643,3.6269704891409,0.0040354772359,0.0876143372266,0.0843417144854,0.0126968355406,15.1439384097487
44644,3.6268376708314,0.0039461945477,0.0875585546591,0.0842816487605,0.0126968355406,15.1439384097487
44651,3.6270311248808,0.0039841036047,0.0869851841529,0.0840958576802,0.0126968355406,15.1439384097487
44672,3.6265592900383,0.0037973845582,0.0672768187597,0.0769704568742,0.0126968355406,15.1439384097487
44681,3.6266134837552,0.0037505505380,0.0672257984804,0.0769329304604,0.0126968355406,15.1439384097487
44682,3.6266560094381,0.0037305079353,0.0670922413588,0.0768772435371,0.0124428988298,15.1439384097487
44683,3.6266301148256,0.0036836739151,0.0671482725382,0.0768768165426,0.0124428988298,15.1439384097487
44686,3.6265445272522,0.0037150049435,0.0670330814267,0.0768478933851,0.0124428988298,15.1439384097487
44688,3.6265916598272,0.0037010610657,0.0670385997157,0.0768445551778,0.0124428988298,15.1439384097487
44689,3.6265597962505,0.0038186942854,0.0668841109257,0.0768393439794,0.0124428988298,15.1439384097487
44690,3.6266188469471,0.0037814187906,0.0668214209186,0.0768018150425,0.0124428988298,15.1439384097487
44691,3.6265931379663,0.0037814187906,0.0664859032604,0.0766816235271,0.0124428988298,15.1439384097487
44713,3.6268943408828,0.0036400077059,0.0663631913856,0.0765814551081,0.0121940408532,15.1439384097487
44714,3.6268544572545,0.0035931736856,0.0663819566275,0.0765675209065,0.0121940408532,15.1439384097487
44715,3.6268362774321,0.0035931736856,0.0663216309785,0.0765457187886,0.0121940408532,15.1439384097487
44835,3.6265694667020,0.0032998013281,0.0661679660044,0.0763613320764,0.0119501600361,15.1439384097487
44836,3.6265580250547,0.0032529673079,0.0658200425773,0.0762168400881,0.0119501600361,15.1439384097487
44837,3.6266901888812,0.0032459265035,0.0656100936489,0.0761407109496,0.0119501600361,15.1439384097487
44840,3.6268033514378,0.0031420663754,0.0655795920676,0.0760869072868,0.0119501600361,15.1439384097487
44841,3.6268686127029,0.0031962662449,0.0654498466909,0.0760647216104,0.0119501600361,15.1439384097487
44842,3.6266151307502,0.0031962662449,0.0654263993257,0.0760527607987,0.0119501600361,15.1439384097487
44845,3.6264278354612,0.0033077842119,0.0652967269809,0.0760515924456,0.0119501600361,15.1439384097487
44847,3.6264603768274,0.0032700294136,0.0652783046768,0.0760292928816,0.0119501600361,15.1439384097487
44850,3.6264441725874,0.0033168634338,0.0651943714623,0.0760191591676,0.0119501600361,15.1439384097487
44852,3.6265821250646,0.0033168634338,0.0651617231193,0.0760094510634,0.0119501600361,15.1439384097487
44853,3.6265967153135,0.0033636974541,0.0650719443722,0.0759976653992,0.0119501600361,15.1439384097487
44856,3.6268284886399,0.0031992302142,0.0645705305552,0.0757513826530,0.0117111568354,15.1439384097487
44857,3.6268141368176,0.0031992302142,0.0643825898689,0.0756840579020,0.0117111568354,15.1439384097487
44860,3.6267709435772,0.0031379895403,0.0644483684805,0.0756806930788,0.0117111568354,15.1439384097487
44861,3.6266429557347,0.0031379895403,0.0643996872761,0.0756614959150,0.0117111568354,15.1439384097487
44862,3.6266328047969,0.0030911555201,0.0643653245581,0.0756290081576,0.0117111568354,15.1439384097487
44863,3.6266286806586,0.0032036155665,0.0639753415228,0.0755378673087,0.0117111568354,15.1439384097487
44864,3.6264441665562,0.0032391611610,0.0637830505472,0.0754818149242,0.0117111568354,15.1439384097487
44877,3.6262585164729,0.0032867664743,0.0637303058094,0.0754807528588,0.0117111568354,15.1439384097487
44884,3.6263297772880,0.0032795714114,0.0637062196383,0.0754700753921,0.0114769336987,15.1439384097487
44885,3.6263158196606,0.0032327373911,0.0633501785966,0.0753226486548,0.0114769336987,15.1439384097487
46232,3.6259694010318,0.0042067263459,0.0621713703122,0.0753141677335,0.0072115000970,15.1439384097487
46240,3.6260542333921,0.0042272482522,0.0620929145143,0.0752961432806,0.0072115000970,15.1439384097487
46241,3.6259454350944,0.0042006110933,0.0621167745930,0.0752917093234,0.0070672700951,15.1439384097487
46242,3.6259530326973,0.0042006110933,0.0620948517049,0.0752839872261,0.0070672700951,15.1439384097487
46244,3.6259674835508,0.0043182443130,0.0618312568654,0.0752404649275,0.0070672700951,15.1439384097487
46245,3.6259951139255,0.0042714102927,0.0618718943098,0.0752352975455,0.0070672700951,15.1439384097487
46250,3.6261437149978,0.0045011950416,0.0615739025144,0.0752294537776,0.0070672700951,15.1439384097487
46251,3.6260761204784,0.0045480290618,0.0614118440346,0.0751906910141,0.0070672700951,15.1439384097487
46253,3.6260804964328,0.0045480290618,0.0613891492442,0.0751826476513,0.0070672700951,15.1439384097487
46255,3.6260062177988,0.0044593799359,0.0614884310898,0.0751790619331,0.0070672700951,15.1439384097487
46256,3.6260752584708,0.0044125459156,0.0615073714617,0.0751667315495,0.0070672700951,15.1439384097487
46278,3.6264505552996,0.0043209328204,0.0615841483268,0.0751601995284,0.0070672700951,15.1439384097487
46285,3.6263635285850,0.0043601090018,0.0614771780022,0.0751375542109,0.0070672700951,15.1439384097487
46287,3.6263792304229,0.0044069430220,0.0613344904228,0.0751068882640,0.0070672700951,15.1439384097487
46400,3.6255702380423,0.0044355690153,0.0613043631879,0.0750969496321,0.0067874061993,15.1439384097487
48511,3.6297669830512,0.0040553655799,0.0606090094827,0.0747450483545,0.0032141685063,15.1439384097487
48530,3.6301205154181,0.0039395999915,0.0606940423388,0.0747308058674,0.0032141685063,15.1439384097487
48531,3.6301046721912,0.0039395999915,0.0605190674794,0.0746680906656,0.0032141685063,15.1439384097487
50801,3.6375870165758,0.0048563755244,0.0582795323620,0.0743670351668,0.0014617920425,15.1439384097487
50803,3.6375765162384,0.0047709988850,0.0577969168512,0.0741579339170,0.0014617920425,15.1439384097487
50805,3.6376352792245,0.0047709988850,0.0577787052804,0.0741522612768,0.0014617920425,15.1439384097487
50806,3.6376170313542,0.0047241648647,0.0576942679302,0.0741017751513,0.0014617920425,15.1439384097487
50807,3.6375748829717,0.0047241648647,0.0574766825924,0.0740234697053,0.0014617920425,15.1439384097487
51691,3.6371108185958,0.0049986240131,0.0570702989756,0.0739893915687,0.0010580417483,15.1439384097487
51692,3.6369828583102,0.0049986240131,0.0569855654901,0.0739573189801,0.0010580417483,15.1439384097487
51699,3.6369042483820,0.0048341567732,0.0571295390840,0.0739371398356,0.0010580417483,15.1439384097487
51700,3.6370048982066,0.0048341567732,0.0569788390568,0.0738847425856,0.0010580417483,15.1439384097487
51701,3.6369909978067,0.0048105001113,0.0569579913534,0.0738669617181,0.0010580417483,15.1439384097487
51702,3.6370228021336,0.0048105001113,0.0569224754169,0.0738547274842,0.0010580417483,15.1439384097487
51704,3.6371749693137,0.0048128635738,0.0568464090821,0.0738307270040,0.0010580417483,15.1439384097487
51705,3.6370978728668,0.0048596975940,0.0567838552369,0.0738273671584,0.0010580417483,15.1439384097487
51706,3.6371016910295,0.0049190541090,0.0566841623616,0.0738172550932,0.0010580417483,15.1439384097487
51708,3.6369695882197,0.0049658881293,0.0566161884098,0.0738111811589,0.0010580417483,15.1439384097487
51709,3.6370663781404,0.0049810826038,0.0564455568663,0.0737581228105,0.0010580417483,15.1439384097487
51710,3.6370896650455,0.0049925252882,0.0563033811024,0.0737125792677,0.0010580417483,15.1439384097487
51711,3.6369947285126,0.0049456912679,0.0561735268260,0.0736447876719,0.0010580417483,15.1439384097487
51714,3.6367961696071,0.0049456912679,0.0560939142529,0.0736135450148,0.0010580417483,15.1439384097487
51715,3.6367596158948,0.0049190541090,0.0559766331136,0.0735597257358,0.0010368809134,15.1439384097487
51955,3.6383034804837,0.0048319640971,0.0559602287586,0.0735383883273,0.0009759040206,15.1439384097487
51956,3.6383465996163,0.0049354991802,0.0558130328752,0.0735308006803,0.0009759040206,15.1439384097487
52005,3.6378038657613,0.0048509268894,0.0559140117518,0.0735229396496,0.0009563859402,15.1439384097487
52008,3.6377639210451,0.0048593890768,0.0557759045650,0.0734766770910,0.0009563859402,15.1439384097487
52012,3.6377330113104,0.0048304049831,0.0557329740559,0.0734484856412,0.0009563859402,15.1439384097487
52061,3.6376207687891,0.0045700770266,0.0558650121880,0.0733824847686,0.0009372582214,15.1439384097487
52084,3.6373503571512,0.0046723615131,0.0555215791632,0.0732998400188,0.0009185130570,15.1439384097487
52538,3.6400035232498,0.0043821569666,0.0556418545959,0.0732559642760,0.0007814369446,15.1439384097487
52540,3.6400879703608,0.0044289909868,0.0555588517743,0.0732475870551,0.0007814369446,15.1439384097487
52542,3.6400718754027,0.0044289909868,0.0554873571417,0.0732218255151,0.0007814369446,15.1439384097487
52543,3.6400201425341,0.0044413592230,0.0554650735303,0.0732184357385,0.0007814369446,15.1439384097487
52735,3.6399312783418,0.0037350640740,0.0562881233101,0.0732084267451,0.0007354822008,15.1439384097487
52736,3.6397830910138,0.0036882300537,0.0562850378886,0.0731851562451,0.0007354822008,15.1439384097487
52892,3.6405016033505,0.0040454820095,0.0557837816497,0.0731694110422,0.0006922299635,15.1439384097487
52954,3.6408659484298,0.0037406834953,0.0559893894542,0.0731173699248,0.0006922299635,15.1439384097487
52956,3.6408219444456,0.0036285319661,0.0561118469629,0.0731124171548,0.0006922299635,15.1439384097487
52962,3.6409627359304,0.0034877213881,0.0562062965128,0.0730877939364,0.0006922299635,15.1439384097487
52964,3.6409866882163,0.0034408873679,0.0562020349544,0.0730665391516,0.0006922299635,15.1439384097487
53000,3.6414345432619,0.0036499959518,0.0558470142896,0.0730357011405,0.0006783853643,15.1439384097487
60222,3.6579349558667,0.0033764954107,0.0552176527368,0.0729271943730,0.0000664469689,15.1439384097487
60224,3.6578843183622,0.0034093855531,0.0550829934116,0.0728924810149,0.0000664469689,15.1439384097487
60225,3.6578306211409,0.0033625515328,0.0550777869773,0.0728697900390,0.0000664469689,15.1439384097487
60226,3.6578310495061,0.0033625515328,0.0550688451443,0.0728666025886,0.0000664469689,15.1439384097487
60268,3.6576084949809,0.0033737022277,0.0549767157501,0.0728353289711,0.0000664469689,15.1439384097487
60276,3.6574664539400,0.0034864873191,0.0548347389109,0.0728309495536,0.0000664469689,15.1439384097487
60277,3.6574318706640,0.0034864873191,0.0548255141487,0.0728271656447,0.0000664469689,15.1439384097487
60280,3.6574494222759,0.0034445179548,0.0548679908936,0.0728245973944,0.0000664469689,15.1439384097487
60281,3.6574387416105,0.0034817934496,0.0547913471987,0.0728130487276,0.0000651180295,15.1439384097487
60292,3.6576238086351,0.0032484111692,0.0550328920268,0.0728019124463,0.0000651180295,15.1439384097487
60299,3.6578080836989,0.0033134036332,0.0549310331045,0.0727959956528,0.0000651180295,15.1439384097487
60301,3.6578464848419,0.0033082469878,0.0548966809145,0.0727820603962,0.0000651180295,15.1439384097487
60304,3.6577554674375,0.0034019150283,0.0547567266158,0.0727709322738,0.0000651180295,15.1439384097487
60424,3.6577799408918,0.0033988684204,0.0547575246387,0.0727702578906,0.0000625393555,15.1439384097487
60425,3.6577427321207,0.0034457024407,0.0546326243088,0.0727451958513,0.0000625393555,15.1439384097487
60426,3.6578187420150,0.0034457024407,0.0546290532344,0.0727449960025,0.0000625393555,15.1439384097487
60435,3.6579349730915,0.0034549359212,0.0545936227523,0.0727379441268,0.0000625393555,15.1439384097487
60436,3.6579122794528,0.0034837657563,0.0544427210407,0.0726960851885,0.0000625393555,15.1439384097487
60438,3.6579807426532,0.0034369317360,0.0544218750183,0.0726695372072,0.0000625393555,15.1439384097487
61798,3.6605942774980,0.0038891849675,0.0537688365391,0.0726671133354,0.0000434733156,15.1439384097487
61804,3.6606241467634,0.0038891849675,0.0537435041902,0.0726584887161,0.0000434733156,15.1439384097487
61918,3.6603042515785,0.0036478198034,0.0540224934261,0.0726501590203,0.0000417517723,15.1439384097487
61986,3.6601688226665,0.0035968924203,0.0540136886818,0.0726232721374,0.0000417517723,15.1439384097487
61987,3.6602313369592,0.0035801223042,0.0540196311403,0.0726190918244,0.0000417517723,15.1439384097487
62005,3.6602510327907,0.0035585205875,0.0540052175657,0.0726049649353,0.0000409167368,15.1439384097487
62009,3.6603934725653,0.0035477114653,0.0539779504802,0.0725926097228,0.0000409167368,15.1439384097487
62014,3.6602418496772,0.0035757700073,0.0539344420521,0.0725869506342,0.0000409167368,15.1439384097487
62020,3.6600512069393,0.0035773291212,0.0539315681850,0.0725838948628,0.0000409167368,15.1439384097487
62120,3.6609009829028,0.0037543188558,0.0536816374178,0.0725825108909,0.0000400984021,15.1439384097487
62125,3.6607819797457,0.0037543188558,0.0536195235690,0.0725586434868,0.0000400984021,15.1439384097487
62126,3.6607695976149,0.0038011528761,0.0534182857028,0.0725066693369,0.0000400984021,15.1439384097487
62130,3.6607923011608,0.0037843827599,0.0534353685838,0.0725059044268,0.0000400984021,15.1439384097487
62325,3.6602476393211,0.0035306163042,0.0536603747817,0.0724697998022,0.0000377402953,15.1439384097487
62677,3.6613800737461,0.0034556190665,0.0536440448405,0.0724478498784,0.0000348104467,15.1439384097487
62678,3.6614253983039,0.0034631391745,0.0536147526216,0.0724412526145,0.0000348104467,15.1439384097487
62701,3.6620973529809,0.0033964002824,0.0536263347150,0.0724262948078,0.0000348104467,15.1439384097487
62703,3.6619948769569,0.0033964002824,0.0536142059877,0.0724205130906,0.0000348104467,15.1439384097487
62743,3.6621599403569,0.0032382190815,0.0537542612546,0.0724050765216,0.0000341142378,15.1439384097487
62744,3.6620663569378,0.0032382190815,0.0537389757492,0.0723982932134,0.0000341142378,15.1439384097487
62755,3.6621417105080,0.0032097142914,0.0537098660869,0.0723767468148,0.0000341142378,15.1439384097487
62759,3.6620884375026,0.0032565483117,0.0536551957677,0.0723765396143,0.0000341142378,15.1439384097487
62762,3.6620151312643,0.0032565483117,0.0536374181658,0.0723691531924,0.0000341142378,15.1439384097487
62763,3.6620639715235,0.0032565483117,0.0536155674385,0.0723620404476,0.0000341142378,15.1439384097487
62768,3.6619453640106,0.0032097142914,0.0536318433150,0.0723461032493,0.0000341142378,15.1439384097487
62792,3.6622304273933,0.0032397781955,0.0535197503444,0.0723229882036,0.0000341142378,15.1439384097487
62796,3.6622299576194,0.0032397781955,0.0534960139054,0.0723145042567,0.0000341142378,15.1439384097487
62799,3.6622670058723,0.0032397781955,0.0534366058701,0.0722938113315,0.0000334319530,15.1439384097487
62802,3.6622501607978,0.0032397781955,0.0532631858230,0.0722316372438,0.0000334319530,15.1439384097487
62868,3.6628792235523,0.0032189477720,0.0532498973243,0.0722268652228,0.0000334319530,15.1439384097487
62871,3.6628405030955,0.0031595747292,0.0533145156698,0.0722239497218,0.0000334319530,15.1439384097487
64207,3.6635055490205,0.0031695629752,0.0532619336811,0.0722188614722,0.0000246918075,15.1439384097487
64208,3.6634893557398,0.0031835068530,0.0532172662102,0.0722086556179,0.0000246918075,15.1439384097487
64470,3.6641655425876,0.0030508334175,0.0533359361278,0.0722037456861,0.0000232397317,15.1439384097487
64487,3.6645653764038,0.0029397947541,0.0534384562388,0.0721984296346,0.0000232397317,15.1439384097487
64492,3.6643878514196,0.0029866287743,0.0533764017890,0.0721938270874,0.0000227749371,15.1439384097487
64493,3.6643549997556,0.0029397947541,0.0532780444153,0.0721381628821,0.0000227749371,15.1439384097487
64856,3.6640104302716,0.0031708300996,0.0529861885773,0.0721280681672,0.0000214355886,15.1439384097487
65377,3.6631970854424,0.0028978419174,0.0533387161995,0.0721254671794,0.0000193760743,15.1439384097487
65379,3.6633253024369,0.0028978419174,0.0533016011814,0.0721140260776,0.0000193760743,15.1439384097487
65384,3.6634708120968,0.0028286018320,0.0533004450035,0.0720859977866,0.0000193760743,15.1439384097487
65395,3.6634311689607,0.0028354883777,0.0531823776318,0.0720462212971,0.0000193760743,15.1439384097487
65428,3.6634518000058,0.0028361219399,0.0530486605779,0.0719990286610,0.0000189885528,15.1439384097487
65429,3.6633007475328,0.0028361219399,0.0529903981311,0.0719760832619,0.0000189885528,15.1439384097487
65546,3.6629155100318,0.0027593617466,0.0530542953881,0.0719605554003,0.0000186087818,15.1439384097487
65549,3.6629726235662,0.0028061957668,0.0529829241966,0.0719559455647,0.0000186087818,15.1439384097487
65550,3.6629150891916,0.0028016396281,0.0529889384880,0.0719553267875,0.0000186087818,15.1439384097487
65555,3.6628787278463,0.0027966372413,0.0529898735954,0.0719530023638,0.0000186087818,15.1439384097487
65894,3.6627884924010,0.0029263301798,0.0528056282431,0.0719415063147,0.0000175144365,15.1439384097487
65902,3.6627444975450,0.0029485654587,0.0527035719973,0.0719139645364,0.0000175144365,15.1439384097487
65955,3.6631427287272,0.0028680700029,0.0527705846906,0.0719090345332,0.0000175144365,15.1439384097487
65965,3.6630085719351,0.0028403365059,0.0527771996283,0.0718976129169,0.0000171641478,15.1439384097487
65970,3.6630493832370,0.0028871705262,0.0526753028751,0.0718818704195,0.0000171641478,15.1439384097487
65977,3.6627982995703,0.0028558394977,0.0527114536718,0.0718778010176,0.0000171641478,15.1439384097487
66093,3.6628032527857,0.0029446759377,0.0524939788250,0.0718382742772,0.0000168208649,15.1439384097487
66366,3.6629153116526,0.0027841147466,0.0526780574274,0.0718367903216,0.0000158316634,15.1439384097487
67639,3.6634205287156,0.0027684574962,0.0526286741747,0.0718195919830,0.0000126769092,15.1439384097487
67640,3.6633741193897,0.0027817678118,0.0525805253421,0.0718074437035,0.0000126769092,15.1439384097487
67668,3.6632999936074,0.0027817678118,0.0525424028915,0.0717927796677,0.0000124233711,15.1439384097487
67721,3.6631795328505,0.0027957116896,0.0525018139106,0.0717825550391,0.0000124233711,15.1439384097487
67836,3.6630182592817,0.0028660150577,0.0523922295259,0.0717712657635,0.0000121749036,15.1439384097487
67837,3.6630623413513,0.0028489529520,0.0523792255203,0.0717599329031,0.0000121749036,15.1439384097487
67994,3.6629575492205,0.0027817678118,0.0523914329506,0.0717340162665,0.0000119314056,15.1439384097487
68011,3.6628315321131,0.0027538800562,0.0524183135079,0.0717298814367,0.0000116927775,15.1439384097487
68165,3.6623119659548,0.0027904007855,0.0522560133062,0.0716802169937,0.0000116927775,15.1439384097487
68189,3.6624905785800,0.0027606288710,0.0521834208763,0.0716440590907,0.0000114589219,15.1439384097487
68460,3.6623871350603,0.0027372641986,0.0521854247445,0.0716332976080,0.0000110051486,15.1439384097487
68467,3.6624946342684,0.0027247417038,0.0521871192938,0.0716300571273,0.0000110051486,15.1439384097487
68724,3.6625050992210,0.0027931774407,0.0520865706977,0.0716236245943,0.0000105693447,15.1439384097487
68745,3.6625323402290,0.0027646561229,0.0521068567999,0.0716190316673,0.0000103579578,15.1439384097487
68769,3.6625438001526,0.0027898884265,0.0520561045331,0.0716118818593,0.0000103579578,15.1439384097487
68797,3.6625159531805,0.0027898884265,0.0520474509778,0.0716083972711,0.0000103579578,15.1439384097487
68843,3.6624757837264,0.0028183932166,0.0520112831054,0.0716071281173,0.0000103579578,15.1439384097487
68844,3.6624527624492,0.0028000805142,0.0519549726519,0.0715788431905,0.0000103579578,15.1439384097487
68884,3.6624060362271,0.0028000805142,0.0519415825821,0.0715733998498,0.0000101507987,15.1439384097487
68890,3.6622188968382,0.0027657689887,0.0519530195595,0.0715601315352,0.0000101507987,15.1439384097487
68896,3.6622442037967,0.0027391318298,0.0519596732255,0.0715514500111,0.0000101507987,15.1439384097487
68906,3.6623796177795,0.0027734433553,0.0518875864154,0.0715423257600,0.0000101507987,15.1439384097487
69140,3.6628930476991,0.0026173005719,0.0520403470513,0.0715372297932,0.0000097488270,15.1439384097487
69143,3.6628655033729,0.0026173005719,0.0520309807800,0.0715334949460,0.0000097488270,15.1439384097487
69144,3.6628617297520,0.0026526919078,0.0519491444468,0.0715193820030,0.0000097488270,15.1439384097487
69147,3.6627631766728,0.0026526919078,0.0518511945788,0.0714830053878,0.0000097488270,15.1439384097487
69150,3.6627863282862,0.0026387480300,0.0518310895961,0.0714701766830,0.0000097488270,15.1439384097487
69151,3.6628324718437,0.0026387480300,0.0518171502567,0.0714658512757,0.0000097488270,15.1439384097487
69165,3.6628234767875,0.0026526919078,0.0517864221252,0.0714607256112,0.0000097488270,15.1439384097487
69172,3.6628972013288,0.0026457888343,0.0517815479236,0.0714570695622,0.0000097488270,15.1439384097487
70083,3.6630006030998,0.0027840982188,0.0515878744102,0.0714486390290,0.0000082939416,15.1439384097487
70188,3.6630969562451,0.0027701543410,0.0514969256750,0.0714115447807,0.0000082939416,15.1439384097487
70421,3.6632991423808,0.0028577236566,0.0513496305633,0.0713993300106,0.0000078061914,15.1439384097487
70884,3.6634066174545,0.0027996012106,0.0513798077465,0.0713867187214,0.0000074970663,15.1439384097487
71068,3.6636666584629,0.0027333581499,0.0514057137909,0.0713712605599,0.0000070561788,15.1439384097487
71250,3.6636491360399,0.0027906762473,0.0513352667593,0.0713704178635,0.0000069150552,15.1439384097487
71266,3.6636040505079,0.0027693665202,0.0513482330515,0.0713652779847,0.0000069150552,15.1439384097487
71364,3.6636318192287,0.0027300526079,0.0513088275531,0.0713347486984,0.0000069150552,15.1439384097487
71493,3.6635467431177,0.0026998179175,0.0513350494519,0.0713299521165,0.0000066412190,15.1439384097487
71603,3.6634875114251,0.0027222239827,0.0513016073430,0.0713267729811,0.0000065083946,15.1439384097487
71687,3.6634545986109,0.0026816594737,0.0513274682042,0.0713181584993,0.0000065083946,15.1439384097487
71867,3.6635452008201,0.0027712506791,0.0512071914485,0.0713148807612,0.0000063782268,15.1439384097487
71909,3.6635635147949,0.0027549598665,0.0512132537256,0.0713103232248,0.0000062506622,15.1439384097487
71950,3.6637711876873,0.0028130823125,0.0511201365826,0.0713049152795,0.0000061256490,15.1439384097487
71990,3.6637334452492,0.0028130823125,0.0511082192016,0.0713001250191,0.0000061256490,15.1439384097487
72004,3.6637623509996,0.0027662482923,0.0511296566682,0.0712881185486,0.0000061256490,15.1439384097487
72028,3.6638403703225,0.0027675154167,0.0510930868396,0.0712767049171,0.0000061256490,15.1439384097487
72103,3.6638684556458,0.0027675154167,0.0510874214214,0.0712750789589,0.0000060031360,15.1439384097487
72887,3.6639466567580,0.0027675154167,0.0510672870158,0.0712689946402,0.0000054263595,15.1439384097487
73323,3.6641434979508,0.0027057954392,0.0511335505641,0.0712689940640,0.0000050051012,15.1439384097487
73333,3.6638699282427,0.0027421453822,0.0510720226301,0.0712587273558,0.0000050051012,15.1439384097487
73343,3.6638963560746,0.0026680571686,0.0511257905289,0.0712465520373,0.0000050051012,15.1439384097487
73348,3.6639946128460,0.0026787120322,0.0510801979291,0.0712362256627,0.0000050051012,15.1439384097487
73506,3.6640064500569,0.0026957906656,0.0510586153006,0.0712360044912,0.0000049049992,15.1439384097487
73570,3.6640343805543,0.0027319698223,0.0509878573579,0.0712266343649,0.0000049049992,15.1439384097487
73675,3.6639976146411,0.0027515331214,0.0509570433979,0.0712234934150,0.0000047107612,15.1439384097487
73704,3.6639768657245,0.0027136240644,0.0510009186527,0.0712226228144,0.0000047107612,15.1439384097487
73866,3.6639019970385,0.0026509785352,0.0510365779649,0.0712074508122,0.0000046165460,15.1439384097487
73922,3.6637774297849,0.0026989088935,0.0509422109713,0.0711925272783,0.0000046165460,15.1439384097487
73933,3.6638594581744,0.0026784035149,0.0508840153581,0.0711641158076,0.0000046165460,15.1439384097487
74157,3.6640589262511,0.0026417119992,0.0508630152477,0.0711437132928,0.0000043450561,15.1439384097487
74329,3.6640991501871,0.0026384229850,0.0508378833674,0.0711338972097,0.0000042581550,15.1439384097487
74391,3.6640171358255,0.0026233827691,0.0508010592598,0.0711131394382,0.0000042581550,15.1439384097487
74432,3.6640206173976,0.0026233827691,0.0507698934187,0.0711020580447,0.0000042581550,15.1439384097487
74538,3.6640303041519,0.0026497114108,0.0506954608111,0.0710868957410,0.0000040895321,15.1439384097487
74569,3.6640097300231,0.0026390565472,0.0506987868922,0.0710832261345,0.0000040895321,15.1439384097487
74630,3.6639156933420,0.0026301315839,0.0507084988866,0.0710815391069,0.0000040895321,15.1439384097487
74674,3.6638916221163,0.0026769656042,0.0506116390096,0.0710666774104,0.0000040077414,15.1439384097487
74880,3.6638623472229,0.0026769656042,0.0506085336500,0.0710651541156,0.0000039275866,15.1439384097487
75085,3.6638826640541,0.0027237996244,0.0505370902074,0.0710599978052,0.0000038490349,15.1439384097487
75114,3.6638971599929,0.0026769656042,0.0505903389015,0.0710591485896,0.0000038490349,15.1439384097487
75326,3.6638741010982,0.0027076630704,0.0505318186009,0.0710510782573,0.0000036226808,15.1439384097487
75532,3.6638588123789,0.0027076630704,0.0505098977287,0.0710430330400,0.0000035502272,15.1439384097487
75533,3.6638368764826,0.0026779076836,0.0505039131926,0.0710278330057,0.0000035502272,15.1439384097487
75709,3.6638789852685,0.0026650601439,0.0504906715941,0.0710181936114,0.0000034096382,15.1439384097487
75788,3.6640060129985,0.0026772741214,0.0504400868164,0.0710071596150,0.0000034096382,15.1439384097487
75795,3.6640018288674,0.0026328035637,0.0504595240543,0.0709949834700,0.0000034096382,15.1439384097487
75896,3.6640976932609,0.0025859695434,0.0504782917385,0.0709829709662,0.0000033414455,15.1439384097487
75937,3.6639857071963,0.0026328035637,0.0503597831696,0.0709591336049,0.0000033414455,15.1439384097487
75966,3.6640694756521,0.0025859695434,0.0504055627900,0.0709565970644,0.0000033414455,15.1439384097487
76187,3.6640441034060,0.0025859695434,0.0504055627900,0.0709562380489,0.0000031449417,15.1439384097487
76224,3.6640694182547,0.0026328035637,0.0503329924042,0.0709507499803,0.0000031449417,15.1439384097487
76235,3.6639205028435,0.0026058578875,0.0503591763995,0.0709464461172,0.0000031449417,15.1439384097487
76259,3.6638749039322,0.0026058578875,0.0503270613610,0.0709343312390,0.0000031449417,15.1439384097487
76289,3.6638692963866,0.0026435961581,0.0502735485948,0.0709313137350,0.0000031449417,15.1439384097487
76549,3.6639335085617,0.0026034944250,0.0503093796943,0.0709278326972,0.0000030204020,15.1439384097487
76555,3.6640149252671,0.0026503284453,0.0502254835184,0.0709190935411,0.0000030204020,15.1439384097487
76578,3.6639682543449,0.0026503284453,0.0501746780192,0.0709002883295,0.0000030204020,15.1439384097487
76605,3.6639901244286,0.0026034944250,0.0502177610579,0.0708959128663,0.0000030204020,15.1439384097487
76674,3.6639992444522,0.0025566604048,0.0502586498027,0.0708905733142,0.0000029599940,15.1439384097487
76675,3.6638421089946,0.0026034944250,0.0501989308430,0.0708870933811,0.0000029599940,15.1439384097487
76719,3.6638041024028,0.0025566604048,0.0502125954249,0.0708713640752,0.0000029007941,15.1439384097487
76948,3.6637651818675,0.0026185346409,0.0501314062922,0.0708683347632,0.0000028427782,15.1439384097487
76978,3.6637692584534,0.0025717006207,0.0501534387722,0.0708561894665,0.0000028427782,15.1439384097487
76985,3.6637508717589,0.0025466391034,0.0501752740672,0.0708529869654,0.0000028427782,15.1439384097487
77293,3.6635407088007,0.0026141492886,0.0500813798814,0.0708454124723,0.0000027302042,15.1439384097487
77666,3.6635119404732,0.0026141492886,0.0500813798814,0.0708450054024,0.0000025696464,15.1439384097487
77849,3.6635773997795,0.0026609833088,0.0500219539202,0.0708447798126,0.0000025182534,15.1439384097487
77908,3.6635945208817,0.0026609833088,0.0499997700413,0.0708370992612,0.0000024185306,15.1439384097487
78031,3.6636804114428,0.0026141492886,0.0500370473279,0.0708315562005,0.0000023701600,15.1439384097487
78124,3.6636660447239,0.0026310571357,0.0500056385156,0.0708273816996,0.0000023701600,15.1439384097487
78297,3.6638717473097,0.0026653686611,0.0499089401656,0.0708104621919,0.0000023227568,15.1439384097487
78594,3.6637662890477,0.0026059956184,0.0499546459474,0.0707998478684,0.0000021861601,15.1439384097487
78601,3.6637277602454,0.0025593323845,0.0499229662443,0.0707679899799,0.0000021861601,15.1439384097487
78611,3.6637282623269,0.0026061664048,0.0498175836524,0.0707504321673,0.0000021861601,15.1439384097487
78675,3.6637366022764,0.0025706042826,0.0498562020065,0.0707491015369,0.0000021861601,15.1439384097487
78735,3.6636960016225,0.0025237702624,0.0498935112547,0.0707417800489,0.0000021424369,15.1439384097487
78840,3.6637232823357,0.0025479062279,0.0498198951173,0.0707262185767,0.0000021424369,15.1439384097487
78946,3.6636989647218,0.0025068624153,0.0498389929939,0.0707151049489,0.0000020575964,15.1439384097487
78954,3.6637578646535,0.0025536964355,0.0497281838030,0.0706964353909,0.0000020575964,15.1439384097487
79029,3.6638483015013,0.0026005304557,0.0496680237547,0.0706963010577,0.0000020575964,15.1439384097487
79195,3.6636898189132,0.0025519665352,0.0497185508408,0.0706912908188,0.0000020164445,15.1439384097487
79276,3.6637419491899,0.0025233074865,0.0497494334534,0.0706907755137,0.0000019761156,15.1439384097487
79447,3.6637615402705,0.0025082672706,0.0497461980423,0.0706834514155,0.0000019365933,15.1439384097487
79475,3.6636863950231,0.0025104599468,0.0497441981531,0.0706826135875,0.0000019365933,15.1439384097487
79533,3.6635972890424,0.0024902630854,0.0497331259428,0.0706687425853,0.0000018978614,15.1439384097487
79552,3.6634571467339,0.0025027855802,0.0497190578831,0.0706671020574,0.0000018978614,15.1439384097487
79690,3.6634389648145,0.0025369263193,0.0496461455264,0.0706554364024,0.0000018599042,15.1439384097487
80227,3.6634682838793,0.0026456345757,0.0495104301735,0.0706539707490,0.0000017155164,15.1439384097487
80285,3.6634898701566,0.0026924685959,0.0494493145608,0.0706525209118,0.0000016812061,15.1439384097487
80703,3.6634244338683,0.0026567522151,0.0494933441728,0.0706520128338,0.0000015823377,15.1439384097487
81079,3.6634548247324,0.0026567522151,0.0494613656594,0.0706410219649,0.0000015196771,15.1439384097487
81377,3.6633566975021,0.0026092846327,0.0495108257953,0.0706369545558,0.0000014303080,15.1439384097487
81378,3.6633761785354,0.0026092846327,0.0494598027806,0.0706190077059,0.0000014303080,15.1439384097487
81584,3.6633371778941,0.0026503284453,0.0493924241160,0.0706119822460,0.0000014017018,15.1439384097487
81890,3.6632800691882,0.0026092846327,0.0494420162401,0.0706112954291,0.0000013192705,15.1439384097487
81937,3.6631772930639,0.0025981669932,0.0494045656649,0.0705917012458,0.0000013192705,15.1439384097487
82008,3.6632572353185,0.0026094554190,0.0493605545126,0.0705819520514,0.0000012928851,15.1439384097487
82372,3.6630875691901,0.0026094554190,0.0493605545126,0.0705795512871,0.0000012168531,15.1439384097487
83691,3.6630730220518,0.0026412492234,0.0493062706311,0.0705735842617,0.0000009942576,15.1439384097487
83932,3.6630614627602,0.0026763320420,0.0492544790057,0.0705699591831,0.0000009548850,15.1439384097487
84339,3.6629622967223,0.0027001264348,0.0492167854593,0.0705652916063,0.0000008987301,15.1439384097487
84404,3.6630078621138,0.0026650436162,0.0492023856683,0.0705457580774,0.0000008807555,15.1439384097487
84474,3.6630555615179,0.0026650436162,0.0491877466962,0.0705412048165,0.0000008807555,15.1439384097487
84648,3.6630745250789,0.0026880832436,0.0491329557715,0.0705317790882,0.0000008631404,15.1439384097487
84810,3.6631003392168,0.0026934106754,0.0491125335658,0.0705271338967,0.0000008458776,15.1439384097487
84841,3.6631844999004,0.0026465766551,0.0491565631777,0.0705239779032,0.0000008289600,15.1439384097487
85000,3.6631911626708,0.0026465766551,0.0491295684133,0.0705144311936,0.0000008123808,15.1439384097487
85148,3.6632084630064,0.0026237078141,0.0491522768972,0.0705129852332,0.0000007961332,15.1439384097487
85167,3.6631054517739,0.0026592534085,0.0490917128861,0.0705051314534,0.0000007961332,15.1439384097487
85347,3.6631220684491,0.0026332498118,0.0491140461738,0.0705021983538,0.0000007646064,15.1439384097487
85813,3.6631475757299,0.0025864157916,0.0491366736672,0.0704905688048,0.0000007196414,15.1439384097487
85814,3.6631084226493,0.0025864157916,0.0491040472307,0.0704783624926,0.0000007196414,15.1439384097487
86119,3.6631055128766,0.0026172840442,0.0490491964164,0.0704719609941,0.0000006773207,15.1439384097487
86253,3.6630174109038,0.0026641180644,0.0489886139457,0.0704691494833,0.0000006637743,15.1439384097487
86478,3.6629430749577,0.0026182095960,0.0490267309037,0.0704620357760,0.0000006504988,15.1439384097487
86813,3.6628566976953,0.0026294980217,0.0490097145158,0.0704595741589,0.0000006122443,15.1439384097487
87309,3.6629236557800,0.0026182095960,0.0490043234444,0.0704537583319,0.0000005647146,15.1439384097487
88743,3.6629476541189,0.0026294980217,0.0489892614888,0.0704535565337,0.0000004521847,15.1439384097487
89336,3.6629807129471,0.0026294980217,0.0489870429845,0.0704532319909,0.0000004170808,15.1439384097487
89338,3.6630832518571,0.0025602579363,0.0490641367906,0.0704525420895,0.0000004170808,15.1439384097487
89404,3.6629629043699,0.0026294980217,0.0489843396865,0.0704520145372,0.0000004170808,15.1439384097487
89692,3.6629469075203,0.0026754064902,0.0489284325841,0.0704514964185,0.0000004005644,15.1439384097487
89762,3.6628729945118,0.0026160334475,0.0489957542276,0.0704490484088,0.0000003847020,15.1439384097487
89765,3.6628550106463,0.0026330955532,0.0489395020628,0.0704360162104,0.0000003847020,15.1439384097487
89802,3.6628703382130,0.0025862615330,0.0489618055947,0.0704241269186,0.0000003847020,15.1439384097487
89804,3.6628603056017,0.0025804713253,0.0489378878749,0.0704129613975,0.0000003847020,15.1439384097487
89809,3.6627821403194,0.0025804713253,0.0489246625513,0.0704071320341,0.0000003847020,15.1439384097487
89822,3.6626675163258,0.0026273053456,0.0487951609863,0.0703793312763,0.0000003847020,15.1439384097487
90104,3.6626479430560,0.0026082048223,0.0487624004885,0.0703591681995,0.0000003694678,15.1439384097487
98471,3.6625382647377,0.0026437504168,0.0487239780285,0.0703591277777,0.0000001014018,15.1439384097487
98664,3.6624474469304,0.0026389022886,0.0487053772085,0.0703491217926,0.0000000993737,15.1439384097487
98945,3.6624188318946,0.0026766405592,0.0486518118025,0.0703457599342,0.0000000935298,15.1439384097487
98958,3.6624472917658,0.0026298065390,0.0487054666793,0.0703452533725,0.0000000935298,15.1439384097487
98994,3.6623842604517,0.0026298065390,0.0487042183485,0.0703439156512,0.0000000935298,15.1439384097487
99053,3.6624465127482,0.0026298065390,0.0486983268183,0.0703426923991,0.0000000935298,15.1439384097487
99162,3.6625941017570,0.0025829725187,0.0487423947023,0.0703404475807,0.0000000916592,15.1439384097487
