0,3.12456,0.555358,0.320124,0.396553,100000.000000
1,3.1245824679747,0.5553584234398,0.3200414133420,0.3965238903316,100000.0000000000000,15.1439384097487
2,3.1246534070857,0.5552407902202,0.3196323241741,0.3963283766041,100000.0000000000000,15.1439384097487
3,3.1246311777887,0.5552407902202,0.3196299873280,0.3963272274732,100000.0000000000000,15.1439384097487
4,3.1246699168409,0.5551231570006,0.3195738093005,0.3962572978099,100000.0000000000000,15.1439384097487
5,3.1247632121197,0.5552407902202,0.3194163496083,0.3962527965645,100000.0000000000000,15.1439384097487
6,3.1248003929412,0.5551939562000,0.3194038887093,0.3962288006266,100000.0000000000000,15.1439384097487
7,3.1248802946381,0.5551939562000,0.3193123806523,0.3961972497813,100000.0000000000000,15.1439384097487
8,3.1250024104742,0.5551939562000,0.3192274881262,0.3961686589529,100000.0000000000000,15.1439384097487
9,3.1250081884806,0.5550763229804,0.3191702340458,0.3960978785885,100000.0000000000000,15.1439384097487
10,3.1249765529978,0.5549586897607,0.3191303460728,0.3960327710069,100000.0000000000000,15.1439384097487
11,3.1251059549656,0.5549586897607,0.3190894095397,0.3960199818457,100000.0000000000000,15.1439384097487
12,3.1250138593059,0.5549586897607,0.3190076021934,0.3959894617889,100000.0000000000000,15.1439384097487
13,3.1250140521706,0.5549586897607,0.3188265653558,0.3959248085044,100000.0000000000000,15.1439384097487
14,3.1251352702375,0.5548410565411,0.3186968791111,0.3958297929790,100000.0000000000000,15.1439384097487
15,3.1252123169144,0.5547234233215,0.3186082659449,0.3957488213880,100000.0000000000000,15.1439384097487
16,3.1253643577002,0.5546765893013,0.3186371844957,0.3957412290859,100000.0000000000000,15.1439384097487
17,3.1252933978848,0.5546765893013,0.3182978095866,0.3956190196845,100000.0000000000000,15.1439384097487
18,3.1255281854052,0.5546765893013,0.3181075777622,0.3955544019749,100000.0000000000000,15.1439384097487
19,3.1255614501370,0.5546765893013,0.3180704053653,0.3955415968126,100000.0000000000000,15.1439384097487
20,3.1255988173316,0.5546297552810,0.3180551182983,0.3955165941662,100000.0000000000000,15.1439384097487
21,3.1257565034057,0.5545121220614,0.3180597702929,0.3954700726032,100000.0000000000000,15.1439384097487
22,3.1257658609297,0.5545121220614,0.3179836491131,0.3954430188759,100000.0000000000000,15.1439384097487
23,3.1257994588740,0.5545121220614,0.3177925247977,0.3953752356005,100000.0000000000000,15.1439384097487
24,3.1259534352518,0.5543944888418,0.3177835076324,0.3953237797028,100000.0000000000000,15.1439384097487
25,3.1258959979144,0.5544413228620,0.3173027052411,0.3951713235515,100000.0000000000000,15.1439384097487
26,3.1259090161878,0.5543236896424,0.3167884022308,0.3949374138757,100000.0000000000000,15.1439384097487
27,3.1258994464814,0.5543236896424,0.3162201223616,0.3947343213689,100000.0000000000000,15.1439384097487
28,3.1258787124173,0.5543236896424,0.3161438430524,0.3947067853728,100000.0000000000000,15.1439384097487
29,3.1258882690647,0.5542768556222,0.3161746809959,0.3946978624270,100000.0000000000000,15.1439384097487
30,3.1260051869430,0.5542768556222,0.3161435996846,0.3946884163388,100000.0000000000000,15.1439384097487
31,3.1259825330326,0.5542768556222,0.3159178465061,0.3946074696524,100000.0000000000000,15.1439384097487
32,3.1260124956233,0.5541592224025,0.3155984400961,0.3944434056662,100000.0000000000000,15.1439384097487
33,3.1260155311322,0.5541592224025,0.3155576815670,0.3944288920009,100000.0000000000000,15.1439384097487
34,3.1259982162070,0.5542060564228,0.3152881114209,0.3943524436666,100000.0000000000000,15.1439384097487
35,3.1259900016637,0.5542060564228,0.3151163833299,0.3942909959703,100000.0000000000000,15.1439384097487
36,3.1261075435012,0.5541592224025,0.3151292091337,0.3942771681007,100000.0000000000000,15.1439384097487
37,3.1261097385198,0.5540415891829,0.3151017124159,0.3942169646668,100000.0000000000000,15.1439384097487
38,3.1261122277237,0.5540415891829,0.3147283404533,0.3940836527593,100000.0000000000000,15.1439384097487
39,3.1260957596805,0.5540415891829,0.3147285928218,0.3940835098692,100000.0000000000000,15.1439384097487
40,3.1259484895073,0.5540415891829,0.3145315506291,0.3940110537944,100000.0000000000000,15.1439384097487
41,3.1259215357337,0.5539239559633,0.3143293909709,0.3938880582854,100000.0000000000000,15.1439384097487
42,3.1259930962417,0.5538063227437,0.3143117005812,0.3938323386285,100000.0000000000000,15.1439384097487
43,3.1259945895685,0.5536886895241,0.3143355793232,0.3937904736442,100000.0000000000000,15.1439384097487
44,3.1259300090809,0.5536886895241,0.3143276482527,0.3937867273094,100000.0000000000000,15.1439384097487
45,3.1258698803870,0.5536418555038,0.3141387204579,0.3936983305570,100000.0000000000000,15.1439384097487
46,3.1258511456093,0.5536418555038,0.3127439109297,0.3931999192011,100000.0000000000000,15.1439384097487
47,3.1257920844871,0.5535242222842,0.3127439606733,0.3931486870188,100000.0000000000000,15.1439384097487
48,3.1257613792298,0.5535242222842,0.3127069665374,0.3931350403500,100000.0000000000000,15.1439384097487
49,3.1256497497045,0.5534065890646,0.3127075060965,0.3930832392624,100000.0000000000000,15.1439384097487
50,3.1257122441649,0.5533597550444,0.3126700363671,0.3930506697857,100000.0000000000000,15.1439384097487
51,3.1257014134645,0.5533129210241,0.3125208624905,0.3929771684246,100000.0000000000000,15.1439384097487
52,3.1257631321134,0.5533129210241,0.3121917478219,0.3928605007862,100000.0000000000000,15.1439384097487
53,3.1258801808222,0.5533597550444,0.3120451830438,0.3928298841770,100000.0000000000000,15.1439384097487
54,3.1259920189542,0.5532421218247,0.3121367428957,0.3928137523892,100000.0000000000000,15.1439384097487
55,3.1261850202752,0.5532421218247,0.3120176645821,0.3927739553758,100000.0000000000000,15.1439384097487
56,3.1261898802709,0.5532421218247,0.3120146024852,0.3927729305384,100000.0000000000000,15.1439384097487
57,3.1260548197014,0.5532421218247,0.3115570201540,0.3926075971792,100000.0000000000000,15.1439384097487
58,3.1260747342542,0.5532421218247,0.3115558636965,0.3926074659483,100000.0000000000000,15.1439384097487
59,3.1260058698812,0.5532421218247,0.3114433861025,0.3925663209527,100000.0000000000000,15.1439384097487
60,3.1259489676993,0.5532421218247,0.3111316928449,0.3924541967701,100000.0000000000000,15.1439384097487
61,3.1258891188245,0.5532421218247,0.3110960643215,0.3924406254399,100000.0000000000000,15.1439384097487
62,3.1259273306256,0.5532421218247,0.3110730828463,0.3924329584646,100000.0000000000000,15.1439384097487
63,3.1258183969754,0.5531952878045,0.3111259293501,0.3924302190892,100000.0000000000000,15.1439384097487
64,3.1258863093943,0.5530776545849,0.3109463430528,0.3923166278450,100000.0000000000000,15.1439384097487
65,3.1258699557090,0.5530776545849,0.3107370429507,0.3922416464050,100000.0000000000000,15.1439384097487
66,3.1260210847445,0.5530776545849,0.3107244846086,0.3922392997485,100000.0000000000000,15.1439384097487
67,3.1260395647533,0.5529600213653,0.3106937183461,0.3921781590516,100000.0000000000000,15.1439384097487
68,3.1260375473620,0.5528423881456,0.3107104304227,0.3921336848674,100000.0000000000000,15.1439384097487
69,3.1261137062473,0.5527955541254,0.3107414594653,0.3921257725885,100000.0000000000000,15.1439384097487
70,3.1260727038222,0.5526779209058,0.3107694501698,0.3920847748502,100000.0000000000000,15.1439384097487
71,3.1260675760022,0.5526310868856,0.3107722081717,0.3920656155696,100000.0000000000000,15.1439384097487
72,3.1261673499169,0.5525134536659,0.3107151595493,0.3919962386188,100000.0000000000000,15.1439384097487
73,3.1261140414432,0.5525134536659,0.3107145917675,0.3919952815282,100000.0000000000000,15.1439384097487
74,3.1261932053814,0.5523958204463,0.3103886653644,0.3918295851689,100000.0000000000000,15.1439384097487
75,3.1262777670698,0.5523958204463,0.3102997277341,0.3917990182717,100000.0000000000000,15.1439384097487
76,3.1262440521779,0.5523958204463,0.3099544918259,0.3916752426696,100000.0000000000000,15.1439384097487
77,3.1262231575540,0.5522781872267,0.3099025911882,0.3916059968330,100000.0000000000000,15.1439384097487
78,3.1262940117719,0.5522781872267,0.3097269070041,0.3915442550640,100000.0000000000000,15.1439384097487
79,3.1263794356462,0.5522781872267,0.3095247302695,0.3914732578295,100000.0000000000000,15.1439384097487
80,3.1264355730993,0.5522781872267,0.3092732597293,0.3913842412635,100000.0000000000000,15.1439384097487
81,3.1263516648268,0.5522781872267,0.3092320310905,0.3913683294532,100000.0000000000000,15.1439384097487
82,3.1262997715594,0.5522781872267,0.3092170814255,0.3913622560008,100000.0000000000000,15.1439384097487
83,3.1262708976702,0.5522781872267,0.3090963131493,0.3913187159100,100000.0000000000000,15.1439384097487
84,3.1262860357324,0.5521605540071,0.3091275811286,0.3912796830111,100000.0000000000000,15.1439384097487
85,3.1263511675798,0.5520429207874,0.3090818813388,0.3912138690319,100000.0000000000000,15.1439384097487
86,3.1264650369308,0.5520429207874,0.3088610647042,0.3911366171918,98000.0000000000000,15.1439384097487
87,3.1265324201790,0.5519252875678,0.3087716215011,0.3910552124221,98000.0000000000000,15.1439384097487
88,3.1266632670103,0.5518076543482,0.3086796331319,0.3909737966701,98000.0000000000000,15.1439384097487
89,3.1266581689897,0.5516900211286,0.3086888235173,0.3909265925769,98000.0000000000000,15.1439384097487
90,3.1267013967775,0.5516900211286,0.3080154550134,0.3906867154959,98000.0000000000000,15.1439384097487
91,3.1268197253891,0.5516900211286,0.3079670453241,0.3906711006630,98000.0000000000000,15.1439384097487
92,3.1269775907369,0.5515723879090,0.3079958622036,0.3906332119528,98000.0000000000000,15.1439384097487
93,3.1271686135662,0.5515723879090,0.3078286558530,0.3905761983593,98000.0000000000000,15.1439384097487
94,3.1270658158170,0.5515723879090,0.3078101223521,0.3905681246706,98000.0000000000000,15.1439384097487
95,3.1270180804165,0.5515255538887,0.3077676295996,0.3905322015118,98000.0000000000000,15.1439384097487
96,3.1271431560728,0.5514787198685,0.3077836564446,0.3905196234743,98000.0000000000000,15.1439384097487
97,3.1271224587565,0.5514787198685,0.3076768097113,0.3904811710610,98000.0000000000000,15.1439384097487
98,3.1272429996921,0.5514318858483,0.3077096873615,0.3904745470021,98000.0000000000000,15.1439384097487
18006,3.4332270929624,0.1044876136715,0.7787982481047,0.3715025707623,168.8262285732310,15.1439384097487
18007,3.4332264535830,0.1044876136715,0.7787049077797,0.3714692258847,168.8262285732310,15.1439384097487
18008,3.4331456308521,0.1044876136715,0.7786843474160,0.3714607392614,168.8262285732310,15.1439384097487
18009,3.4330513167086,0.1044876136715,0.7785214984598,0.3714012443811,168.8262285732310,15.1439384097487
18010,3.4328779715940,0.1044522058080,0.7783572890610,0.3713249705469,168.8262285732310,15.1439384097487
18012,3.4328895290820,0.1044990398282,0.7780799346209,0.3712461506503,168.8262285732310,15.1439384097487
18019,3.4329942365534,0.1043179567308,0.7782074509703,0.3712155667656,168.8262285732310,15.1439384097487
18023,3.4330653608540,0.1042003235112,0.7782259312247,0.3711727590236,162.1407099217311,15.1439384097487
18027,3.4331057137244,0.1042003235112,0.7780512261906,0.3711109353590,162.1407099217311,15.1439384097487
18028,3.4331116257477,0.1042003235112,0.7778102733507,0.3710249644280,162.1407099217311,15.1439384097487
18030,3.4331754777006,0.1040826902916,0.7765293423093,0.3705179783200,162.1407099217311,15.1439384097487
18032,3.4331184753964,0.1040826902916,0.7760229275831,0.3703363093390,162.1407099217311,15.1439384097487
18033,3.4332194976248,0.1040826902916,0.7759630405957,0.3703163505870,162.1407099217311,15.1439384097487
18034,3.4331936558318,0.1040826902916,0.7759535809290,0.3703126064749,162.1407099217311,15.1439384097487
18035,3.4333278090424,0.1040826902916,0.7757039388926,0.3702253468637,162.1407099217311,15.1439384097487
18041,3.4335727210199,0.1040057923673,0.7757849113407,0.3702247748300,162.1407099217311,15.1439384097487
18043,3.4334837065010,0.1039718058868,0.7757293118043,0.3701890926688,162.1407099217311,15.1439384097487
18044,3.4335822566175,0.1038953707383,0.7756347600449,0.3701239607400,162.1407099217311,15.1439384097487
18045,3.4335985242473,0.1038485367181,0.7756690862327,0.3701163785558,162.1407099217311,15.1439384097487
18046,3.4336998250086,0.1038485367181,0.7755211819298,0.3700649889894,162.1407099217311,15.1439384097487
18047,3.4334915503140,0.1038485367181,0.6609786461710,0.3291539934311,162.1407099217311,15.1439384097487
18049,3.4332991414188,0.1038485367181,0.6609818115475,0.3291524013498,162.1407099217311,15.1439384097487
18052,3.4332621955547,0.1039519175427,0.6603883424077,0.3289842313717,162.1407099217311,15.1439384097487
18053,3.4332175266066,0.1039987515629,0.6600580559443,0.3288857115808,162.1407099217311,15.1439384097487
18054,3.4332155190491,0.1039229334490,0.6600466264525,0.3288491077353,162.1407099217311,15.1439384097487
18057,3.4332826877648,0.1039229334490,0.6598983243579,0.3287970931343,162.1407099217311,15.1439384097487
18091,3.4341747561183,0.1032816638194,0.6602455499674,0.3286588951468,162.1407099217311,15.1439384097487
18092,3.4342963854134,0.1032816638194,0.6598843333088,0.3285316102437,162.1407099217311,15.1439384097487
18095,3.4343667513577,0.1032400195001,0.6598628581827,0.3285070886637,162.1407099217311,15.1439384097487
18096,3.4345548730789,0.1032400195001,0.6593928822368,0.3283419020214,162.1407099217311,15.1439384097487
18112,3.4348159976192,0.1032396944551,0.6593453047915,0.3283284656664,158.8978957232964,15.1439384097487
18113,3.4348140797008,0.1032018019258,0.6593636997924,0.3283187685158,158.8978957232964,15.1439384097487
18114,3.4347655483219,0.1031385228344,0.6591001049529,0.3281968211753,158.8978957232964,15.1439384097487
18143,3.4349789960364,0.1027046153607,0.6595673831860,0.3281807661835,158.8978957232964,15.1439384097487
18144,3.4349317183896,0.1027046153607,0.5551392771836,0.2908843450643,158.8978957232964,15.1439384097487
18145,3.4348857550570,0.1026277174365,0.5552130420828,0.2908770830398,158.8978957232964,15.1439384097487
18146,3.4348711843466,0.1025486103083,0.5552783760146,0.2908663073574,158.8978957232964,15.1439384097487
18147,3.4347905869649,0.1025486103083,0.5552283161876,0.2908472884002,158.8978957232964,15.1439384097487
18148,3.4347668132757,0.1024853312168,0.5549270608466,0.2907122412003,158.8978957232964,15.1439384097487
18149,3.4349357435935,0.1024853312168,0.5548759974400,0.2906963946220,158.8978957232964,15.1439384097487
18152,3.4350099964731,0.1024999086569,0.4610076544149,0.2571792845463,158.8978957232964,15.1439384097487
18188,3.4352184128341,0.1021330816479,0.4610044584725,0.2570238806406,158.8978957232964,15.1439384097487
18191,3.4353529434118,0.1020862476277,0.4610058986742,0.2570062268740,152.6055390526539,15.1439384097487
18192,3.4353528893366,0.1020862476277,0.4608301540376,0.2569434601672,152.6055390526539,15.1439384097487
18193,3.4353286355058,0.1020862476277,0.4608149496052,0.2569376868227,152.6055390526539,15.1439384097487
18196,3.4353130402142,0.1020608775932,0.4607882353384,0.2569170524689,152.6055390526539,15.1439384097487
18197,3.4352160395539,0.1020734000879,0.4607487890476,0.2569069587385,152.6055390526539,15.1439384097487
18198,3.4353034334984,0.1020265660677,0.4607127994900,0.2568752702206,152.6055390526539,15.1439384097487
18201,3.4354505021630,0.1019902161247,0.4607079152773,0.2568600283237,152.6055390526539,15.1439384097487
18203,3.4356527070899,0.1019194169253,0.4606949286040,0.2568279088982,152.6055390526539,15.1439384097487
18204,3.4356648957950,0.1018777395505,0.4607252538228,0.2568210500708,152.6055390526539,15.1439384097487
18205,3.4355825367030,0.1018359244448,0.4606852742457,0.2567876855152,152.6055390526539,15.1439384097487
18206,3.4356144061224,0.1018359244448,0.4606359234341,0.2567705111755,152.6055390526539,15.1439384097487
18207,3.4355348256666,0.1018359244448,0.4605609731536,0.2567426171600,152.6055390526539,15.1439384097487
18208,3.4356119451080,0.1018359244448,0.4604450750741,0.2567023162237,152.6055390526539,15.1439384097487
18317,3.4360796078657,0.0999451764849,0.4606515575705,0.2559723568149,149.5534282716008,15.1439384097487
18318,3.4360681154905,0.0999451764849,0.4605515626805,0.2559364817378,149.5534282716008,15.1439384097487
29042,3.5331829102722,0.0180459562005,0.5449149303304,0.2523407579046,3.2849191038674,15.1439384097487
29044,3.5333045323529,0.0179283229809,0.5450378137031,0.2523359515307,3.2849191038674,15.1439384097487
29046,3.5333151191119,0.0179751570011,0.5445875611238,0.2521953685630,3.2849191038674,15.1439384097487
29047,3.5333705506837,0.0179751570011,0.5445565682279,0.2521850840247,3.2849191038674,15.1439384097487
29048,3.5334674238459,0.0179751570011,0.5444844836909,0.2521607102959,3.2849191038674,15.1439384097487
29049,3.5334378979058,0.0180927902207,0.4504482530389,0.2186263386528,3.2849191038674,15.1439384097487
29050,3.5334744475774,0.0180927902207,0.4502900486156,0.2185703542485,3.2849191038674,15.1439384097487
29053,3.5338004560374,0.0180443970866,0.4502461242743,0.2185385400669,3.2849191038674,15.1439384097487
29054,3.5337123861038,0.0180443970866,0.4501778285587,0.2185129025563,3.2849191038674,15.1439384097487
29056,3.5337278537584,0.0180443970866,0.4501371714557,0.2184986010286,3.2849191038674,15.1439384097487
29057,3.5337583381993,0.0180443970866,0.4501025917769,0.2184866824961,3.2849191038674,15.1439384097487
29061,3.5339862324588,0.0179985051458,0.4500886359533,0.2184652549873,3.2849191038674,15.1439384097487
29062,3.5340201856545,0.0178860450993,0.4500493232942,0.2184034980246,3.2849191038674,15.1439384097487
29266,3.5374108350617,0.0166270247712,0.3709134696870,0.1896490904863,2.9693066937913,15.1439384097487
29294,3.5368951902547,0.0164775812195,0.2996142534318,0.1641137411049,2.9693066937913,15.1439384097487
29295,3.5367652058976,0.0165244152397,0.2993927016109,0.1640528479076,2.9693066937913,15.1439384097487
29296,3.5366327203020,0.0165712492599,0.2992901566567,0.1640344217703,2.9693066937913,15.1439384097487
29297,3.5366628395589,0.0165712492599,0.2991987211964,0.1640021924343,2.9693066937913,15.1439384097487
29298,3.5365939886302,0.0165712492599,0.2990014405234,0.1639307608150,2.9693066937913,15.1439384097487
29300,3.5366211065045,0.0165712492599,0.2976141922239,0.1634356987099,2.9693066937913,15.1439384097487
29301,3.5364582108989,0.0166180832802,0.2975604975335,0.1634342887958,2.9693066937913,15.1439384097487
29302,3.5365106911188,0.0166180832802,0.2975436493310,0.1634290141722,2.9693066937913,15.1439384097487
29303,3.5363816013359,0.0166664764144,0.2973915516576,0.1633936068774,2.9693066937913,15.1439384097487
29304,3.5363502126473,0.0166664764144,0.2973805064634,0.1633892180174,2.9693066937913,15.1439384097487
29330,3.5361624278788,0.0168837551961,0.2966429205463,0.1632162568116,2.9099205599155,15.1439384097487
29331,3.5362244637683,0.0168184376872,0.2966047993869,0.1631755266973,2.9099205599155,15.1439384097487
29332,3.5362521948921,0.0169360709068,0.2950377546238,0.1626666744839,2.9099205599155,15.1439384097487
29333,3.5362257992704,0.0169360709068,0.2945500577110,0.1624921235187,2.9099205599155,15.1439384097487
29334,3.5362544051406,0.0169506318191,0.2945270113898,0.1624905378519,2.9099205599155,15.1439384097487
37389,3.5753949752936,0.0047264236517,0.2838410085232,0.1539889983456,0.1685612742390,15.1439384097487
37390,3.5754187013473,0.0047146889778,0.2837512436287,0.1539522460308,0.1685612742390,15.1439384097487
37394,3.5752501063044,0.0047021664830,0.2835318188530,0.1538661276474,0.1685612742390,15.1439384097487
37395,3.5750939592983,0.0046553324628,0.2834110083299,0.1538006998394,0.1685612742390,15.1439384097487
37434,3.5744917350670,0.0043154346023,0.2837874581708,0.1537809542670,0.1618862477791,15.1439384097487
37435,3.5745804279912,0.0044330678219,0.2835580954972,0.1537507082623,0.1618862477791,15.1439384097487
37458,3.5745734150735,0.0044206830581,0.2225443339161,0.1319546721380,0.1618862477791,15.1439384097487
37462,3.5745584554952,0.0045597637357,0.2223486602719,0.1319441830213,0.1618862477791,15.1439384097487
37463,3.5745115621349,0.0045597637357,0.2217734043593,0.1317380709432,0.1618862477791,15.1439384097487
37487,3.5743955114800,0.0045398753916,0.2216734114183,0.1316921934935,0.1618862477791,15.1439384097487
37488,3.5744035982412,0.0045044840558,0.2216755797062,0.1316779145938,0.1618862477791,15.1439384097487
41820,3.5868993411738,0.0047892399673,0.2182708767339,0.1307608014200,0.0348651637817,15.1439384097487
41827,3.5863454874499,0.0046914785641,0.2183581352698,0.1307422304455,0.0341678605061,15.1439384097487
41828,3.5863146621137,0.0047383125843,0.2182614601953,0.1307273391796,0.0341678605061,15.1439384097487
41831,3.5859693450387,0.0047234431547,0.2180525441584,0.1306414674832,0.0341678605061,15.1439384097487
41832,3.5857965410297,0.0047234431547,0.2179480441796,0.1306017008970,0.0341678605061,15.1439384097487
41833,3.5859213875578,0.0046562414869,0.2176894516982,0.1304823122946,0.0341678605061,15.1439384097487
41834,3.5858863590517,0.0047030755071,0.2176125265214,0.1304744150891,0.0341678605061,15.1439384097487
41835,3.5858805915015,0.0046676841712,0.2176150163801,0.1304600549985,0.0341678605061,15.1439384097487
41837,3.5859632807896,0.0046357195806,0.2176128547504,0.1304467539255,0.0341678605061,15.1439384097487
41840,3.5859031658052,0.0045180863609,0.2176549136714,0.1304105101087,0.0341678605061,15.1439384097487
41946,3.5869767337542,0.0047225010753,0.2162754187341,0.1300206305662,0.0328148132300,15.1439384097487
41948,3.5869922443154,0.0047225010753,0.2160359148545,0.1299353129397,0.0328148132300,15.1439384097487
41949,3.5870991401133,0.0046756670551,0.2160318111253,0.1299152881676,0.0328148132300,15.1439384097487
41950,3.5870465696752,0.0047225010753,0.2159722882262,0.1299133578441,0.0328148132300,15.1439384097487
41969,3.5868418675634,0.0048263612034,0.2156421715047,0.1298370739773,0.0328148132300,15.1439384097487
41970,3.5869329208767,0.0048332477492,0.2155732844546,0.1298167112344,0.0328148132300,15.1439384097487
41974,3.5868828001619,0.0047156145296,0.2155668174343,0.1297632781426,0.0328148132300,15.1439384097487
41983,3.5871741164088,0.0047715277717,0.2154504428570,0.1297498007170,0.0328148132300,15.1439384097487
41984,3.5871158008293,0.0048019167207,0.2153766500093,0.1297356448023,0.0328148132300,15.1439384097487
41988,3.5870521855288,0.0047701229164,0.2152930524437,0.1296912624605,0.0328148132300,15.1439384097487
41990,3.5871567948632,0.0047701229164,0.2152289164733,0.1296698369718,0.0328148132300,15.1439384097487
41992,3.5872201041139,0.0047701229164,0.2149536485265,0.1295724228125,0.0321585169654,15.1439384097487
43576,3.5936052748961,0.0040782674764,0.2139244296302,0.1289986848999,0.0182652714902,15.1439384097487
43577,3.5936614597472,0.0040782674764,0.2137833901422,0.1289491086661,0.0182652714902,15.1439384097487
43580,3.5938484354616,0.0041059844457,0.2135979665674,0.1288974103557,0.0182652714902,15.1439384097487
43586,3.5939923724477,0.0041045795904,0.2134565910070,0.1288483537020,0.0182652714902,15.1439384097487
43589,3.5938548955289,0.0040577455701,0.2133762748646,0.1287976523533,0.0182652714902,15.1439384097487
43590,3.5938831162161,0.0040577455701,0.2133298878233,0.1287814848737,0.0182652714902,15.1439384097487
43591,3.5938755735383,0.0041045795904,0.2132108146604,0.1287589237386,0.0182652714902,15.1439384097487
43592,3.5938910455871,0.0041346434944,0.2131309992128,0.1287435216804,0.0182652714902,15.1439384097487
43594,3.5939089516062,0.0040928283887,0.2131501239927,0.1287326845683,0.0182652714902,15.1439384097487
43729,3.5968998361726,0.0043182443130,0.2127377608483,0.1287243396577,0.0175419667392,15.1439384097487
43750,3.5969351131305,0.0045989233894,0.1604755948584,0.1101800705750,0.0171911274044,15.1439384097487
43751,3.5970696054808,0.0045790185176,0.1604200660775,0.1101536112659,0.0171911274044,15.1439384097487
43752,3.5970797020572,0.0045790185176,0.1603854483273,0.1101413906496,0.0171911274044,15.1439384097487
43756,3.5969364198376,0.0045984275581,0.1601787233226,0.1100738510172,0.0171911274044,15.1439384097487
43874,3.5965929413773,0.0045354735116,0.1205702024322,0.0958961101963,0.0165103587592,15.1439384097487
43877,3.5965622213585,0.0045699227680,0.1203879906644,0.0958453638458,0.0165103587592,15.1439384097487
43879,3.5966868723752,0.0045699227680,0.1197773605363,0.0956290454607,0.0165103587592,15.1439384097487
43881,3.5967742881263,0.0045829245663,0.1191712156983,0.0954193742877,0.0165103587592,15.1439384097487
43887,3.5968977948808,0.0045957555784,0.1186569479203,0.0952429538416,0.0165103587592,15.1439384097487
45637,3.5993045768370,0.0050553416037,0.1177744716309,0.0951588049812,0.0088260189743,15.1439384097487
45638,3.5993127990551,0.0051021756240,0.1174062408877,0.0950474820683,0.0088260189743,15.1439384097487
45639,3.5994086140198,0.0051021756240,0.1172873848719,0.0950063892666,0.0088260189743,15.1439384097487
45651,3.5992710852932,0.0052332899455,0.1170815347527,0.0949871171967,0.0088260189743,15.1439384097487
45652,3.5992224154874,0.0052242107236,0.1170914379205,0.0949860742727,0.0088260189743,15.1439384097487
45715,3.6007824705018,0.0048685178818,0.1174299309942,0.0949765995408,0.0086494985948,15.1439384097487
45772,3.6003601443203,0.0051758175894,0.0887107861871,0.0848454860972,0.0084765086229,15.1439384097487
45775,3.6003768066852,0.0051576426179,0.0883893374329,0.0847231294686,0.0084765086229,15.1439384097487
45776,3.6003525994555,0.0051108085977,0.0879322307937,0.0845394628438,0.0084765086229,15.1439384097487
45777,3.6004990056049,0.0051576426179,0.0878024233989,0.0845152464201,0.0084765086229,15.1439384097487
45778,3.6005712491370,0.0051390048706,0.0877813156203,0.0845007425628,0.0084765086229,15.1439384097487
45818,3.6011120672264,0.0049287834208,0.0879704577034,0.0844858509396,0.0083069784505,15.1439384097487
45825,3.6011336068652,0.0050257404756,0.0876007645744,0.0843956754871,0.0083069784505,15.1439384097487
45833,3.6013715576140,0.0051595102491,0.0871890741840,0.0843093400949,0.0083069784505,15.1439384097487
45838,3.6014885853924,0.0050475129785,0.0872317401576,0.0842782350476,0.0083069784505,15.1439384097487
45839,3.6015768287034,0.0050247983961,0.0871537289439,0.0842418877157,0.0083069784505,15.1439384097487
45841,3.6016356245149,0.0050208758196,0.0870970147255,0.0842207834904,0.0083069784505,15.1439384097487
45849,3.6013578134432,0.0050937134366,0.0869078412469,0.0841805066472,0.0083069784505,15.1439384097487
45850,3.6013020729602,0.0050937134366,0.0867838750328,0.0841354442752,0.0083069784505,15.1439384097487
45851,3.6014068947070,0.0050920000640,0.0867742543780,0.0841327572452,0.0083069784505,15.1439384097487
45853,3.6013724764916,0.0050920000640,0.0865205580969,0.0840416644151,0.0083069784505,15.1439384097487
45855,3.6013394137770,0.0051388340842,0.0862766027693,0.0839741414001,0.0083069784505,15.1439384097487
45873,3.6009859129729,0.0047621235048,0.0866875971634,0.0839544757084,0.0083069784505,15.1439384097487
45875,3.6010821521317,0.0048089575251,0.0864857153439,0.0839038085592,0.0083069784505,15.1439384097487
45877,3.6011122290193,0.0048557915453,0.0863824718511,0.0838874331921,0.0083069784505,15.1439384097487
46652,3.6014048408838,0.0041302581421,0.0871045356375,0.0838385106670,0.0062604873672,15.1439384097487
46653,3.6013891966210,0.0041409130057,0.0870852110773,0.0838359540432,0.0062604873672,15.1439384097487
46654,3.6015236270301,0.0041409130057,0.0870724449089,0.0838332968787,0.0062604873672,15.1439384097487
46655,3.6014932726598,0.0040940789854,0.0869238967330,0.0837597427234,0.0062604873672,15.1439384097487
46656,3.6013436133782,0.0040568034907,0.0869661137722,0.0837567273566,0.0062604873672,15.1439384097487
46657,3.6013154577619,0.0040272023625,0.0866444272569,0.0836287547175,0.0061352776199,15.1439384097487
46669,3.6015064463036,0.0039936621302,0.0865211186564,0.0835730440214,0.0061352776199,15.1439384097487
46678,3.6018037214314,0.0038299827111,0.0866460946943,0.0835517364214,0.0061352776199,15.1439384097487
46680,3.6019235576940,0.0038194986339,0.0864637562372,0.0834838180430,0.0061352776199,15.1439384097487
46681,3.6019202734334,0.0039371318535,0.0861899227638,0.0834363881388,0.0061352776199,15.1439384097487
46684,3.6018884724727,0.0039476159308,0.0861514808157,0.0834267020661,0.0061352776199,15.1439384097487
46685,3.6018377485340,0.0039476159308,0.0861530055887,0.0834265288876,0.0061352776199,15.1439384097487
46686,3.6017307995561,0.0038735277171,0.0861616759971,0.0833963600496,0.0061352776199,15.1439384097487
46687,3.6017931671668,0.0039153593505,0.0860986562480,0.0833926633367,0.0061352776199,15.1439384097487
46695,3.6018583712745,0.0040090273910,0.0859774424742,0.0833904387829,0.0061352776199,15.1439384097487
46696,3.6018572158391,0.0039671957576,0.0859568309636,0.0833651333369,0.0061352776199,15.1439384097487
46698,3.6017767376747,0.0039939706474,0.0857813739127,0.0833128062966,0.0061352776199,15.1439384097487
46699,3.6018268563748,0.0040290699937,0.0856760433209,0.0832909399813,0.0061352776199,15.1439384097487
46700,3.6018576410402,0.0040408046676,0.0856293232674,0.0832797189949,0.0061352776199,15.1439384097487
46744,3.6032564521419,0.0039274025417,0.0855870765529,0.0832358230548,0.0060125720675,15.1439384097487
46908,3.6036383384265,0.0043717940926,0.0848997729055,0.0831862146536,0.0057744742136,15.1439384097487
47079,3.6038613454799,0.0042336224390,0.0674622252176,0.0769024581627,0.0054348889340,15.1439384097487
47080,3.6038664572710,0.0042336224390,0.0668860251756,0.0766967447649,0.0054348889340,15.1439384097487
47083,3.6038862544725,0.0042336224390,0.0665643468519,0.0765821397784,0.0054348889340,15.1439384097487
47084,3.6038414389834,0.0042804564592,0.0663641517233,0.0765300791050,0.0053261911554,15.1439384097487
47111,3.6043973393078,0.0044945509022,0.0656588490165,0.0763778059947,0.0052196673323,15.1439384097487
47112,3.6044451400915,0.0045258819307,0.0655004931363,0.0763353542848,0.0052196673323,15.1439384097487
47113,3.6045450815503,0.0045710025784,0.0654295806533,0.0763307799833,0.0052196673323,15.1439384097487
47114,3.6045560447331,0.0045710025784,0.0651252944944,0.0762222614835,0.0052196673323,15.1439384097487
47121,3.6043763562846,0.0045460787920,0.0646642139155,0.0760443656459,0.0052196673323,15.1439384097487
47122,3.6042819087178,0.0045460787920,0.0645636828624,0.0760071252717,0.0052196673323,15.1439384097487
48685,3.6058386930955,0.0043429642575,0.0646989474773,0.0759904133711,0.0030251496848,15.1439384097487
48687,3.6058865923891,0.0043429642575,0.0646069953796,0.0759582511081,0.0030251496848,15.1439384097487
48703,3.6057329621710,0.0042803022006,0.0646021924959,0.0759275067679,0.0030251496848,15.1439384097487
49330,3.6082419176602,0.0048401177672,0.0638173716727,0.0759226361260,0.0023738855495,15.1439384097487
49331,3.6083161497939,0.0047932837470,0.0636978449252,0.0758609266587,0.0023738855495,15.1439384097487
49357,3.6080280704616,0.0049637119808,0.0634187613707,0.0758302183290,0.0023738855495,15.1439384097487
49358,3.6080966713451,0.0049637119808,0.0633669803537,0.0758126958066,0.0023738855495,15.1439384097487
49359,3.6079076554134,0.0049637119808,0.0633459202144,0.0758024997655,0.0023738855495,15.1439384097487
49417,3.6069449768563,0.0049350529321,0.0633170990487,0.0757663022054,0.0023264078385,15.1439384097487
49418,3.6069326201470,0.0049283206450,0.0632416279312,0.0757362881224,0.0023264078385,15.1439384097487
49420,3.6068473967114,0.0048193203991,0.0633757416520,0.0757362655828,0.0023264078385,15.1439384097487
49426,3.6067241067567,0.0046095782530,0.0635537577045,0.0757082087086,0.0023264078385,15.1439384097487
49427,3.6067193936703,0.0045502052102,0.0635194315166,0.0756704370762,0.0023264078385,15.1439384097487
49544,3.6075647077969,0.0047939338369,0.0631799038076,0.0756655934441,0.0022342820881,15.1439384097487
49545,3.6075748089191,0.0047939338369,0.0630865634826,0.0756324005440,0.0022342820881,15.1439384097487
49914,3.6109970993188,0.0047500472582,0.0627878284105,0.0755553260930,0.0019792217644,15.1439384097487
49917,3.6107744219949,0.0047500472582,0.0626739271249,0.0755114961933,0.0019792217644,15.1439384097487
49918,3.6107589732963,0.0048676804779,0.0623642483089,0.0754510922550,0.0019792217644,15.1439384097487
49919,3.6107236335618,0.0048930505123,0.0623182118038,0.0754450234631,0.0019792217644,15.1439384097487
49920,3.6108770131217,0.0049398845326,0.0621710159204,0.0754146955382,0.0019792217644,15.1439384097487
50239,3.6110613540536,0.0046596351766,0.0623602965295,0.0753647973007,0.0017532785201,15.1439384097487
50240,3.6109794911117,0.0046596351766,0.0623580701192,0.0753628437991,0.0017532785201,15.1439384097487
50242,3.6108128058493,0.0046450742643,0.0623180407169,0.0753399486077,0.0017532785201,15.1439384097487
50244,3.6107853360458,0.0045407678880,0.0623386075042,0.0753022024603,0.0017532785201,15.1439384097487
50245,3.6108195678403,0.0044939338677,0.0623585225458,0.0752897276298,0.0017532785201,15.1439384097487
50246,3.6109659973495,0.0044470998475,0.0623582967303,0.0752716472262,0.0017532785201,15.1439384097487
50279,3.6112434567903,0.0043962220476,0.0622163299320,0.0752030660593,0.0017532785201,15.1439384097487
50280,3.6114383138941,0.0043954342268,0.0621014562014,0.0751644593044,0.0017532785201,15.1439384097487
50344,3.6115153623000,0.0042332973940,0.0622746922268,0.0751579323293,0.0016838486907,15.1439384097487
50345,3.6112862965160,0.0042332973940,0.0622642994037,0.0751509793412,0.0016838486907,15.1439384097487
50346,3.6114008365744,0.0042264108483,0.0622137088848,0.0751315806562,0.0016838486907,15.1439384097487
50350,3.6115669719116,0.0042332973940,0.0621931178948,0.0751295289118,0.0016838486907,15.1439384097487
50462,3.6102820529616,0.0043042673797,0.0621403485188,0.0751229168972,0.0016171682825,15.1439384097487
50463,3.6105245088554,0.0043042673797,0.0621216063563,0.0751196540023,0.0016171682825,15.1439384097487
50464,3.6104912480065,0.0042961302373,0.0620845810705,0.0751024727005,0.0016171682825,15.1439384097487
50470,3.6104038619346,0.0043421764367,0.0619500441555,0.0750729213806,0.0016171682825,15.1439384097487
50473,3.6105281070280,0.0043667751781,0.0619127171397,0.0750718906810,0.0016171682825,15.1439384097487
50546,3.6103414936587,0.0047768386758,0.0613780435481,0.0750540367592,0.0015848249169,15.1439384097487
50547,3.6104091456820,0.0047653959914,0.0613696838098,0.0750471044024,0.0015848249169,15.1439384097487
50548,3.6104442043908,0.0047300046555,0.0613830507474,0.0750372066717,0.0015848249169,15.1439384097487
50603,3.6107295258825,0.0046966352095,0.0613933805805,0.0750306319867,0.0015531284185,15.1439384097487
50604,3.6105595189234,0.0046966352095,0.0613275821429,0.0750047269576,0.0015531284185,15.1439384097487
51657,3.6172042409872,0.0047126836157,0.0609984982548,0.0749880972581,0.0010796344371,15.1439384097487
51659,3.6175656622649,0.0047126836157,0.0609737137837,0.0749843597481,0.0010796344371,15.1439384097487
51763,3.6168491329252,0.0045798393939,0.0611460309717,0.0749788295209,0.0010368809134,15.1439384097487
51764,3.6169542243845,0.0045798393939,0.0608656048915,0.0748801643865,0.0010368809134,15.1439384097487
51772,3.6163301294278,0.0045391206262,0.0609161947637,0.0748719503958,0.0010161432951,15.1439384097487
51773,3.6162877799474,0.0045137505917,0.0609349569969,0.0748671790791,0.0010161432951,15.1439384097487
51774,3.6162442433960,0.0045137505917,0.0609192574237,0.0748609560494,0.0010161432951,15.1439384097487
51776,3.6160822610032,0.0045250224898,0.0608998499473,0.0748565635813,0.0010161432951,15.1439384097487
51778,3.6160800015196,0.0044781884696,0.0609193970537,0.0748434409962,0.0010161432951,15.1439384097487
51779,3.6161774157083,0.0045250224898,0.0608130370241,0.0748269053986,0.0010161432951,15.1439384097487
51780,3.6160765742391,0.0045810899906,0.0606513208519,0.0747917516516,0.0010161432951,15.1439384097487
51781,3.6160121158148,0.0045810899906,0.0606114207473,0.0747765895319,0.0010161432951,15.1439384097487
51805,3.6160561504354,0.0043345681810,0.0608340745506,0.0747510796302,0.0010161432951,15.1439384097487
51808,3.6161079081636,0.0043674583234,0.0607308310578,0.0747290350979,0.0010161432951,15.1439384097487
51810,3.6160631863015,0.0043583791015,0.0607048889583,0.0747152461559,0.0010161432951,15.1439384097487
51816,3.6160000525755,0.0043287779733,0.0606222382192,0.0746721484990,0.0010161432951,15.1439384097487
51849,3.6160505520861,0.0044006569831,0.0605274562812,0.0746698176614,0.0010161432951,15.1439384097487
51856,3.6158406349592,0.0044280819628,0.0604933277608,0.0746664121536,0.0009759040206,15.1439384097487
51859,3.6158032762573,0.0044097362050,0.0604864180079,0.0746555532940,0.0009759040206,15.1439384097487
51860,3.6157879309371,0.0044438769441,0.0604078577588,0.0746419106722,0.0009759040206,15.1439384097487
51861,3.6158071769276,0.0044216416652,0.0604115936982,0.0746339878605,0.0009759040206,15.1439384097487
51862,3.6157750881998,0.0044208703721,0.0602948204479,0.0745914985207,0.0009759040206,15.1439384097487
52018,3.6159714354487,0.0043912361885,0.0602668579100,0.0745715898361,0.0009563859402,15.1439384097487
52020,3.6160936235316,0.0043444021683,0.0602013218916,0.0745298413455,0.0009563859402,15.1439384097487
52022,3.6161664769981,0.0042267689487,0.0602648795943,0.0745031571597,0.0009372582214,15.1439384097487
52024,3.6159983383565,0.0042736029689,0.0602112172609,0.0745016846130,0.0009372582214,15.1439384097487
52028,3.6158177758615,0.0043204369891,0.0601307622961,0.0744904674728,0.0009372582214,15.1439384097487
52460,3.6181299946021,0.0041590383940,0.0600442551072,0.0744231189621,0.0008136577932,15.1439384097487
52462,3.6182097408136,0.0041353817321,0.0600615101488,0.0744202713111,0.0008136577932,15.1439384097487
52609,3.6182569901755,0.0042667880432,0.0598284253472,0.0743940123048,0.0007658082057,15.1439384097487
52610,3.6183005037766,0.0042199540230,0.0598678071219,0.0743886212160,0.0007658082057,15.1439384097487
52665,3.6181613293133,0.0044451826332,0.0595938611913,0.0743853406215,0.0007504920416,15.1439384097487
52666,3.6180942936594,0.0044249857718,0.0595931507557,0.0743754825468,0.0007504920416,15.1439384097487
53406,3.6164983792042,0.0044215755544,0.0596516868872,0.0743723447036,0.0005771451830,15.1439384097487
53407,3.6165155261169,0.0044560413385,0.0595464941605,0.0743497895506,0.0005771451830,15.1439384097487
53424,3.6168278428451,0.0042466407650,0.0595507812699,0.0742659968190,0.0005771451830,15.1439384097487
53426,3.6168204926637,0.0042561992905,0.0594227089034,0.0742242491944,0.0005771451830,15.1439384097487
53558,3.6167140545602,0.0041009324758,0.0595667296196,0.0742076361519,0.0005542902337,15.1439384097487
53563,3.6163217583859,0.0041320927179,0.0595346143769,0.0742039698473,0.0005542902337,15.1439384097487
53568,3.6162501727773,0.0042182571781,0.0594309363035,0.0742028566581,0.0005542902337,15.1439384097487
53640,3.6165111767273,0.0045073819143,0.0590458142004,0.0741929168395,0.0005432044290,15.1439384097487
53641,3.6165698777397,0.0045073819143,0.0589998946617,0.0741773476196,0.0005432044290,15.1439384097487
53643,3.6165661506345,0.0044923416984,0.0589826991077,0.0741647078053,0.0005432044290,15.1439384097487
53644,3.6166633222100,0.0046099749180,0.0587515521811,0.0741339445397,0.0005432044290,15.1439384097487
53645,3.6166802915476,0.0046419395087,0.0586306651675,0.0741047098316,0.0005432044290,15.1439384097487
53647,3.6166300430398,0.0045827207246,0.0586310819764,0.0740787682000,0.0005432044290,15.1439384097487
53648,3.6167939605853,0.0045827207246,0.0585657528630,0.0740577557961,0.0005432044290,15.1439384097487
53650,3.6167584356136,0.0045827207246,0.0582911451652,0.0739591789423,0.0005432044290,15.1439384097487
53912,3.6181801250397,0.0038014944487,0.0589731763729,0.0738880670656,0.0004910137803,15.1439384097487
53913,3.6182216278232,0.0038215535792,0.0589341108572,0.0738832991275,0.0004910137803,15.1439384097487
53920,3.6182858424108,0.0037018819420,0.0590604004825,0.0738780233527,0.0004910137803,15.1439384097487
53924,3.6182016045149,0.0037319458461,0.0589964649836,0.0738668818157,0.0004910137803,15.1439384097487
53926,3.6181424389654,0.0037787798663,0.0586454724651,0.0737607618792,0.0004910137803,15.1439384097487
53927,3.6181007179342,0.0038154383265,0.0585911231245,0.0737564718193,0.0004910137803,15.1439384097487
53928,3.6181323489065,0.0038622723468,0.0584954383078,0.0737428179696,0.0004910137803,15.1439384097487
53961,3.6180563446334,0.0039852329982,0.0582840165508,0.0737189321659,0.0004811935047,15.1439384097487
54920,3.6208187322082,0.0041405879607,0.0577826449199,0.0736455391665,0.0003482867619,15.1439384097487
54921,3.6207091042152,0.0041770921623,0.0576835005047,0.0736242238759,0.0003482867619,15.1439384097487
54925,3.6207020215527,0.0041770921623,0.0576423559318,0.0736094291663,0.0003482867619,15.1439384097487
55828,3.6266100776714,0.0044255146586,0.0570902334306,0.0736023079413,0.0002572338412,15.1439384097487
55830,3.6265765802201,0.0042966095409,0.0570731601568,0.0735404913064,0.0002572338412,15.1439384097487
55834,3.6265990453364,0.0042966095409,0.0570658745239,0.0735382071745,0.0002572338412,15.1439384097487
56015,3.6290545856728,0.0041529727246,0.0571340244802,0.0735357335404,0.0002421064335,15.1439384097487
56017,3.6289540351354,0.0041529727246,0.0571196527161,0.0735291779841,0.0002421064335,15.1439384097487
56018,3.6289274070855,0.0041529727246,0.0570168744194,0.0734920946644,0.0002421064335,15.1439384097487
56063,3.6288319461445,0.0040108784945,0.0571869976594,0.0734906046713,0.0002421064335,15.1439384097487
56064,3.6287775855055,0.0038932452749,0.0570083639396,0.0733756234779,0.0002421064335,15.1439384097487
56071,3.6286151106917,0.0037325463528,0.0570949050282,0.0733353610352,0.0002421064335,15.1439384097487
56072,3.6286554860237,0.0037325463528,0.0570800343012,0.0733306213695,0.0002421064335,15.1439384097487
56073,3.6288265032525,0.0037325463528,0.0570710374295,0.0733298280834,0.0002421064335,15.1439384097487
56559,3.6301880383249,0.0044266109966,0.0560768242041,0.0732914738375,0.0002059752011,15.1439384097487
56560,3.6301550073150,0.0045442442163,0.0559162778342,0.0732840826986,0.0002059752011,15.1439384097487
56563,3.6302348608160,0.0045442442163,0.0558923127873,0.0732766536750,0.0002059752011,15.1439384097487
56594,3.6296206615814,0.0045553288003,0.0558321510266,0.0732512269899,0.0002018556971,15.1439384097487
57081,3.6287758346351,0.0038246552794,0.0567071070626,0.0732386112490,0.0001752360847,15.1439384097487
57083,3.6287819696454,0.0038714892996,0.0566048441241,0.0732222473040,0.0001752360847,15.1439384097487
57084,3.6288422601643,0.0037956711857,0.0566448237012,0.0732048853537,0.0001752360847,15.1439384097487
57135,3.6286883282931,0.0041669000747,0.0560864433831,0.0731623837812,0.0001682967357,15.1439384097487
57137,3.6286715285640,0.0041669000747,0.0560551532674,0.0731509710248,0.0001682967357,15.1439384097487
57287,3.6288976491756,0.0040840576841,0.0560768153769,0.0731264032024,0.0001649308010,15.1439384097487
57465,3.6284395842795,0.0041767836451,0.0559160868810,0.0731022582781,0.0001521269195,15.1439384097487
57936,3.6286907317660,0.0043465617890,0.0556279074380,0.0730756528302,0.0001320652631,15.1439384097487
57966,3.6297516774592,0.0043625606121,0.0554418125183,0.0730310593079,0.0001320652631,15.1439384097487
57969,3.6298689759486,0.0043625606121,0.0552508643935,0.0729645233148,0.0001320652631,15.1439384097487
57970,3.6298849748640,0.0043157265918,0.0552426114830,0.0729417305074,0.0001320652631,15.1439384097487
58579,3.6313289585467,0.0038257681451,0.0557547095107,0.0729350727411,0.0001079069352,15.1439384097487
58595,3.6318122799772,0.0041410837920,0.0552941192526,0.0729125504634,0.0001079069352,15.1439384097487
58693,3.6318466047056,0.0037311580252,0.0557792354058,0.0729106094535,0.0001036338206,15.1439384097487
58700,3.6314673877716,0.0036262015590,0.0558767786163,0.0728950990775,0.0001036338206,15.1439384097487
58702,3.6315372066276,0.0035793675388,0.0558572154838,0.0728690284537,0.0001036338206,15.1439384097487
58963,3.6323964352765,0.0039488334720,0.0553774568334,0.0728681866492,0.0000975393228,15.1439384097487
58964,3.6323783138870,0.0039488334720,0.0553776284785,0.0728679915346,0.0000975393228,15.1439384097487
58967,3.6325118873756,0.0039458695028,0.0553395838167,0.0728550239388,0.0000975393228,15.1439384097487
58968,3.6325445658974,0.0039458695028,0.0553325910043,0.0728529889047,0.0000975393228,15.1439384097487
58969,3.6324770327803,0.0039367902809,0.0553395838167,0.0728506396535,0.0000975393228,15.1439384097487
58970,3.6325693718464,0.0039609097186,0.0551349956405,0.0727892159412,0.0000975393228,15.1439384097487
58971,3.6325139809274,0.0039170396677,0.0551825402893,0.0727866109447,0.0000975393228,15.1439384097487
58972,3.6325596106981,0.0039261188896,0.0551539225652,0.0727809270823,0.0000975393228,15.1439384097487
58973,3.6325977010177,0.0039261188896,0.0551034705073,0.0727634474656,0.0000975393228,15.1439384097487
59122,3.6334526114730,0.0036783630110,0.0553194264356,0.0727464904177,0.0000936767657,15.1439384097487
59123,3.6334400019952,0.0036783630110,0.0552629420364,0.0727261389948,0.0000936767657,15.1439384097487
59124,3.6334784217925,0.0036365313776,0.0553102772925,0.0727256602380,0.0000936767657,15.1439384097487
59326,3.6324071508151,0.0034460440133,0.0555709117674,0.0727219481247,0.0000881678224,15.1439384097487
59327,3.6323394254932,0.0034369647914,0.0555738008506,0.0727181305362,0.0000881678224,15.1439384097487
59328,3.6323128243764,0.0033901307712,0.0556257480470,0.0727162349794,0.0000881678224,15.1439384097487
59329,3.6323893385219,0.0033816851115,0.0555938615495,0.0727023100462,0.0000881678224,15.1439384097487
59330,3.6323902420414,0.0033348510913,0.0554467601389,0.0726297148898,0.0000881678224,15.1439384097487
59362,3.6333118144242,0.0035840614083,0.0549919230667,0.0725871176874,0.0000864044660,15.1439384097487
59372,3.6335168556579,0.0035594626670,0.0549769238794,0.0725741198368,0.0000846763767,15.1439384097487
59373,3.6335391824005,0.0035937741924,0.0549139787457,0.0725666602934,0.0000846763767,15.1439384097487
59474,3.6334872451908,0.0032865956880,0.0552843760469,0.0725665622053,0.0000846763767,15.1439384097487
59490,3.6335896129898,0.0032008058559,0.0553354430185,0.0725494818360,0.0000829828491,15.1439384097487
59491,3.6336190067783,0.0031771491940,0.0552467129961,0.0725080698930,0.0000829828491,15.1439384097487
59492,3.6335912607603,0.0032885129023,0.0551003093674,0.0725031175821,0.0000829828491,15.1439384097487
59493,3.6335838522334,0.0032874165643,0.0551007261764,0.0725026917531,0.0000829828491,15.1439384097487
59498,3.6337855708909,0.0033062085703,0.0550496242760,0.0724953490967,0.0000829828491,15.1439384097487
59499,3.6338237599426,0.0032686245583,0.0550165196588,0.0724679589580,0.0000829828491,15.1439384097487
59500,3.6337332925334,0.0032686245583,0.0548763420445,0.0724166154165,0.0000829828491,15.1439384097487
59507,3.6336285515035,0.0031622632367,0.0549024659301,0.0723788798736,0.0000813231921,15.1439384097487
59550,3.6336276330657,0.0031263925973,0.0548721630855,0.0723526713020,0.0000813231921,15.1439384097487
59552,3.6336242685209,0.0031263925973,0.0548390800129,0.0723408083109,0.0000813231921,15.1439384097487
59556,3.6336698546087,0.0030996177075,0.0548248512015,0.0723248966798,0.0000813231921,15.1439384097487
59557,3.6337053490821,0.0031464517277,0.0546835373113,0.0722950014007,0.0000813231921,15.1439384097487
60306,3.6341741222992,0.0029452929722,0.0548325141608,0.0722686296328,0.0000664469689,15.1439384097487
60307,3.6340095038771,0.0029921269924,0.0547537869437,0.0722582551529,0.0000664469689,15.1439384097487
61018,3.6362406991185,0.0030179763305,0.0545737517903,0.0722366064348,0.0000542920114,15.1439384097487
61603,3.6385091228549,0.0032861659676,0.0540936644480,0.0722121831295,0.0000461896357,15.1439384097487
61605,3.6384270609309,0.0032861659676,0.0540129694462,0.0721822023153,0.0000461896357,15.1439384097487
62059,3.6418049772621,0.0030126819541,0.0541485208942,0.0721612034022,0.0000409167368,15.1439384097487
62063,3.6416875585457,0.0029658479339,0.0541753022718,0.0721490349900,0.0000409167368,15.1439384097487
62104,3.6417760584172,0.0030405531820,0.0539248574242,0.0720928592038,0.0000409167368,15.1439384097487
62105,3.6418441772919,0.0029822930051,0.0538219996143,0.0720321195019,0.0000409167368,15.1439384097487
62989,3.6427328857754,0.0033063463012,0.0532678058440,0.0719856483049,0.0000327633140,15.1439384097487
63004,3.6428162852423,0.0033058669976,0.0531908799285,0.0719591494448,0.0000327633140,15.1439384097487
63012,3.6429089844982,0.0031974837862,0.0532433734604,0.0719327588752,0.0000327633140,15.1439384097487
63029,3.6431942625436,0.0033151170058,0.0530396551393,0.0719144532342,0.0000327633140,15.1439384097487
63204,3.6434190441382,0.0033086932360,0.0529830495920,0.0718946645676,0.0000314658867,15.1439384097487
63206,3.6433537891922,0.0033013439144,0.0528808377816,0.0718540872872,0.0000314658867,15.1439384097487
63402,3.6435691518911,0.0034227123964,0.0527236396785,0.0718530075390,0.0000302198376,15.1439384097487
63569,3.6437318822354,0.0033348345636,0.0528169752929,0.0718509823822,0.0000290231320,15.1439384097487
63570,3.6437586101066,0.0033348345636,0.0528060482422,0.0718474580616,0.0000290231320,15.1439384097487
63583,3.6439012069985,0.0033738399586,0.0527196590898,0.0718353391273,0.0000284426694,15.1439384097487
63945,3.6450776732614,0.0031024108904,0.0529349632795,0.0718125536561,0.0000262346126,15.1439384097487
63946,3.6450122992322,0.0030887755299,0.0529499901152,0.0718111516190,0.0000262346126,15.1439384097487
63971,3.6449205484561,0.0030600999534,0.0529626123766,0.0718020717694,0.0000262346126,15.1439384097487
63972,3.6450173130504,0.0030771785868,0.0526830594321,0.0717109200589,0.0000262346126,15.1439384097487
64049,3.6450190851418,0.0031458016378,0.0524871879712,0.0716704009197,0.0000262346126,15.1439384097487
64055,3.6451680822122,0.0031281059699,0.0524640118039,0.0716566481580,0.0000262346126,15.1439384097487
64064,3.6452685203018,0.0031281059699,0.0523275061998,0.0716093173488,0.0000262346126,15.1439384097487
64067,3.6452144472900,0.0030646560921,0.0523617033036,0.0715935726659,0.0000262346126,15.1439384097487
64070,3.6452254537674,0.0030319202083,0.0523679314452,0.0715819230786,0.0000262346126,15.1439384097487
65151,3.6429991500988,0.0030052995771,0.0524363262803,0.0715634389156,0.0000205867393,15.1439384097487
65158,3.6430201043538,0.0029584655568,0.0524510436598,0.0715489199010,0.0000205867393,15.1439384097487
65375,3.6427561146696,0.0030825721295,0.0522659475476,0.0715322672414,0.0000197715044,15.1439384097487
65409,3.6425887361203,0.0030672233963,0.0522441848142,0.0715155484128,0.0000197715044,15.1439384097487
65410,3.6427031249612,0.0030672233963,0.0521703708095,0.0714908048627,0.0000197715044,15.1439384097487
65411,3.6428249196260,0.0031140574166,0.0520836420153,0.0714816254027,0.0000197715044,15.1439384097487
65602,3.6425379023132,0.0031088677157,0.0520129839831,0.0714501049579,0.0000189885528,15.1439384097487
65817,3.6428053006606,0.0030460514001,0.0518781083527,0.0713787974805,0.0000178718740,15.1439384097487
65825,3.6428200124621,0.0030460514001,0.0518623000290,0.0713733598216,0.0000178718740,15.1439384097487
65826,3.6428237991301,0.0030106600643,0.0518824248930,0.0713654331388,0.0000178718740,15.1439384097487
65887,3.6432200096767,0.0030387020785,0.0518108264114,0.0713574866113,0.0000178718740,15.1439384097487
65994,3.6438924151172,0.0029141657854,0.0518625256107,0.0713320924060,0.0000171641478,15.1439384097487
65995,3.6439375813202,0.0028961616003,0.0518332491921,0.0713145595616,0.0000171641478,15.1439384097487
65996,3.6438696069466,0.0028961616003,0.0517680385835,0.0712903082257,0.0000171641478,15.1439384097487
66236,3.6440146687132,0.0029080505328,0.0516440065918,0.0712531589569,0.0000164844476,15.1439384097487
66237,3.6439966044425,0.0029475352315,0.0515948148667,0.0712522568891,0.0000164844476,15.1439384097487
66251,3.6440337479652,0.0029589779159,0.0515464563345,0.0712404155707,0.0000164844476,15.1439384097487
66548,3.6438531492609,0.0027760271872,0.0517120694015,0.0712186001799,0.0000155150302,15.1439384097487
66567,3.6438209483505,0.0028114185231,0.0515454147270,0.0711737927280,0.0000155150302,15.1439384097487
66631,3.6439139285423,0.0028883164474,0.0514480862634,0.0711733044792,0.0000155150302,15.1439384097487
66632,3.6439792573548,0.0028582525433,0.0514519901202,0.0711627385817,0.0000155150302,15.1439384097487
66673,3.6437114908204,0.0029597657367,0.0513269702615,0.0711578054080,0.0000149006350,15.1439384097487
66853,3.6432036185907,0.0028651225613,0.0514255053526,0.0711452487930,0.0000146026223,15.1439384097487
66860,3.6431369501603,0.0028182885411,0.0514678699399,0.0711393639260,0.0000146026223,15.1439384097487
66893,3.6433846764362,0.0028579109706,0.0513481221462,0.0711170832083,0.0000146026223,15.1439384097487
66899,3.6433720172450,0.0028265964699,0.0513300057249,0.0710970134308,0.0000146026223,15.1439384097487
66900,3.6434234315089,0.0028120355576,0.0512418028592,0.0710599995247,0.0000146026223,15.1439384097487
66929,3.6431151214636,0.0027465803177,0.0512580016154,0.0710333699826,0.0000146026223,15.1439384097487
66938,3.6430452169305,0.0027410986273,0.0512365199056,0.0710223595031,0.0000143105698,15.1439384097487
66939,3.6430628020618,0.0027410986273,0.0512001081861,0.0710096041460,0.0000143105698,15.1439384097487
66940,3.6430097201118,0.0027202682037,0.0510887232343,0.0709601453756,0.0000143105698,15.1439384097487
66951,3.6430346440619,0.0026879950958,0.0510751371900,0.0709418145572,0.0000143105698,15.1439384097487
66981,3.6432778524159,0.0027041316498,0.0510408695574,0.0709399331649,0.0000140243584,15.1439384097487
66983,3.6432304916490,0.0027041316498,0.0510015521867,0.0709252210951,0.0000140243584,15.1439384097487
67039,3.6435125922718,0.0027041316498,0.0509430134318,0.0709083061018,0.0000140243584,15.1439384097487
67041,3.6435471475207,0.0026572976295,0.0509530600849,0.0708923114237,0.0000140243584,15.1439384097487
67091,3.6433883162918,0.0026572976295,0.0509335129785,0.0708830828631,0.0000140243584,15.1439384097487
68276,3.6452620771866,0.0026458384174,0.0508680721511,0.0708813136392,0.0000114589219,15.1439384097487
68860,3.6450412687632,0.0028469475898,0.0506208086532,0.0708760704680,0.0000101507987,15.1439384097487
68869,3.6450096055689,0.0028768572353,0.0505677373098,0.0708694868042,0.0000101507987,15.1439384097487
69106,3.6448978587699,0.0027636258957,0.0506976110506,0.0708657613564,0.0000099477827,15.1439384097487
69140,3.6449143669150,0.0028104599159,0.0505996956128,0.0708510968693,0.0000099477827,15.1439384097487
69211,3.6450306993679,0.0028405238200,0.0505380306494,0.0708436042948,0.0000097488270,15.1439384097487
69276,3.6451334134279,0.0027936897997,0.0505801484622,0.0708400280449,0.0000095538505,15.1439384097487
69310,3.6452091348329,0.0027936897997,0.0505267157778,0.0708220163962,0.0000095538505,15.1439384097487
69408,3.6448797304058,0.0026400316821,0.0507220592486,0.0708212673919,0.0000093627735,15.1439384097487
69458,3.6449642723807,0.0027022144354,0.0506042012143,0.0708070212515,0.0000093627735,15.1439384097487
69505,3.6448590572521,0.0026553804152,0.0506517355896,0.0708024373041,0.0000093627735,15.1439384097487
69517,3.6449604924104,0.0026868657023,0.0506045562589,0.0708005165383,0.0000093627735,15.1439384097487
69519,3.6449843347695,0.0027336997225,0.0505346915990,0.0707959739648,0.0000093627735,15.1439384097487
69522,3.6448508920325,0.0027336997225,0.0505119920261,0.0707859787687,0.0000093627735,15.1439384097487
69541,3.6448190097281,0.0026976748245,0.0505453039368,0.0707819855052,0.0000091755180,15.1439384097487
69592,3.6447753530899,0.0027703581828,0.0504292339267,0.0707710642023,0.0000091755180,15.1439384097487
69674,3.6447751728552,0.0027388728957,0.0504655555249,0.0707705399569,0.0000089920077,15.1439384097487
69721,3.6447250903339,0.0026962699692,0.0504915827970,0.0707608683498,0.0000088121675,15.1439384097487
69833,3.6450601430545,0.0027058119669,0.0503712864193,0.0707267357590,0.0000088121675,15.1439384097487
69839,3.6450373036336,0.0027058119669,0.0503309074558,0.0707119915243,0.0000088121675,15.1439384097487
69847,3.6450035710848,0.0026724425209,0.0503721423825,0.0707119397794,0.0000088121675,15.1439384097487
69855,3.6451166003045,0.0027192765412,0.0502764403508,0.0706994315612,0.0000088121675,15.1439384097487
69864,3.6451386211908,0.0027784953252,0.0501930648394,0.0706953456658,0.0000088121675,15.1439384097487
69865,3.6451267008646,0.0027689533275,0.0502049034590,0.0706953156448,0.0000088121675,15.1439384097487
69870,3.6449987219241,0.0027748977937,0.0501267066761,0.0706681249573,0.0000088121675,15.1439384097487
69892,3.6449345421129,0.0027376057713,0.0500978294160,0.0706409212147,0.0000086359242,15.1439384097487
70152,3.6448358265022,0.0027351211056,0.0500772219603,0.0706310997331,0.0000082939416,15.1439384097487
70337,3.6447825992786,0.0027351211056,0.0500193834076,0.0706096899455,0.0000081280627,15.1439384097487
70512,3.6448672681524,0.0026508573320,0.0500829273432,0.0705974692213,0.0000078061914,15.1439384097487
70529,3.6447921868962,0.0026623000164,0.0500157018598,0.0705773017329,0.0000078061914,15.1439384097487
70537,3.6447207899833,0.0026508573320,0.0500165637336,0.0705716952758,0.0000078061914,15.1439384097487
70837,3.6440000980805,0.0026688615171,0.0500076805794,0.0705660410580,0.0000074970663,15.1439384097487
70932,3.6439108982164,0.0027156955374,0.0499402500961,0.0705607682934,0.0000072001824,15.1439384097487
71225,3.6437758863383,0.0025512448252,0.0501264632711,0.0705548837131,0.0000070561788,15.1439384097487
71254,3.6438314012841,0.0025684777173,0.0500499706365,0.0705357359729,0.0000069150552,15.1439384097487
71255,3.6438634265202,0.0025684777173,0.0500042350883,0.0705198550035,0.0000069150552,15.1439384097487
71295,3.6439449932915,0.0025283759842,0.0500358564632,0.0705151160590,0.0000069150552,15.1439384097487
71296,3.6439553755751,0.0025752100044,0.0499191332187,0.0704936478175,0.0000069150552,15.1439384097487
71327,3.6440146296936,0.0025752100044,0.0498204091530,0.0704592276644,0.0000067767541,15.1439384097487
71507,3.6440829320854,0.0026077916296,0.0497693029702,0.0704559054842,0.0000066412190,15.1439384097487
71619,3.6440429974874,0.0026126397578,0.0497369002786,0.0704458457917,0.0000065083946,15.1439384097487
71740,3.6438555886843,0.0026422408859,0.0496602188748,0.0704284939518,0.0000065083946,15.1439384097487
71757,3.6439283528578,0.0026422408859,0.0496364781166,0.0704210447178,0.0000063782268,15.1439384097487
71794,3.6441807492262,0.0025430911551,0.0497266280443,0.0704143197705,0.0000063782268,15.1439384097487
71989,3.6442372793050,0.0026264128492,0.0496152927006,0.0704110663420,0.0000061256490,15.1439384097487
72168,3.6440651892491,0.0025471514624,0.0496795574258,0.0703976138011,0.0000060031360,15.1439384097487
72196,3.6441270940391,0.0025471514624,0.0496709024151,0.0703953986745,0.0000060031360,15.1439384097487
72199,3.6441140212063,0.0025665770307,0.0496404177670,0.0703926515639,0.0000060031360,15.1439384097487
72200,3.6442262741557,0.0025665770307,0.0496152927006,0.0703852666976,0.0000060031360,15.1439384097487
72440,3.6441933240836,0.0025665770307,0.0496151292100,0.0703847420668,0.0000056501036,15.1439384097487
72645,3.6441692145914,0.0026046403462,0.0495607362947,0.0703812877275,0.0000055371015,15.1439384097487
72691,3.6441521248087,0.0025578063260,0.0495718777465,0.0703649532752,0.0000055371015,15.1439384097487
72886,3.6442491732802,0.0025940020104,0.0495170704918,0.0703622649212,0.0000053178323,15.1439384097487
73063,3.6443433383118,0.0025103552713,0.0495729683064,0.0703477122528,0.0000052114756,15.1439384097487
73208,3.6443155026672,0.0025380722405,0.0495261258783,0.0703424676428,0.0000051072461,15.1439384097487
73332,3.6441730605122,0.0025571892915,0.0494732154402,0.0703297485327,0.0000050051012,15.1439384097487
73372,3.6441670974684,0.0025571892915,0.0494733268278,0.0703297039373,0.0000050051012,15.1439384097487
73379,3.6441052624907,0.0025288387600,0.0495073335448,0.0703288240048,0.0000050051012,15.1439384097487
73442,3.6441365924666,0.0025192802345,0.0495069489371,0.0703250334510,0.0000048068992,15.1439384097487
73456,3.6442070655729,0.0025488813627,0.0494011459420,0.0703009300546,0.0000048068992,15.1439384097487
73664,3.6441936052703,0.0025659599962,0.0493463017680,0.0702884718016,0.0000047107612,15.1439384097487
73905,3.6439652593082,0.0026373762300,0.0492213223920,0.0702712121874,0.0000046165460,15.1439384097487
73942,3.6439607385363,0.0025905422098,0.0492476640668,0.0702604842368,0.0000046165460,15.1439384097487
73980,3.6438982614777,0.0025881787473,0.0492236432430,0.0702500084125,0.0000044337308,15.1439384097487
74017,3.6439436778876,0.0025881787473,0.0491839264441,0.0702364664806,0.0000044337308,15.1439384097487
74061,3.6438644125451,0.0025526331528,0.0491916396661,0.0702228657773,0.0000044337308,15.1439384097487
74112,3.6439110171427,0.0025888288372,0.0491367216535,0.0702194240895,0.0000044337308,15.1439384097487
74159,3.6437835476405,0.0026262585906,0.0490736079658,0.0702111211247,0.0000043450561,15.1439384097487
74193,3.6437247189159,0.0025994671731,0.0491025202291,0.0702091324744,0.0000043450561,15.1439384097487
74200,3.6437297472776,0.0026356628575,0.0490306545864,0.0701990497606,0.0000043450561,15.1439384097487
74457,3.6434977898038,0.0025596904849,0.0491244563242,0.0701967086103,0.0000041729919,15.1439384097487
74635,3.6437032787848,0.0026254707698,0.0489970225394,0.0701822957502,0.0000040077414,15.1439384097487
74688,3.6436551076820,0.0026254707698,0.0489644352515,0.0701699758152,0.0000040077414,15.1439384097487
74727,3.6436418735563,0.0026254707698,0.0489145921903,0.0701519874600,0.0000040077414,15.1439384097487
74728,3.6436212495178,0.0026254707698,0.0488909714274,0.0701432596444,0.0000040077414,15.1439384097487
74772,3.6435893485523,0.0026520914010,0.0488582846894,0.0701425432549,0.0000040077414,15.1439384097487
74787,3.6435244284210,0.0025784824909,0.0489134515395,0.0701297804101,0.0000040077414,15.1439384097487
74868,3.6434524259246,0.0025784824909,0.0488915156096,0.0701209273189,0.0000039275866,15.1439384097487
74881,3.6433682723056,0.0026146781753,0.0488365237585,0.0701156090402,0.0000039275866,15.1439384097487
74927,3.6432645582437,0.0026615121955,0.0487813972532,0.0701145251785,0.0000038490349,15.1439384097487
75038,3.6433841146294,0.0026203141243,0.0488197269954,0.0701122497708,0.0000037720542,15.1439384097487
75097,3.6433239734396,0.0025734801041,0.0488748535008,0.0701110150916,0.0000037720542,15.1439384097487
75102,3.6431897125283,0.0025734801041,0.0488191218229,0.0700892111381,0.0000037720542,15.1439384097487
75162,3.6431546890044,0.0026671481446,0.0486789228461,0.0700787879403,0.0000036966131,15.1439384097487
75510,3.6432052644400,0.0026343957330,0.0487069721937,0.0700754844557,0.0000034792227,15.1439384097487
75625,3.6431946857253,0.0026131025336,0.0487053744782,0.0700656384980,0.0000034792227,15.1439384097487
75626,3.6431998482471,0.0025662685134,0.0487597430323,0.0700650571651,0.0000034792227,15.1439384097487
75908,3.6431127635620,0.0025662685134,0.0487471483570,0.0700593268244,0.0000032746166,15.1439384097487
75909,3.6431580820947,0.0025689239654,0.0486920033920,0.0700414114991,0.0000032746166,15.1439384097487
76026,3.6430752400977,0.0025964866761,0.0486592428155,0.0700403516747,0.0000032091242,15.1439384097487
76186,3.6431234274387,0.0026074665846,0.0486148194148,0.0700298736972,0.0000031449417,15.1439384097487
76283,3.6432539447853,0.0025662685134,0.0486531491570,0.0700277533864,0.0000031449417,15.1439384097487
76331,3.6434007721964,0.0025662685134,0.0486392098177,0.0700248526489,0.0000030820429,15.1439384097487
76354,3.6433667471848,0.0025495149249,0.0486080333368,0.0700060566305,0.0000030204020,15.1439384097487
76524,3.6433502046681,0.0025557679085,0.0485850037294,0.0700002775453,0.0000029599940,15.1439384097487
76553,3.6434117327362,0.0026026019287,0.0485189312422,0.0699976225694,0.0000029599940,15.1439384097487
76729,3.6433969441972,0.0026026019287,0.0485028504162,0.0699916701604,0.0000029007941,15.1439384097487
76852,3.6435161935418,0.0025504404767,0.0485257089133,0.0699791663716,0.0000028427782,15.1439384097487
76902,3.6435046656123,0.0025387058028,0.0485357973150,0.0699775771069,0.0000027859227,15.1439384097487
77003,3.6436117271114,0.0025855398230,0.0484571759605,0.0699710846877,0.0000027859227,15.1439384097487
77088,3.6434035435534,0.0025952360794,0.0484351434714,0.0699644256966,0.0000027302042,15.1439384097487
77104,3.6433575335112,0.0025578063260,0.0484089346661,0.0699383730471,0.0000027302042,15.1439384097487
77200,3.6433470271737,0.0025125479474,0.0484539840061,0.0699349169852,0.0000026756001,15.1439384097487
77201,3.6434757621975,0.0025593819677,0.0483328484542,0.0699135476030,0.0000026756001,15.1439384097487
77283,3.6434705753118,0.0025968117210,0.0482566032398,0.0699022850981,0.0000026756001,15.1439384097487
77379,3.6435657424368,0.0025351082713,0.0482803339708,0.0698856626320,0.0000026220881,15.1439384097487
77443,3.6436460729783,0.0025819422915,0.0481827834349,0.0698720315496,0.0000025696464,15.1439384097487
77921,3.6436659942925,0.0025175668620,0.0482268560230,0.0698604641751,0.0000024185306,15.1439384097487
78196,3.6435558938002,0.0024707328417,0.0482737598205,0.0698555858938,0.0000023227568,15.1439384097487
78325,3.6435034777932,0.0024707328417,0.0482737598205,0.0698548442108,0.0000022763017,15.1439384097487
78333,3.6436099896057,0.0025175668620,0.0481823615620,0.0698437808336,0.0000022763017,15.1439384097487
78378,3.6435883649871,0.0025644008822,0.0480942793063,0.0698320886212,0.0000022307756,15.1439384097487
78528,3.6436332105227,0.0025175668620,0.0481207088332,0.0698220905763,0.0000022307756,15.1439384097487
78669,3.6436664272942,0.0025460716521,0.0480459806175,0.0698080882815,0.0000021424369,15.1439384097487
78774,3.6436810071829,0.0025866526888,0.0479947151049,0.0698073773472,0.0000020995882,15.1439384097487
78846,3.6437173211998,0.0025929056723,0.0479697929591,0.0698016702719,0.0000020995882,15.1439384097487
79110,3.6436986625391,0.0026336244399,0.0478944204048,0.0697919383841,0.0000020164445,15.1439384097487
79167,3.6436149435072,0.0025867904197,0.0479514634545,0.0697910545602,0.0000019761156,15.1439384097487
79181,3.6435927721933,0.0026336244399,0.0478692273683,0.0697814425297,0.0000019761156,15.1439384097487
79201,3.6436024273616,0.0025867904197,0.0478931513285,0.0697700516983,0.0000019761156,15.1439384097487
79456,3.6436239926772,0.0025773861528,0.0478613857530,0.0697549815976,0.0000018978614,15.1439384097487
79497,3.6435801343124,0.0025867904197,0.0478351769477,0.0697490311171,0.0000018978614,15.1439384097487
79524,3.6435033981919,0.0026112349024,0.0477769942070,0.0697376419628,0.0000018978614,15.1439384097487
79803,3.6434866421095,0.0024936016828,0.0479121723212,0.0697352685263,0.0000017862520,15.1439384097487
79819,3.6434919940783,0.0024936016828,0.0479020877119,0.0697317426101,0.0000017862520,15.1439384097487
79832,3.6434928413773,0.0024936016828,0.0478580031803,0.0697160101238,0.0000017862520,15.1439384097487
79847,3.6434738693450,0.0024918883102,0.0478062095237,0.0696965096338,0.0000017862520,15.1439384097487
79851,3.6434122890344,0.0024918883102,0.0477853635014,0.0696881932685,0.0000017862520,15.1439384097487
79855,3.6433868065553,0.0024618244062,0.0477766511822,0.0696718366203,0.0000017862520,15.1439384097487
79922,3.6432837825210,0.0024903291963,0.0477155769272,0.0696607829418,0.0000017505269,15.1439384097487
80173,3.6432238157516,0.0024918883102,0.0476571858265,0.0696397486431,0.0000016812061,15.1439384097487
80199,3.6432432860119,0.0024918883102,0.0476493936821,0.0696372412373,0.0000016812061,15.1439384097487
80243,3.6432821971401,0.0024981412938,0.0476237119350,0.0696312996247,0.0000016475820,15.1439384097487
80681,3.6432382536756,0.0025449753140,0.0475672573466,0.0696305871976,0.0000015506910,15.1439384097487
80701,3.6432222073600,0.0025855563507,0.0475151996180,0.0696291599702,0.0000015506910,15.1439384097487
81107,3.6432087642572,0.0025918093342,0.0474913566482,0.0696231342550,0.0000014594979,15.1439384097487
81323,3.6432311739713,0.0025918093342,0.0474893279705,0.0696227268232,0.0000014017018,15.1439384097487
81417,3.6432634069927,0.0026386433545,0.0474131632001,0.0696160529375,0.0000014017018,15.1439384097487
81526,3.6433592202463,0.0026029269737,0.0474458540944,0.0696137769877,0.0000013736678,15.1439384097487
81680,3.6435023651859,0.0026029269737,0.0474150756831,0.0696048101893,0.0000013192705,15.1439384097487
81874,3.6434081116950,0.0026369299819,0.0473582540512,0.0695977557865,0.0000012928851,15.1439384097487
82065,3.6434043208064,0.0025581313710,0.0473800037339,0.0695716990562,0.0000012670274,15.1439384097487
82091,3.6433621871307,0.0026049653912,0.0473119110860,0.0695668557877,0.0000012670274,15.1439384097487
82112,3.6432806047249,0.0026273714564,0.0472791463535,0.0695636023113,0.0000012416869,15.1439384097487
82203,3.6433421717691,0.0026273714564,0.0472487118924,0.0695536040305,0.0000012416869,15.1439384097487
82213,3.6433149351118,0.0026273714564,0.0472470317986,0.0695526186001,0.0000012416869,15.1439384097487
82430,3.6432979700859,0.0025465344279,0.0473323362849,0.0695481999933,0.0000011925161,15.1439384097487
82464,3.6431277887162,0.0025465344279,0.0473182054979,0.0695407452287,0.0000011686657,15.1439384097487
82600,3.6431753509939,0.0025337034159,0.0473161031145,0.0695351683754,0.0000011686657,15.1439384097487
82713,3.6429557492180,0.0025954068657,0.0472359786109,0.0695298894664,0.0000011452924,15.1439384097487
82748,3.6428988640988,0.0025954068657,0.0471769255110,0.0695079941530,0.0000011452924,15.1439384097487
82763,3.6428638813102,0.0025954068657,0.0471503483071,0.0694980072903,0.0000011452924,15.1439384097487
83334,3.6429205896056,0.0025419948170,0.0471598630341,0.0694793169477,0.0000010352536,15.1439384097487
83335,3.6428906740568,0.0025291638050,0.0471295447676,0.0694625666872,0.0000010352536,15.1439384097487
83542,3.6429869606902,0.0025296265809,0.0470725146429,0.0694437595674,0.0000010145486,15.1439384097487
83720,3.6430122398874,0.0024994084182,0.0471056220701,0.0694429907064,0.0000009743724,15.1439384097487
83762,3.6430308875715,0.0025268168702,0.0470524481638,0.0694360103685,0.0000009743724,15.1439384097487
83815,3.6430734480974,0.0024459798417,0.0471465867036,0.0694355890634,0.0000009548850,15.1439384097487
83891,3.6430604665509,0.0024091836506,0.0471224867223,0.0694110284430,0.0000009548850,15.1439384097487
83936,3.6430006570104,0.0024560176708,0.0470631883431,0.0694090758724,0.0000009548850,15.1439384097487
83943,3.6429863144973,0.0024795035464,0.0470300934653,0.0694071187028,0.0000009548850,15.1439384097487
83987,3.6429246154990,0.0024795035464,0.0470098364792,0.0693990110282,0.0000009357873,15.1439384097487
84004,3.6428729502206,0.0024560176708,0.0470384251514,0.0693984248328,0.0000009357873,15.1439384097487
84024,3.6429050359276,0.0024746554182,0.0470023578090,0.0693939852557,0.0000009357873,15.1439384097487
84091,3.6429191419530,0.0024746554182,0.0469953494968,0.0693916818864,0.0000009357873,15.1439384097487
84112,3.6428722332618,0.0024502274632,0.0470054517095,0.0693841569411,0.0000009357873,15.1439384097487
84227,3.6428666188765,0.0024502274632,0.0469812355335,0.0693754288636,0.0000008987301,15.1439384097487
84336,3.6429164292420,0.0024502274632,0.0469787646216,0.0693752512084,0.0000008807555,15.1439384097487
84432,3.6429744813152,0.0024502274632,0.0469473194120,0.0693648422094,0.0000008807555,15.1439384097487
84465,3.6430297666186,0.0024502274632,0.0469446585997,0.0693646742026,0.0000008807555,15.1439384097487
84512,3.6430058768578,0.0024890620719,0.0468579301125,0.0693500051081,0.0000008631404,15.1439384097487
84519,3.6431573685074,0.0024279756566,0.0468778805738,0.0693330939773,0.0000008631404,15.1439384097487
84543,3.6431800411896,0.0024408231963,0.0468431740297,0.0693265256883,0.0000008631404,15.1439384097487
84571,3.6431462540004,0.0024408231963,0.0468418370174,0.0693255700975,0.0000008631404,15.1439384097487
84675,3.6431871021783,0.0024141860374,0.0468689900537,0.0693244296842,0.0000008458776,15.1439384097487
84722,3.6431803104443,0.0024176293103,0.0467908077553,0.0692978870206,0.0000008289600,15.1439384097487
84940,3.6432458232061,0.0024121476199,0.0467419957571,0.0692790318694,0.0000008123808,15.1439384097487
84970,3.6431880785509,0.0024127646544,0.0467141666863,0.0692685402758,0.0000008123808,15.1439384097487
85009,3.6432760205604,0.0024127646544,0.0467015127855,0.0692652653991,0.0000007961332,15.1439384097487
85010,3.6431325553910,0.0023925677930,0.0466975359165,0.0692531592685,0.0000007961332,15.1439384097487
85181,3.6432344198285,0.0024227859557,0.0466052977294,0.0692346090750,0.0000007802106,15.1439384097487
85184,3.6433141339921,0.0024227859557,0.0465959889822,0.0692324124724,0.0000007802106,15.1439384097487
85213,3.6432711401601,0.0024696199759,0.0465297630935,0.0692282237324,0.0000007802106,15.1439384097487
85214,3.6432542330356,0.0024022640494,0.0465932619787,0.0692217958454,0.0000007646064,15.1439384097487
85221,3.6432397667975,0.0023883366993,0.0466017236557,0.0692186443123,0.0000007646064,15.1439384097487
85242,3.6431589107215,0.0024049525569,0.0465050878493,0.0691901084980,0.0000007646064,15.1439384097487
85450,3.6432183400886,0.0024276671393,0.0464445946892,0.0691790795406,0.0000007493142,15.1439384097487
85564,3.6431220415738,0.0024745011596,0.0463783134215,0.0691741167647,0.0000007343279,15.1439384097487
85600,3.6431054399674,0.0025424741206,0.0462966365378,0.0691738428065,0.0000007343279,15.1439384097487
85603,3.6431023393810,0.0024956401003,0.0463182307041,0.0691614394127,0.0000007343279,15.1439384097487
85676,3.6430198846999,0.0024488060801,0.0462969912685,0.0691326154488,0.0000007343279,15.1439384097487
85684,3.6430842784100,0.0024488060801,0.0462934408502,0.0691322586089,0.0000007052486,15.1439384097487
85859,3.6430892061557,0.0024242238665,0.0463148451161,0.0691294374825,0.0000006911436,15.1439384097487
86030,3.6431599229071,0.0024544420291,0.0462677467758,0.0691265679251,0.0000006773207,15.1439384097487
86036,3.6431389754013,0.0025012760494,0.0461852611891,0.0691168841042,0.0000006773207,15.1439384097487
86037,3.6430682500442,0.0025481100696,0.0461188379688,0.0691122324894,0.0000006773207,15.1439384097487
86385,3.6430580745617,0.0025178919069,0.0461520688891,0.0691110060516,0.0000006374888,15.1439384097487
86422,3.6431455279873,0.0025481100696,0.0461063075611,0.0691088508215,0.0000006374888,15.1439384097487
86438,3.6433194895034,0.0024481725179,0.0461602700032,0.0690877542867,0.0000006374888,15.1439384097487
86562,3.6433847293550,0.0024943729759,0.0460938098636,0.0690847418584,0.0000006247391,15.1439384097487
86598,3.6433289580950,0.0024967199107,0.0460812151883,0.0690804604297,0.0000006247391,15.1439384097487
86655,3.6434104490846,0.0024505194527,0.0460597670596,0.0690541532795,0.0000006247391,15.1439384097487
86733,3.6434193654357,0.0025158369617,0.0459604265882,0.0690467939236,0.0000005999994,15.1439384097487
86773,3.6433888704846,0.0024856187990,0.0459936575085,0.0690452799667,0.0000005999994,15.1439384097487
86869,3.6433285633061,0.0024387847788,0.0460300084962,0.0690373373969,0.0000005999994,15.1439384097487
86940,3.6433443346362,0.0024650968927,0.0459749860857,0.0690291863195,0.0000005879994,15.1439384097487
87080,3.6434310280523,0.0024650968927,0.0459701640460,0.0690286908685,0.0000005762394,15.1439384097487
87108,3.6433949364012,0.0024757517563,0.0459386350980,0.0690214862056,0.0000005762394,15.1439384097487
87189,3.6434238829393,0.0024757517563,0.0459138379489,0.0690130396725,0.0000005762394,15.1439384097487
87219,3.6434516063550,0.0024757517563,0.0458888436148,0.0690045054090,0.0000005647146,15.1439384097487
87249,3.6434390595941,0.0024757517563,0.0458555317041,0.0689924307623,0.0000005647146,15.1439384097487
88242,3.6434315684689,0.0025225857765,0.0457752156832,0.0689837121931,0.0000004804383,15.1439384097487
88326,3.6434166836912,0.0025225857765,0.0457498269791,0.0689744341802,0.0000004804383,15.1439384097487
88437,3.6433900334189,0.0025288387600,0.0457242410899,0.0689675991131,0.0000004614130,15.1439384097487
88560,3.6434011263512,0.0024727547316,0.0457559447275,0.0689550427929,0.0000004614130,15.1439384097487
88569,3.6433928997614,0.0024025890944,0.0458146811063,0.0689458326780,0.0000004614130,15.1439384097487
88636,3.6434202911767,0.0024359585404,0.0457348766693,0.0689320198712,0.0000004521847,15.1439384097487
88655,3.6433883031310,0.0024484810352,0.0457185252428,0.0689310942308,0.0000004521847,15.1439384097487
88851,3.6434574515976,0.0024039939497,0.0457499648084,0.0689242351995,0.0000004342782,15.1439384097487
88972,3.6435521289765,0.0024508279699,0.0456699396498,0.0689170661872,0.0000004255926,15.1439384097487
89107,3.6436163824509,0.0024383054752,0.0455949475417,0.0688858256904,0.0000004170808,15.1439384097487
89333,3.6436089999639,0.0024851394954,0.0455133745263,0.0688766597318,0.0000004005644,15.1439384097487
89334,3.6435329234576,0.0025313399534,0.0454520479262,0.0688734810935,0.0000004005644,15.1439384097487
89364,3.6435124640982,0.0025313399534,0.0454493359524,0.0688722230328,0.0000004005644,15.1439384097487
89385,3.6435232087782,0.0025268003425,0.0454205348095,0.0688601433993,0.0000004005644,15.1439384097487
89468,3.6434559689475,0.0025719209901,0.0453629939870,0.0688579790869,0.0000003925531,15.1439384097487
89736,3.6433526697846,0.0024851394954,0.0453300518100,0.0688075602783,0.0000003847020,15.1439384097487
89834,3.6433358674872,0.0024851394954,0.0453256778718,0.0688057604061,0.0000003770080,15.1439384097487
89977,3.6433025001205,0.0025319735156,0.0452438407843,0.0687961324518,0.0000003620785,15.1439384097487
90045,3.6433553014483,0.0025319735156,0.0452405591095,0.0687957075603,0.0000003620785,15.1439384097487
90122,3.6433078765423,0.0025454380899,0.0452076150375,0.0687890412929,0.0000003548369,15.1439384097487
90139,3.6433321578028,0.0025670563342,0.0451584579500,0.0687810937303,0.0000003548369,15.1439384097487
90263,3.6432894368254,0.0025191259759,0.0451845779177,0.0687692762091,0.0000003548369,15.1439384097487
90266,3.6432629852626,0.0025402814444,0.0451550171734,0.0687674111419,0.0000003548369,15.1439384097487
90267,3.6433761353506,0.0025402814444,0.0451469486635,0.0687661305974,0.0000003548369,15.1439384097487
90289,3.6433305124813,0.0024934474242,0.0451873276270,0.0687598343723,0.0000003477402,15.1439384097487
90426,3.6433751030176,0.0024688486828,0.0451609703505,0.0687405096947,0.0000003407854,15.1439384097487
90504,3.6433436111285,0.0025305521326,0.0450570820859,0.0687294054705,0.0000003339697,15.1439384097487
90532,3.6433896090016,0.0025305521326,0.0450532307101,0.0687286808460,0.0000003339697,15.1439384097487
90564,3.6433412240104,0.0025773861528,0.0449903110688,0.0687255966241,0.0000003339697,15.1439384097487
90654,3.6433208929741,0.0025455758208,0.0450160941430,0.0687208841826,0.0000003272903,15.1439384097487
90665,3.6433608830929,0.0025549800876,0.0449894792256,0.0687159751126,0.0000003272903,15.1439384097487
90874,3.6433213102168,0.0025277258942,0.0450122468585,0.0687118660879,0.0000003207445,15.1439384097487
90876,3.6432518204339,0.0025745599145,0.0449263327647,0.0687002709301,0.0000003207445,15.1439384097487
90920,3.6432333469443,0.0024837015847,0.0449896101343,0.0686836693078,0.0000003143296,15.1439384097487
90945,3.6431891564804,0.0024686778965,0.0449972584488,0.0686793368332,0.0000003143296,15.1439384097487
90983,3.6432749617157,0.0025155119167,0.0448750473352,0.0686569758682,0.0000003080430,15.1439384097487
90989,3.6432028190481,0.0025623459370,0.0448085630116,0.0686522823759,0.0000003080430,15.1439384097487
91034,3.6432949636557,0.0025155119167,0.0447848859117,0.0686250583859,0.0000003080430,15.1439384097487
91108,3.6432769235715,0.0025127022061,0.0447879969548,0.0686247100450,0.0000003080430,15.1439384097487
91202,3.6432167904757,0.0024658681858,0.0448178520883,0.0686144499904,0.0000003018821,15.1439384097487
91384,3.6429410659194,0.0024675980861,0.0448229526077,0.0686131115063,0.0000002899276,15.1439384097487
91423,3.6428812156189,0.0024675980861,0.0447565052033,0.0685885334128,0.0000002899276,15.1439384097487
91655,3.6428362285139,0.0025127022061,0.0446899158462,0.0685834452721,0.0000002784465,15.1439384097487
92115,3.6427308914456,0.0025595362263,0.0446309636426,0.0685809721241,0.0000002620716,15.1439384097487
92167,3.6426462860277,0.0025396478822,0.0446548863548,0.0685797952129,0.0000002568301,15.1439384097487
92168,3.6426743551884,0.0025864819024,0.0445718767846,0.0685706178375,0.0000002568301,15.1439384097487
92351,3.6426658473361,0.0026270629391,0.0445145376154,0.0685674110502,0.0000002516935,15.1439384097487
92402,3.6427581080357,0.0026482018799,0.0444553161032,0.0685566255389,0.0000002466597,15.1439384097487
92427,3.6428309364317,0.0025745929699,0.0444845590623,0.0685365532940,0.0000002466597,15.1439384097487
92493,3.6426727330639,0.0025864984302,0.0444764905524,0.0685365354564,0.0000002417265,15.1439384097487
92511,3.6426886842758,0.0025864984302,0.0444722281591,0.0685352388816,0.0000002417265,15.1439384097487
92560,3.6425838506841,0.0025647259272,0.0444982590618,0.0685337211716,0.0000002417265,15.1439384097487
92650,3.6424363928885,0.0025442040209,0.0445050397229,0.0685252612156,0.0000002417265,15.1439384097487
92782,3.6424545172709,0.0024849852368,0.0445379377866,0.0685118875040,0.0000002368919,15.1439384097487
92802,3.6426595383640,0.0025318192570,0.0444574071710,0.0685060993276,0.0000002368919,15.1439384097487
92804,3.6426314835138,0.0024787157256,0.0445124743018,0.0685026105294,0.0000002368919,15.1439384097487
92806,3.6425945988548,0.0024633669924,0.0445244689247,0.0684997943793,0.0000002368919,15.1439384097487
92808,3.6425389925239,0.0024633669924,0.0445231242606,0.0684985273163,0.0000002368919,15.1439384097487
92846,3.6426425245412,0.0024633669924,0.0445089032275,0.0684949133470,0.0000002321541,15.1439384097487
92856,3.6424693414803,0.0025102010127,0.0444551807607,0.0684933479460,0.0000002321541,15.1439384097487
92873,3.6424114923067,0.0025570350329,0.0443731487735,0.0684833039687,0.0000002275110,15.1439384097487
92921,3.6423488058523,0.0025570350329,0.0443407390037,0.0684708420418,0.0000002275110,15.1439384097487
92977,3.6422946348718,0.0025570350329,0.0443357170090,0.0684682819565,0.0000002275110,15.1439384097487
92990,3.6422629869058,0.0025570350329,0.0443087521527,0.0684582038341,0.0000002275110,15.1439384097487
93097,3.6422475752471,0.0025102010127,0.0443601124864,0.0684562570135,0.0000002229608,15.1439384097487
93164,3.6423266125920,0.0025587484055,0.0442702362043,0.0684460827400,0.0000002185016,15.1439384097487
93181,3.6422720901722,0.0025119143852,0.0443252664158,0.0684448931754,0.0000002185016,15.1439384097487
93185,3.6423588341632,0.0025587484055,0.0441684028472,0.0684101696169,0.0000002185016,15.1439384097487
93305,3.6423324571483,0.0025119143852,0.0442234145991,0.0684093717153,0.0000002185016,15.1439384097487
93346,3.6422143477550,0.0025587484055,0.0441413826119,0.0683984750599,0.0000002098489,15.1439384097487
93423,3.6422208285536,0.0025626544542,0.0441037609471,0.0683868044748,0.0000002098489,15.1439384097487
93451,3.6421512914063,0.0025564014707,0.0440704793447,0.0683712543922,0.0000002098489,15.1439384097487
93484,3.6421117660335,0.0025564014707,0.0440639347254,0.0683683577468,0.0000002098489,15.1439384097487
93556,3.6421355584848,0.0025564014707,0.0440378488535,0.0683593780255,0.0000002056519,15.1439384097487
93652,3.6421932212481,0.0025564014707,0.0440310835125,0.0683577777566,0.0000002056519,15.1439384097487
93664,3.6420890033197,0.0025764440734,0.0439715003936,0.0683436130814,0.0000002056519,15.1439384097487
93738,3.6420004569010,0.0025725214969,0.0439117826204,0.0683193512752,0.0000002015389,15.1439384097487
93754,3.6420278413560,0.0025564014707,0.0438853481646,0.0683033893036,0.0000002015389,15.1439384097487
93960,3.6420822711126,0.0025564014707,0.0438783621022,0.0683016644587,0.0000001935580,15.1439384097487
93989,3.6420644591406,0.0025524954219,0.0438802673360,0.0683004188403,0.0000001935580,15.1439384097487
93995,3.6420415666556,0.0025524954219,0.0438468744349,0.0682881688771,0.0000001935580,15.1439384097487
94284,3.6419615066708,0.0025524954219,0.0438134564632,0.0682751010438,0.0000001858931,15.1439384097487
94521,3.6419189967666,0.0025524954219,0.0437870060944,0.0682650529711,0.0000001749611,15.1439384097487
94585,3.6418089952002,0.0025827135846,0.0437534702130,0.0682644699970,0.0000001749611,15.1439384097487
94597,3.6419113809873,0.0025827135846,0.0436934462120,0.0682444816058,0.0000001749611,15.1439384097487
94721,3.6419480098370,0.0025328990674,0.0437281704750,0.0682360523453,0.0000001714618,15.1439384097487
94731,3.6419760696407,0.0024928138620,0.0437347803364,0.0682216306807,0.0000001714618,15.1439384097487
94740,3.6420549779617,0.0024928138620,0.0436678956251,0.0681988598312,0.0000001714618,15.1439384097487
94752,3.6420085322833,0.0024928138620,0.0436398974181,0.0681882032684,0.0000001714618,15.1439384097487
94827,3.6419979692345,0.0025578063260,0.0435488202855,0.0681833801677,0.0000001714618,15.1439384097487
95177,3.6420230427531,0.0025578063260,0.0435101566554,0.0681699265170,0.0000001613785,15.1439384097487
95402,3.6420089138771,0.0025194344932,0.0435116820885,0.0681538263207,0.0000001549879,15.1439384097487
95410,3.6419733477088,0.0025328990674,0.0434775760703,0.0681469128728,0.0000001549879,15.1439384097487
95491,3.6419754503239,0.0025050278395,0.0434949924290,0.0681412179408,0.0000001518882,15.1439384097487
95724,3.6420274394212,0.0024581938193,0.0435254000105,0.0681327417106,0.0000001458734,15.1439384097487
95748,3.6420306176389,0.0025050278395,0.0433875703983,0.0681036335437,0.0000001458734,15.1439384097487
96073,3.6420322902888,0.0025050278395,0.0433810767316,0.0681013380449,0.0000001372949,15.1439384097487
96099,3.6420571328774,0.0024581938193,0.0434112202410,0.0680923833819,0.0000001372949,15.1439384097487
96318,3.6421462437363,0.0024915632653,0.0433300711399,0.0680789636640,0.0000001345490,15.1439384097487
96408,3.6421943773297,0.0024748096768,0.0433227023751,0.0680698329400,0.0000001318580,15.1439384097487
96409,3.6421435313795,0.0024802913672,0.0432963988892,0.0680620686670,0.0000001318580,15.1439384097487
96522,3.6421221357434,0.0024937559414,0.0432569448366,0.0680534457189,0.0000001318580,15.1439384097487
96899,3.6420424130378,0.0024989291146,0.0432319786588,0.0680456182301,0.0000001241037,15.1439384097487
97053,3.6420908366869,0.0025044108050,0.0432056751729,0.0680392586153,0.0000001191892,15.1439384097487
97124,3.6421017574922,0.0025512448252,0.0431200354189,0.0680288992405,0.0000001168054,15.1439384097487
97181,3.6421043107604,0.0025647093994,0.0430858132060,0.0680224836820,0.0000001168054,15.1439384097487
97275,3.6420597665935,0.0026115434197,0.0430198473075,0.0680183658585,0.0000001144693,15.1439384097487
97350,3.6420040614235,0.0025429368965,0.0430425490692,0.0679962826104,0.0000001144693,15.1439384097487
97367,3.6419901988446,0.0025897709167,0.0429536730491,0.0679844167431,0.0000001144693,15.1439384097487
97532,3.6420172486556,0.0026366049369,0.0428675368338,0.0679741082850,0.0000001121799,15.1439384097487
97618,3.6419882789262,0.0026366049369,0.0428404509964,0.0679640248519,0.0000001077376,15.1439384097487
97711,3.6419052142332,0.0025824050674,0.0428974676430,0.0679599840646,0.0000001077376,15.1439384097487
97761,3.6419169519179,0.0024647718477,0.0428380369984,0.0678885106849,0.0000001055828,15.1439384097487
97793,3.6418641555999,0.0024943729759,0.0427200906903,0.0678583261369,0.0000001055828,15.1439384097487
98140,3.6418361176422,0.0024475389557,0.0427623110778,0.0678529363885,0.0000000993737,15.1439384097487
98309,3.6418418357602,0.0024063574122,0.0427681075769,0.0678374382448,0.0000000973862,15.1439384097487
98354,3.6418087203067,0.0024063574122,0.0427478807089,0.0678297457819,0.0000000973862,15.1439384097487
98452,3.6417144664759,0.0024481725179,0.0426809036994,0.0678224124956,0.0000000954385,15.1439384097487
98555,3.6416208824750,0.0024950065381,0.0426195885347,0.0678192617381,0.0000000954385,15.1439384097487
98572,3.6415778877442,0.0024950065381,0.0425978274043,0.0678108815333,0.0000000954385,15.1439384097487
98575,3.6416520793994,0.0025368381716,0.0425313894070,0.0678061313269,0.0000000954385,15.1439384097487
98722,3.6417232727591,0.0024950065381,0.0424647430496,0.0677654085948,0.0000000916592,15.1439384097487
98762,3.6416950723399,0.0025283759842,0.0424124170978,0.0677606229120,0.0000000916592,15.1439384097487
