0,3.12456,0.555358,0.320124,0.396553,100000.000000
1,3.1245231937863,0.5552407902202,0.3200660856971,0.3964814489243,100000.0000000000000,15.1439384097487
2,3.1245497802220,0.5552407902202,0.3200568718625,0.3964785344654,100000.0000000000000,15.1439384097487
3,3.1247074744578,0.5552407902202,0.3200505516917,0.3964785086244,100000.0000000000000,15.1439384097487
4,3.1247196569215,0.5551939562000,0.3200674072530,0.3964646291258,100000.0000000000000,15.1439384097487
5,3.1247748065470,0.5550763229804,0.3201145108200,0.3964318179548,100000.0000000000000,15.1439384097487
6,3.1248880004446,0.5550763229804,0.3200922215415,0.3964254591843,100000.0000000000000,15.1439384097487
7,3.1248466974579,0.5549586897607,0.3201082202758,0.3963801743465,100000.0000000000000,15.1439384097487
8,3.1248660015868,0.5549586897607,0.3194096809610,0.3961309691719,100000.0000000000000,15.1439384097487
9,3.1249272685423,0.5549586897607,0.3193870991390,0.3961237711588,100000.0000000000000,15.1439384097487
111,3.1279100397152,0.5507260865305,0.3241669278551,0.3960590860425,98000.0000000000000,15.1439384097487
112,3.1279936838550,0.5506084533109,0.3241432580149,0.3960014018501,98000.0000000000000,15.1439384097487
113,3.1280085717595,0.5504908200913,0.3239932177853,0.3958976124797,98000.0000000000000,15.1439384097487
114,3.1278893504579,0.5504439860711,0.3238700899352,0.3958318795511,98000.0000000000000,15.1439384097487
115,3.1279246238138,0.5503263528514,0.3238538147271,0.3957761518555,98000.0000000000000,15.1439384097487
116,3.1279497819200,0.5503263528514,0.3238029349270,0.3957583364838,98000.0000000000000,15.1439384097487
117,3.1279820159744,0.5502087196318,0.3238526994878,0.3957261514140,98000.0000000000000,15.1439384097487
118,3.1279626085753,0.5500910864122,0.3238638262764,0.3956794364166,98000.0000000000000,15.1439384097487
119,3.1279896872017,0.5500442523920,0.3238389005917,0.3956508458242,98000.0000000000000,15.1439384097487
120,3.1278870271842,0.5500442523920,0.3236563057605,0.3955841807521,98000.0000000000000,15.1439384097487
121,3.1279465484075,0.5499266191723,0.3235969831101,0.3955134220756,98000.0000000000000,15.1439384097487
122,3.1279974222298,0.5498797851521,0.3235393012762,0.3954734695588,98000.0000000000000,15.1439384097487
123,3.1280474098673,0.5497621519325,0.3234478587900,0.3953911046128,98000.0000000000000,15.1439384097487
124,3.1280601270480,0.5496445187129,0.3234971597227,0.3953584777990,98000.0000000000000,15.1439384097487
125,3.1279746985825,0.5496445187129,0.3234522031983,0.3953412130904,98000.0000000000000,15.1439384097487
126,3.1279735877968,0.5496445187129,0.3234220206642,0.3953304178964,98000.0000000000000,15.1439384097487
127,3.1280582649594,0.5495268854933,0.3234673680252,0.3952973973217,98000.0000000000000,15.1439384097487
128,3.1281116649603,0.5494092522736,0.3231348514661,0.3951289827772,98000.0000000000000,15.1439384097487
129,3.1281389982379,0.5494092522736,0.3230672482625,0.3951052255399,98000.0000000000000,15.1439384097487
130,3.1281523824198,0.5494092522736,0.3230071289749,0.3950839437511,98000.0000000000000,15.1439384097487
131,3.1281277300842,0.5492916190540,0.3227350238107,0.3949360002694,98000.0000000000000,15.1439384097487
132,3.1281351281825,0.5491739858344,0.3226880292828,0.3948689069550,98000.0000000000000,15.1439384097487
133,3.1281557009355,0.5491271518142,0.3226323575697,0.3948292435805,98000.0000000000000,15.1439384097487
134,3.1281381818309,0.5491271518142,0.3223218167827,0.3947180882624,98000.0000000000000,15.1439384097487
145,3.1290148873236,0.5486566189357,0.3228255261609,0.3947087328450,98000.0000000000000,15.1439384097487
146,3.1291104842695,0.5485389857160,0.3224895153082,0.3945396674224,98000.0000000000000,15.1439384097487
147,3.1291469854822,0.5484213524964,0.3223457114294,0.3944384111470,98000.0000000000000,15.1439384097487
148,3.1292176622699,0.5484681865167,0.3216220961827,0.3942010489251,98000.0000000000000,15.1439384097487
149,3.1290863586128,0.5484213524964,0.3216111702241,0.3941752171361,98000.0000000000000,15.1439384097487
150,3.1290972745753,0.5484213524964,0.3215373900887,0.3941490215479,98000.0000000000000,15.1439384097487
151,3.1290465260847,0.5484213524964,0.3214747886269,0.3941259457952,98000.0000000000000,15.1439384097487
152,3.1290179795098,0.5483037192768,0.3213541874980,0.3940320557944,98000.0000000000000,15.1439384097487
153,3.1290344624424,0.5481860860572,0.3213823113850,0.3939919190352,98000.0000000000000,15.1439384097487
154,3.1290185556450,0.5480684528376,0.3210225181886,0.3938127821479,98000.0000000000000,15.1439384097487
155,3.1289567658059,0.5480216188173,0.3210499281532,0.3938016253760,98000.0000000000000,15.1439384097487
156,3.1289914665510,0.5479747847971,0.3210057610400,0.3937662706972,98000.0000000000000,15.1439384097487
157,3.1289925281910,0.5479747847971,0.3206354725269,0.3936340398218,98000.0000000000000,15.1439384097487
158,3.1291128631177,0.5478571515775,0.3206157344496,0.3935782790027,98000.0000000000000,15.1439384097487
159,3.1292208030297,0.5477395183579,0.3205919611051,0.3935209016280,98000.0000000000000,15.1439384097487
160,3.1292730053531,0.5476218851382,0.3205666718115,0.3934621941599,98000.0000000000000,15.1439384097487
161,3.1292219072120,0.5475042519186,0.3205361101407,0.3934001420052,98000.0000000000000,15.1439384097487
162,3.1293018474732,0.5473866186990,0.3205028018062,0.3933389630838,98000.0000000000000,15.1439384097487
163,3.1292512658676,0.5472689854794,0.3204501828751,0.3932690406451,98000.0000000000000,15.1439384097487
164,3.1293322987559,0.5471513522598,0.3204679418210,0.3932261154987,98000.0000000000000,15.1439384097487
165,3.1292258746831,0.5471513522598,0.3203895340238,0.3931966068205,98000.0000000000000,15.1439384097487
166,3.1291552371615,0.5471513522598,0.3202696362734,0.3931527866791,98000.0000000000000,15.1439384097487
167,3.1291457735796,0.5470337190401,0.3202248021316,0.3930862263396,98000.0000000000000,15.1439384097487
168,3.1291168556892,0.5470337190401,0.3201542633392,0.3930606247276,98000.0000000000000,15.1439384097487
169,3.1291049826112,0.5470337190401,0.3201209485416,0.3930485585823,98000.0000000000000,15.1439384097487
170,3.1292350777003,0.5470337190401,0.3200730422855,0.3930332900419,98000.0000000000000,15.1439384097487
171,3.1289759921417,0.5470337190401,0.3199928988649,0.3930010013484,94119.1999999999971,15.1439384097487
172,3.1290172982656,0.5469160858205,0.3199168356429,0.3929240061539,94119.1999999999971,15.1439384097487
173,3.1290304433893,0.5469629198407,0.3198580393714,0.3929232652111,94119.1999999999971,15.1439384097487
174,3.1289305471522,0.5469629198407,0.3197101518041,0.3928690346977,94119.1999999999971,15.1439384097487
175,3.1289893562125,0.5468452866211,0.3190941253955,0.3925994431733,94119.1999999999971,15.1439384097487
176,3.1288834304109,0.5468452866211,0.3187603417705,0.3924787358928,94119.1999999999971,15.1439384097487
177,3.1290598317224,0.5468452866211,0.3186277328876,0.3924338716442,94119.1999999999971,15.1439384097487
178,3.1290959607314,0.5467276534015,0.3185115967190,0.3923424914273,94119.1999999999971,15.1439384097487
179,3.1290455290732,0.5466100201819,0.3184633889246,0.3922741465163,94119.1999999999971,15.1439384097487
180,3.1291248048106,0.5466100201819,0.3182633457412,0.3922038242686,94119.1999999999971,15.1439384097487
181,3.1291154291875,0.5466568542021,0.3181658116215,0.3921889297129,94119.1999999999971,15.1439384097487
182,3.1291585126066,0.5466568542021,0.3177932277151,0.3920564736595,94119.1999999999971,15.1439384097487
183,3.1291511446124,0.5465392209825,0.3170394612197,0.3917367528461,94119.1999999999971,15.1439384097487
184,3.1291124497762,0.5465392209825,0.3170215430291,0.3917298059630,94119.1999999999971,15.1439384097487
185,3.1291954623073,0.5465392209825,0.3168902357717,0.3916840851357,94119.1999999999971,15.1439384097487
186,3.1292175939759,0.5464215877629,0.3168180876882,0.3916082168877,94119.1999999999971,15.1439384097487
187,3.1292472062995,0.5464215877629,0.3167786878694,0.3915945645362,94119.1999999999971,15.1439384097487
188,3.1291656445556,0.5464215877629,0.3167778029389,0.3915930943964,94119.1999999999971,15.1439384097487
189,3.1291804030831,0.5463747537426,0.3167970002846,0.3915800877005,94119.1999999999971,15.1439384097487
190,3.1291915331343,0.5462571205230,0.3168134725988,0.3915357139224,94119.1999999999971,15.1439384097487
191,3.1292411109459,0.5462571205230,0.3167705077469,0.3915210708551,94119.1999999999971,15.1439384097487
192,3.1293200618449,0.5462571205230,0.3167222051527,0.3915049370785,94119.1999999999971,15.1439384097487
193,3.1293181988510,0.5462571205230,0.3163609373688,0.3913758865088,94119.1999999999971,15.1439384097487
194,3.1291805123223,0.5462102865028,0.3163641031356,0.3913549971616,94119.1999999999971,15.1439384097487
195,3.1291274707728,0.5461634524825,0.3163183273664,0.3913178264153,94119.1999999999971,15.1439384097487
196,3.1290653198962,0.5460458192629,0.3163555047464,0.3912798103833,94119.1999999999971,15.1439384097487
197,3.1289550557011,0.5460458192629,0.3163371588379,0.3912716980421,94119.1999999999971,15.1439384097487
198,3.1290579357657,0.5459281860433,0.3163917169459,0.3912422245898,94119.1999999999971,15.1439384097487
199,3.1291326093077,0.5458813520231,0.3163177656960,0.3911967983318,94119.1999999999971,15.1439384097487
200,3.1292514823552,0.5458813520231,0.3162889120429,0.3911881755013,94119.1999999999971,15.1439384097487
201,3.1293340962496,0.5458813520231,0.3157150497521,0.3909843936643,94119.1999999999971,15.1439384097487
202,3.1293783138531,0.5458345180028,0.3157015731566,0.3909601345476,94119.1999999999971,15.1439384097487
203,3.1294015053372,0.5457876839826,0.3157495661098,0.3909575313230,94119.1999999999971,15.1439384097487
204,3.1293345464571,0.5456700507630,0.3157299675856,0.3908991701494,94119.1999999999971,15.1439384097487
205,3.1293440417598,0.5456232167428,0.3156462650063,0.3908493390060,94119.1999999999971,15.1439384097487
206,3.1293157065388,0.5455055835231,0.3156571141533,0.3908023985229,94119.1999999999971,15.1439384097487
207,3.1293709498225,0.5455055835231,0.3153403415337,0.3906900471333,94119.1999999999971,15.1439384097487
208,3.1293799318653,0.5454587495029,0.3153618047608,0.3906777679439,94119.1999999999971,15.1439384097487
209,3.1294600154407,0.5453411162833,0.3149821154475,0.3904928835580,94119.1999999999971,15.1439384097487
210,3.1294224553227,0.5453411162833,0.3149833409618,0.3904927897685,94119.1999999999971,15.1439384097487
211,3.1292746551200,0.5452942822630,0.3150324647443,0.3904881708906,94119.1999999999971,15.1439384097487
212,3.1294345296906,0.5452474482428,0.3150452428059,0.3904749249755,94119.1999999999971,15.1439384097487
213,3.1294608588028,0.5452474482428,0.3150145451859,0.3904643340950,94119.1999999999971,15.1439384097487
214,3.1294687181048,0.5452942822630,0.3148916177384,0.3904406143667,94119.1999999999971,15.1439384097487
215,3.1294540636692,0.5451766490434,0.3149141159753,0.3903980278551,94119.1999999999971,15.1439384097487
216,3.1294160319953,0.5450590158238,0.3149325724930,0.3903536670859,94119.1999999999971,15.1439384097487
217,3.1293741696384,0.5450121818036,0.3149667295439,0.3903452019601,94119.1999999999971,15.1439384097487
218,3.1293695761167,0.5448945485840,0.3150465536398,0.3903232313308,94119.1999999999971,15.1439384097487
219,3.1293886399104,0.5448945485840,0.3148707586979,0.3902607171744,94119.1999999999971,15.1439384097487
220,3.1294398955441,0.5448945485840,0.3148320123309,0.3902476044500,94119.1999999999971,15.1439384097487
221,3.1294219895631,0.5448477145637,0.3148051457331,0.3902176841451,94119.1999999999971,15.1439384097487
222,3.1293822510722,0.5448477145637,0.3147764289612,0.3902068658581,94119.1999999999971,15.1439384097487
223,3.1293854300966,0.5447300813441,0.3148130784064,0.3901695856917,94119.1999999999971,15.1439384097487
224,3.1294916328265,0.5446124481245,0.3146130568952,0.3900492379622,94119.1999999999971,15.1439384097487
225,3.1294881529192,0.5445656141042,0.3146115157409,0.3900285665866,94119.1999999999971,15.1439384097487
226,3.1295500088499,0.5445656141042,0.3145669360119,0.3900135205121,94119.1999999999971,15.1439384097487
227,3.1294672413545,0.5444479808846,0.3145431163791,0.3899534281089,94119.1999999999971,15.1439384097487
248,3.1296948105395,0.5436016795062,0.3152968252945,0.3898631293623,94119.1999999999971,15.1439384097487
249,3.1296849837566,0.5436016795062,0.3149184083027,0.3897278413884,94119.1999999999971,15.1439384097487
250,3.1296680268750,0.5436016795062,0.3149174251784,0.3897272503338,94119.1999999999971,15.1439384097487
251,3.1296539872436,0.5436016795062,0.3149169953128,0.3897268981505,94119.1999999999971,15.1439384097487
252,3.1296330417110,0.5435548454860,0.3149084474886,0.3897034772554,94119.1999999999971,15.1439384097487
253,3.1295834938682,0.5435548454860,0.3147975739437,0.3896631784621,94119.1999999999971,15.1439384097487
254,3.1295503861149,0.5435548454860,0.3146489819599,0.3896096414240,94119.1999999999971,15.1439384097487
255,3.1296823740607,0.5435548454860,0.3140019481760,0.3893804255503,94119.1999999999971,15.1439384097487
256,3.1297019570206,0.5435080114657,0.3139834418045,0.3893540215065,92236.8159999999916,15.1439384097487
257,3.1298744019675,0.5434611774455,0.3140120065390,0.3893465915589,92236.8159999999916,15.1439384097487
258,3.1298976868980,0.5434611774455,0.3139347236355,0.3893193200021,92236.8159999999916,15.1439384097487
259,3.1298853788831,0.5433435442259,0.3136434578198,0.3891647081020,92236.8159999999916,15.1439384097487
260,3.1298993036793,0.5433435442259,0.3136292998755,0.3891598487282,92236.8159999999916,15.1439384097487
261,3.1298813782193,0.5432967102056,0.3135995641043,0.3891289034429,92236.8159999999916,15.1439384097487
262,3.1298388676628,0.5432967102056,0.3135729332405,0.3891187908986,92236.8159999999916,15.1439384097487
263,3.1298530268039,0.5431790769860,0.3135817390205,0.3890717219340,92236.8159999999916,15.1439384097487
264,3.1298599894211,0.5431790769860,0.3131814756906,0.3889288692653,92236.8159999999916,15.1439384097487
265,3.1300200805896,0.5431790769860,0.3130544167955,0.3888857563677,92236.8159999999916,15.1439384097487
266,3.1300900457040,0.5430614437664,0.3129624284263,0.3888034791435,92236.8159999999916,15.1439384097487
267,3.1301518417598,0.5430146097462,0.3129792888453,0.3887903034088,92236.8159999999916,15.1439384097487
268,3.1302388735657,0.5428969765266,0.3129521986346,0.3887314455908,92236.8159999999916,15.1439384097487
269,3.1301728828412,0.5427793433069,0.3129255967560,0.3886705969185,92236.8159999999916,15.1439384097487
270,3.1301582239630,0.5427325092867,0.2919538386430,0.3811604041616,92236.8159999999916,15.1439384097487
271,3.1301880932648,0.5426148760671,0.2918044972476,0.3810570763606,92236.8159999999916,15.1439384097487
272,3.1302190543316,0.5424972428475,0.2918086872715,0.3810085966578,92236.8159999999916,15.1439384097487
273,3.1303801946544,0.5424972428475,0.2910342371036,0.3807342874369,92236.8159999999916,15.1439384097487
274,3.1301448133418,0.5424972428475,0.2905089530591,0.3805433553626,92236.8159999999916,15.1439384097487
275,3.1301553732623,0.5423796096278,0.2903781965678,0.3804463918009,92236.8159999999916,15.1439384097487
276,3.1301959128074,0.5423327756076,0.2904050934019,0.3804364997220,92236.8159999999916,15.1439384097487
277,3.1303030801643,0.5423327756076,0.2903828312986,0.3804300653817,92236.8159999999916,15.1439384097487
278,3.1303418529925,0.5422151423880,0.2903886834786,0.3803822898420,92236.8159999999916,15.1439384097487
279,3.1303388967252,0.5420975091684,0.2901942421043,0.3802623904260,92236.8159999999916,15.1439384097487
280,3.1303600364246,0.5419798759487,0.2901606829474,0.3802002899012,92236.8159999999916,15.1439384097487
281,3.1304703206776,0.5419798759487,0.2901057254427,0.3801822227357,92236.8159999999916,15.1439384097487
282,3.1304260033640,0.5419798759487,0.2900519797328,0.3801624007523,92236.8159999999916,15.1439384097487
283,3.1305297127155,0.5419798759487,0.2900108375536,0.3801491745973,92236.8159999999916,15.1439384097487
284,3.1305189449664,0.5419798759487,0.2899386337067,0.3801232351462,92236.8159999999916,15.1439384097487
285,3.1304236972457,0.5419798759487,0.2899119290043,0.3801123500036,92236.8159999999916,15.1439384097487
286,3.1304204013654,0.5419798759487,0.2899063528552,0.3801103118853,92236.8159999999916,15.1439384097487
287,3.1304295627258,0.5418622427291,0.2898345174101,0.3800343717648,92236.8159999999916,15.1439384097487
288,3.1304897940030,0.5417446095095,0.2899319261653,0.3800195986375,92236.8159999999916,15.1439384097487
289,3.1306392669177,0.5417446095095,0.2898238770508,0.3799831246998,92236.8159999999916,15.1439384097487
290,3.1306940523519,0.5416269762899,0.2898163467264,0.3799307962715,92236.8159999999916,15.1439384097487
291,3.1307227294857,0.5415093430703,0.2897659312386,0.3798627822826,92236.8159999999916,15.1439384097487
292,3.1308131878729,0.5415093430703,0.2891818643957,0.3796554669617,92236.8159999999916,15.1439384097487
293,3.1308048448355,0.5415093430703,0.2891102861616,0.3796297852533,92236.8159999999916,15.1439384097487
294,3.1308349950502,0.5415093430703,0.2884031039188,0.3793776467901,92236.8159999999916,15.1439384097487
325,3.1321778857077,0.5400335232639,0.2900820404277,0.3793637745820,92236.8159999999916,15.1439384097487
326,3.1321886874556,0.5399158900443,0.2901140622885,0.3793249495679,92236.8159999999916,15.1439384097487
327,3.1323000533478,0.5399158900443,0.2897535591154,0.3791977742545,92236.8159999999916,15.1439384097487
328,3.1323591993998,0.5397982568247,0.2896387394637,0.3791071899117,92236.8159999999916,15.1439384097487
329,3.1324117403597,0.5396806236050,0.2896788973717,0.3790718612358,92236.8159999999916,15.1439384097487
330,3.1324172614863,0.5395629903854,0.2894804874677,0.3789506644424,92236.8159999999916,15.1439384097487
331,3.1323418018581,0.5395629903854,0.2894504409750,0.3789388658035,92236.8159999999916,15.1439384097487
332,3.1322917384340,0.5395629903854,0.2894312216968,0.3789312933815,92236.8159999999916,15.1439384097487
333,3.1322500793535,0.5394453571658,0.2894485388124,0.3788864743554,92236.8159999999916,15.1439384097487
334,3.1321274523546,0.5394453571658,0.2894236155156,0.3788758380142,92236.8159999999916,15.1439384097487
335,3.1321917792597,0.5393277239462,0.2892380112500,0.3787600467609,92236.8159999999916,15.1439384097487
336,3.1323303260891,0.5393277239462,0.2890435707754,0.3786925641626,92236.8159999999916,15.1439384097487
337,3.1325086234869,0.5393277239462,0.2889326929100,0.3786554878212,92236.8159999999916,15.1439384097487
338,3.1324597999094,0.5393277239462,0.2888394561682,0.3786214981345,92236.8159999999916,15.1439384097487
339,3.1325406871783,0.5393277239462,0.2886349241708,0.3785495955420,92236.8159999999916,15.1439384097487
21846,3.4926697135244,0.0602545756524,0.7750956043359,0.3520642907938,42.7378889163247,15.1439384097487
22494,3.4988583696135,0.0535635802704,0.7744550958076,0.3490555373677,33.5371361697601,15.1439384097487
22495,3.4987967906237,0.0535421162846,0.7744299238083,0.3490364771783,33.5371361697601,15.1439384097487
22496,3.4989035151639,0.0535421162846,0.7743727519773,0.3490175688124,33.5371361697601,15.1439384097487
22501,3.4989269942197,0.0535352297389,0.7743084643982,0.3489919898130,33.5371361697601,15.1439384097487
22502,3.4989023989141,0.0535247291340,0.7743055132046,0.3489860875341,33.5371361697601,15.1439384097487
23265,3.5056899572400,0.0461375094875,0.7717478271905,0.3450027204620,25.7908085862104,15.1439384097487
23266,3.5057409523491,0.0461375094875,0.7717269794871,0.3449959964310,25.7908085862104,15.1439384097487
23284,3.5058436602527,0.0462701829230,0.7715242758779,0.3449819156386,25.7908085862104,15.1439384097487
23285,3.5057290639996,0.0462701829230,0.7712103796463,0.3448681883123,25.7908085862104,15.1439384097487
23287,3.5057828502043,0.0463282888413,0.7711311190188,0.3448655445530,25.7908085862104,15.1439384097487
23288,3.5057684913490,0.0462106556216,0.7712550985348,0.3448592055377,25.7908085862104,15.1439384097487
23292,3.5061754903329,0.0462106556216,0.7711893514404,0.3448414834409,24.7694925661964,15.1439384097487
23293,3.5062625958649,0.0462056532348,0.7711876608282,0.3448399683082,24.7694925661964,15.1439384097487
23448,3.5064403588682,0.0447760173588,0.7726355182811,0.3447468745006,24.2741027148725,15.1439384097487
23449,3.5064599587576,0.0448228513790,0.7724068181947,0.3446855449584,24.2741027148725,15.1439384097487
23450,3.5064868209763,0.0448228513790,0.7723808311739,0.3446766439781,24.2741027148725,15.1439384097487
23451,3.5064687444393,0.0447760173588,0.7723728720023,0.3446534739121,24.2741027148725,15.1439384097487
23452,3.5064976911441,0.0447760173588,0.7721477234624,0.3445734733132,24.2741027148725,15.1439384097487
23737,3.5094861251195,0.0424307353434,0.7738113231619,0.3442047813399,21.5030289422800,15.1439384097487
23742,3.5092924315337,0.0423889202377,0.7738539884602,0.3441993574356,21.5030289422800,15.1439384097487
23743,3.5092439807896,0.0424357542579,0.7737054320168,0.3441656877111,21.5030289422800,15.1439384097487
23752,3.5092079006161,0.0424927638381,0.7734920231923,0.3441133924190,21.5030289422800,15.1439384097487
23756,3.5089564643758,0.0424927638381,0.7734424201385,0.3440921192366,21.5030289422800,15.1439384097487
23757,3.5089788270988,0.0425201557624,0.7733757145483,0.3440803516387,21.5030289422800,15.1439384097487
23758,3.5089656437466,0.0424733217422,0.7732518287347,0.3440158484388,21.5030289422800,15.1439384097487
23787,3.5086318959737,0.0426796206155,0.7728794988033,0.3439665647575,21.5030289422800,15.1439384097487
23788,3.5086245275733,0.0426796206155,0.7727670003340,0.3439262824704,21.5030289422800,15.1439384097487
23789,3.5086265986192,0.0426796206155,0.7726373408038,0.3438800048005,21.5030289422800,15.1439384097487
23791,3.5086189770647,0.0426796206155,0.7725795720516,0.3438592652588,21.5030289422800,15.1439384097487
23811,3.5085957055080,0.0425292515120,0.7727402918728,0.3438518920025,20.6515089961657,15.1439384097487
23812,3.5085661385407,0.0425093631680,0.7726140209810,0.3437978533088,20.6515089961657,15.1439384097487
23813,3.5084389744905,0.0425093631680,0.7725183945154,0.3437619016368,20.6515089961657,15.1439384097487
23821,3.5087499148295,0.0423448959281,0.7725653190697,0.3437125742312,20.6515089961657,15.1439384097487
23822,3.5087542210403,0.0423448959281,0.7725463748090,0.3437058693564,20.6515089961657,15.1439384097487
23825,3.5088586245962,0.0423383178996,0.7724444963475,0.3436681423399,20.6515089961657,15.1439384097487
23826,3.5086763807770,0.0422914838794,0.7724963687365,0.3436640177323,20.6515089961657,15.1439384097487
23827,3.5084346397953,0.0422914838794,0.7723581484829,0.3436112327373,20.6515089961657,15.1439384097487
23828,3.5085239465371,0.0422914838794,0.7722124726549,0.3435604693403,20.6515089961657,15.1439384097487
23829,3.5085683543068,0.0422640919551,0.7722025246032,0.3435458054355,20.6515089961657,15.1439384097487
23830,3.5085396739110,0.0422640919551,0.7721405590803,0.3435232690660,20.6515089961657,15.1439384097487
23833,3.5089775435997,0.0423109259753,0.7719358036476,0.3434764096754,20.6515089961657,15.1439384097487
23834,3.5090816012915,0.0423109259753,0.7719242253890,0.3434737469924,20.6515089961657,15.1439384097487
23835,3.5088543913247,0.0422640919551,0.7717960517885,0.3434046839778,20.6515089961657,15.1439384097487
23836,3.5087685592947,0.0422640919551,0.7713138731646,0.3432312628089,20.6515089961657,15.1439384097487
23862,3.5088587942251,0.0420194047213,0.7713891904591,0.3431545727036,20.6515089961657,15.1439384097487
23907,3.5091470627349,0.0416353282925,0.7718139946783,0.3431457632925,20.2384788162423,15.1439384097487
23908,3.5091326196868,0.0415884942723,0.7717696455164,0.3431096482150,20.2384788162423,15.1439384097487
23911,3.5091302416025,0.0414240270325,0.7716125482043,0.3429830224224,20.2384788162423,15.1439384097487
23913,3.5091954712225,0.0414240270325,0.7713263340675,0.3428817260826,20.2384788162423,15.1439384097487
23918,3.5094045585095,0.0413613815032,0.7713827919351,0.3428780000939,20.2384788162423,15.1439384097487
23923,3.5093449463594,0.0413808235991,0.6595682262181,0.3029517154424,20.2384788162423,15.1439384097487
23939,3.5101976235977,0.0413922662835,0.6592894139981,0.3028691089830,20.2384788162423,15.1439384097487
23940,3.5101993306377,0.0413922662835,0.6592638316090,0.3028599965699,20.2384788162423,15.1439384097487
23941,3.5102401491777,0.0413922662835,0.6591975890188,0.3028369160816,20.2384788162423,15.1439384097487
23942,3.5103055878414,0.0414391003038,0.6588534776066,0.3027350168244,20.2384788162423,15.1439384097487
23947,3.5102519315207,0.0414104247273,0.6588631795957,0.3027254330543,20.2384788162423,15.1439384097487
23948,3.5101010742437,0.0414104247273,0.6585020990732,0.3025943411045,20.2384788162423,15.1439384097487
23949,3.5100175568635,0.0414104247273,0.6584828150566,0.3025862721904,20.2384788162423,15.1439384097487
23956,3.5095741738337,0.0411328473511,0.6586503765559,0.3025208800102,20.2384788162423,15.1439384097487
23957,3.5095286109873,0.0411328473511,0.6583392519706,0.3024091193756,20.2384788162423,15.1439384097487
23966,3.5096993196364,0.0410860133309,0.6580132248157,0.3022750248990,20.2384788162423,15.1439384097487
23969,3.5094607846426,0.0410391793106,0.6580408337308,0.3022614382487,20.2384788162423,15.1439384097487
23970,3.5094557853736,0.0410860133309,0.6579318296213,0.3022425091932,20.2384788162423,15.1439384097487
23971,3.5093964971502,0.0411328473511,0.6575803474168,0.3021362126330,19.8337092399175,15.1439384097487
23972,3.5094612164815,0.0412327683751,0.6573063263322,0.3020820870302,19.4370350551191,15.1439384097487
23973,3.5094809673165,0.0412327683751,0.6572976713216,0.3020792754279,19.4370350551191,15.1439384097487
24060,3.5117411293204,0.0399831357861,0.6578244190444,0.3017638239318,19.0482943540168,15.1439384097487
24061,3.5118594213897,0.0399831357861,0.6577184677686,0.3017276580153,19.0482943540168,15.1439384097487
24062,3.5119282054868,0.0399831357861,0.6577103267206,0.3017257237885,19.0482943540168,15.1439384097487
24063,3.5120011146093,0.0399561901099,0.6577030736915,0.3017126169333,19.0482943540168,15.1439384097487
24077,3.5123625638601,0.0397336004241,0.6577138447593,0.3016261826462,19.0482943540168,15.1439384097487
24082,3.5125926934371,0.0396867664038,0.6576964423494,0.3016031520950,19.0482943540168,15.1439384097487
24084,3.5126274525967,0.0396648396422,0.6575989720555,0.3015594359319,19.0482943540168,15.1439384097487
24085,3.5127315605704,0.0396648396422,0.6574232469436,0.3014981500843,19.0482943540168,15.1439384097487
25208,3.5168832225365,0.0310207758160,0.6581985080709,0.2981291760144,12.7167931590791,15.1439384097487
25215,3.5165022274311,0.0310434903984,0.5541298133273,0.2609661288004,12.7167931590791,15.1439384097487
25216,3.5165757930650,0.0310434903984,0.5540869780527,0.2609518714368,12.7167931590791,15.1439384097487
25218,3.5167759333167,0.0309966563782,0.5539520620265,0.2608864473899,12.7167931590791,15.1439384097487
25219,3.5168382198863,0.0309916539914,0.5539034502093,0.2608678234974,12.7167931590791,15.1439384097487
25220,3.5168528074221,0.0309916539914,0.5538789904497,0.2608592942816,12.7167931590791,15.1439384097487
25232,3.5166828735522,0.0309405888775,0.5528220303728,0.2604575189382,12.7167931590791,15.1439384097487
25234,3.5167789621716,0.0309874228977,0.5526837363300,0.2604295595791,12.7167931590791,15.1439384097487
25235,3.5167283100797,0.0310348739524,0.5519990823402,0.2602046597396,12.7167931590791,15.1439384097487
25237,3.5168167675683,0.0310348739524,0.5519849712549,0.2602008717338,12.7167931590791,15.1439384097487
25299,3.5171671728602,0.0304009536444,0.5523607573620,0.2600683591372,12.4624572958976,15.1439384097487
25404,3.5179164804836,0.0302454113679,0.5525099314164,0.2600655772622,11.9689439869800,15.1439384097487
25405,3.5178221496156,0.0301382787532,0.5525185580230,0.2600214094400,11.9689439869800,15.1439384097487
25407,3.5179678406283,0.0301623981910,0.5523758131882,0.2599828275618,11.9689439869800,15.1439384097487
25408,3.5179412582253,0.0301185446677,0.5522984396422,0.2599360236462,11.9689439869800,15.1439384097487
25409,3.5179198203385,0.0301185446677,0.4583712867011,0.2263903085368,11.9689439869800,15.1439384097487
25411,3.5178615094988,0.0301185446677,0.4583601448519,0.2263855042105,11.9689439869800,15.1439384097487
25412,3.5180241274279,0.0300717106475,0.4582584406525,0.2263314105920,11.9689439869800,15.1439384097487
25413,3.5181171886526,0.0300717106475,0.4580661291612,0.2262640447266,11.9689439869800,15.1439384097487
25505,3.5180671707331,0.0291439386784,0.4589181468228,0.2261700124402,11.2650743289937,15.1439384097487
25506,3.5181077586264,0.0291439386784,0.4588313224273,0.2261395780435,11.2650743289937,15.1439384097487
25515,3.5179916300775,0.0292805346904,0.4586494373322,0.2261315170178,11.2650743289937,15.1439384097487
25561,3.5190393862740,0.0293444473440,0.4578206845549,0.2258777507004,11.2650743289937,15.1439384097487
25575,3.5190917567624,0.0292711304235,0.4578040305419,0.2258411223401,11.2650743289937,15.1439384097487
25621,3.5196536245115,0.0289837025323,0.4581109453564,0.2258355017829,11.0397728424138,15.1439384097487
25622,3.5195661338861,0.0289837025323,0.4579818171982,0.2257881465971,11.0397728424138,15.1439384097487
25623,3.5196289327411,0.0289837025323,0.4579370934788,0.2257730624397,11.0397728424138,15.1439384097487
25626,3.5197216126642,0.0289028820315,0.4580228879469,0.2257703773784,11.0397728424138,15.1439384097487
25628,3.5197375944882,0.0288847235877,0.4578882727495,0.2257147444738,11.0397728424138,15.1439384097487
25634,3.5196226459346,0.0287620714536,0.4579821748967,0.2256940892402,11.0397728424138,15.1439384097487
25636,3.5198387162658,0.0287620714536,0.4579644418487,0.2256908133895,11.0397728424138,15.1439384097487
25637,3.5198887032288,0.0287620714536,0.4579284519746,0.2256786671752,11.0397728424138,15.1439384097487
25659,3.5200991119633,0.0288843654873,0.4577426825464,0.2256677099491,11.0397728424138,15.1439384097487
25660,3.5200273512822,0.0288843654873,0.4577085438833,0.2256545021606,11.0397728424138,15.1439384097487
25671,3.5204588236187,0.0288834234079,0.4574739412488,0.2255764170618,10.8189773855655,15.1439384097487
25672,3.5204360469770,0.0289302574281,0.4573110427820,0.2255379884729,10.8189773855655,15.1439384097487
25673,3.5204168762332,0.0288834234079,0.4572120692542,0.2254822977967,10.6025978378542,15.1439384097487
27508,3.5282365313671,0.0195149225166,0.4592588370678,0.2223088620874,5.6678798479623,15.1439384097487
27517,3.5283834778892,0.0196372330780,0.4589258048068,0.2222444200897,5.6678798479623,15.1439384097487
27524,3.5285943287672,0.0195476584004,0.4590092680867,0.2222388227822,5.6678798479623,15.1439384097487
27525,3.5284806694767,0.0195476584004,0.4585864709825,0.2220862155451,5.6678798479623,15.1439384097487
27528,3.5285481855021,0.0196262696972,0.4580597821423,0.2219327582909,5.6678798479623,15.1439384097487
27530,3.5286430036157,0.0196731037175,0.4575229356946,0.2217624408096,5.6678798479623,15.1439384097487
27531,3.5286742518708,0.0196731037175,0.4575050926470,0.2217565104534,5.6678798479623,15.1439384097487
27532,3.5286295408187,0.0196731037175,0.4574621879019,0.2217405546717,5.6678798479623,15.1439384097487
27533,3.5284776090455,0.0196806403531,0.4573938667508,0.2217172344229,5.6678798479623,15.1439384097487
27542,3.5286361323926,0.0196254818764,0.4571216652246,0.2215986233397,5.5545222510030,15.1439384097487
27543,3.5286322067245,0.0196555457805,0.4570019408016,0.2215686935996,5.4434318059830,15.1439384097487
27544,3.5285781745474,0.0196387921920,0.4569998050146,0.2215599861575,5.4434318059830,15.1439384097487
27545,3.5285693996671,0.0197564254116,0.4565008173999,0.2214320663681,5.4434318059830,15.1439384097487
27547,3.5285121657273,0.0197564254116,0.4564999049581,0.2214309306396,5.4434318059830,15.1439384097487
27548,3.5283874348674,0.0197703692894,0.4563049265255,0.2213655064994,5.4434318059830,15.1439384097487
27555,3.5282718944741,0.0196867390780,0.4564054524410,0.2213639322041,5.4434318059830,15.1439384097487
27556,3.5282092792045,0.0196178240375,0.4564640346502,0.2213544334025,5.4434318059830,15.1439384097487
29879,3.5382522187585,0.0144515704828,0.4558383023800,0.2190589558474,2.4261397548061,15.1439384097487
34883,3.5661318089955,0.0063635924700,0.4520502483714,0.2146342974593,0.4018246275979,15.1439384097487
34884,3.5660500093626,0.0064498946612,0.4515263829645,0.2144830318652,0.4018246275979,15.1439384097487
34885,3.5659960554499,0.0064498946612,0.4512429711964,0.2143810499323,0.4018246275979,15.1439384097487
34889,3.5661252927341,0.0064030606410,0.4510270153452,0.2142856798185,0.4018246275979,15.1439384097487
34895,3.5661717239433,0.0064678988464,0.4507732161098,0.2142234820353,0.4018246275979,15.1439384097487
34898,3.5661342354047,0.0063786161582,0.4508420288671,0.2142092635505,0.4018246275979,15.1439384097487
34903,3.5661191923159,0.0064692871740,0.4496787314847,0.2138324463477,0.4018246275979,15.1439384097487
34904,3.5661030053297,0.0065161211942,0.4496151160308,0.2138295692210,0.4018246275979,15.1439384097487
34906,3.5660456944315,0.0064381269318,0.4496929358575,0.2138231249584,0.4018246275979,15.1439384097487
34910,3.5661121620041,0.0065985173366,0.4493975959449,0.2137873256748,0.4018246275979,15.1439384097487
34911,3.5659865984737,0.0067161505562,0.4489625189253,0.2136805785464,0.4018246275979,15.1439384097487
34942,3.5661082870257,0.0066411367909,0.4490131648421,0.2136682395021,0.3937881350459,15.1439384097487
34946,3.5662253880269,0.0067824266724,0.4488299683022,0.2136650219441,0.3937881350459,15.1439384097487
34954,3.5665468668164,0.0065690869948,0.4489013850348,0.2136036455330,0.3937881350459,15.1439384097487
34972,3.5664592880772,0.0068295692099,0.4484079270876,0.2135378065536,0.3937881350459,15.1439384097487
34973,3.5664125744972,0.0068295692099,0.4482299749288,0.2134735912171,0.3937881350459,15.1439384097487
34978,3.5661433654856,0.0070364685899,0.4477718209974,0.2133948266864,0.3937881350459,15.1439384097487
35017,3.5661611887193,0.0065775161267,0.3651947606051,0.1837065776882,0.3937881350459,15.1439384097487
35019,3.5661120445422,0.0066144831043,0.3650859780923,0.1836828743943,0.3937881350459,15.1439384097487
35022,3.5662156377705,0.0065322577482,0.3651499958154,0.1836719642658,0.3859123723450,15.1439384097487
35026,3.5661316086134,0.0064971584019,0.2922614975097,0.1576241261441,0.3781941248981,15.1439384097487
35027,3.5660885798062,0.0064971584019,0.2922152744931,0.1576070090691,0.3781941248981,15.1439384097487
35045,3.5665792912398,0.0064564396343,0.2922405062770,0.1576055130541,0.3781941248981,15.1439384097487
35046,3.5666529385226,0.0064096056140,0.2922115182879,0.1575761305820,0.3781941248981,15.1439384097487
35299,3.5702929763020,0.0056029597206,0.2925386112554,0.1573987504068,0.3488342191051,15.1439384097487
35300,3.5702061959112,0.0056787778345,0.2924020134058,0.1573812310012,0.3488342191051,15.1439384097487
35301,3.5702673148629,0.0057010131133,0.2923654368212,0.1573785621696,0.3488342191051,15.1439384097487
36165,3.5762364466814,0.0047506808204,0.2919511714164,0.1569077877864,0.2576381761764,15.1439384097487
36166,3.5762658687166,0.0048590640318,0.2916557499093,0.1568491463729,0.2576381761764,15.1439384097487
36167,3.5763836747065,0.0048247525064,0.2915866399991,0.1568114262694,0.2576381761764,15.1439384097487
36168,3.5762723101585,0.0049336150213,0.2909922755322,0.1566442328082,0.2576381761764,15.1439384097487
36169,3.5762120316445,0.0049754466547,0.2907900463705,0.1565890830136,0.2576381761764,15.1439384097487
36170,3.5762650431026,0.0049955057852,0.2907094539495,0.1565696468848,0.2576381761764,15.1439384097487
36196,3.5765454967228,0.0051139102979,0.2901209787609,0.1564141903657,0.2576381761764,15.1439384097487
36198,3.5765007858784,0.0051229895198,0.2900991723548,0.1564096608032,0.2576381761764,15.1439384097487
36199,3.5766173825630,0.0051229895198,0.2898397949737,0.1563186758595,0.2576381761764,15.1439384097487
36200,3.5766029082250,0.0050163362087,0.2899509916743,0.1563124755941,0.2576381761764,15.1439384097487
36202,3.5769180673187,0.0050163362087,0.2898074711260,0.1562656777354,0.2576381761764,15.1439384097487
36371,3.5777434569819,0.0043265191863,0.2902377625188,0.1561353965746,0.2424869903119,15.1439384097487
36378,3.5779611097646,0.0043420387058,0.2901030013761,0.1560969985900,0.2424869903119,15.1439384097487
36385,3.5784581678776,0.0044596719254,0.2898755291398,0.1560732060816,0.2376372505056,15.1439384097487
36393,3.5781456665977,0.0044493255791,0.2898817638591,0.1560665767465,0.2328845054955,15.1439384097487
36395,3.5783204321696,0.0044024915589,0.2897256308227,0.1559932161459,0.2328845054955,15.1439384097487
36400,3.5781537978364,0.0044012409622,0.2897240079570,0.1559897427163,0.2328845054955,15.1439384097487
36401,3.5781539903923,0.0043725819134,0.2897123641241,0.1559733044798,0.2328845054955,15.1439384097487
36407,3.5779383950139,0.0043725819134,0.2897204490272,0.1559731412850,0.2328845054955,15.1439384097487
36408,3.5779660267168,0.0044089318564,0.2896058620493,0.1559481868981,0.2328845054955,15.1439384097487
36409,3.5781363631677,0.0044089318564,0.2895553860466,0.1559325700036,0.2328845054955,15.1439384097487
36413,3.5781994061661,0.0044040837282,0.2894837120301,0.1559057864256,0.2328845054955,15.1439384097487
36415,3.5781767718480,0.0043624228812,0.2893543541279,0.1558414122520,0.2328845054955,15.1439384097487
36416,3.5781156343746,0.0044092569014,0.2892239406825,0.1558140426533,0.2328845054955,15.1439384097487
36419,3.5783126983451,0.0044814609561,0.2891254754926,0.1558126095509,0.2328845054955,15.1439384097487
36420,3.5783845763681,0.0044582835978,0.2889654133062,0.1557465284000,0.2328845054955,15.1439384097487
36432,3.5781427076298,0.0044465158684,0.2889562713204,0.1557347976660,0.2328845054955,15.1439384097487
39362,3.5854766482246,0.0040329760424,0.2859563615211,0.1545899447234,0.0831132863463,15.1439384097487
39365,3.5855273979019,0.0039989730342,0.2858823663691,0.1545496632701,0.0831132863463,15.1439384097487
39367,3.5855134763038,0.0041166062538,0.2856869759624,0.1545300982293,0.0831132863463,15.1439384097487
39368,3.5856869638445,0.0041535732314,0.2850720092785,0.1543287650982,0.0831132863463,15.1439384097487
39369,3.5856683456070,0.0041067392111,0.2850758038868,0.1543097851457,0.0831132863463,15.1439384097487
40580,3.5857294231349,0.0050990243406,0.2824471873215,0.1537971228136,0.0532898036596,15.1439384097487
40588,3.5859010285751,0.0051020048376,0.2824192459917,0.1537908493286,0.0532898036596,15.1439384097487
40643,3.5869957931117,0.0052215056885,0.2821207766952,0.1537509586465,0.0522240075864,15.1439384097487
40655,3.5871143239076,0.0049332899764,0.2824325082244,0.1537404475189,0.0511795274347,15.1439384097487
40656,3.5870985926752,0.0048864559561,0.2824856509069,0.1537391327295,0.0511795274347,15.1439384097487
40657,3.5870775069388,0.0048864559561,0.2824709771126,0.1537335937270,0.0511795274347,15.1439384097487
40661,3.5869252125113,0.0047927879157,0.2823753037947,0.1536571262830,0.0511795274347,15.1439384097487
40695,3.5863396350974,0.0049083992455,0.2819106911299,0.1535324550200,0.0511795274347,15.1439384097487
40696,3.5862643905307,0.0048482549096,0.2819350552763,0.1535143156513,0.0511795274347,15.1439384097487
40700,3.5864549580887,0.0047885568220,0.2819746239148,0.1535055589314,0.0511795274347,15.1439384097487
40701,3.5865449360773,0.0049061900416,0.2817153284889,0.1534646408416,0.0511795274347,15.1439384097487
40702,3.5865298604199,0.0049061900416,0.2815487618523,0.1534049394376,0.0511795274347,15.1439384097487
40710,3.5868856282096,0.0050451329883,0.2812192407146,0.1533518343846,0.0511795274347,15.1439384097487
40711,3.5868289086167,0.0050919670086,0.2811047022364,0.1533301969297,0.0511795274347,15.1439384097487
40716,3.5869854616714,0.0050745963856,0.2810798996880,0.1533161095393,0.0511795274347,15.1439384097487
40717,3.5869682489995,0.0051118718804,0.2810326557472,0.1533149683572,0.0511795274347,15.1439384097487
40721,3.5867786051048,0.0050665969741,0.2808933261575,0.1532431208097,0.0511795274347,15.1439384097487
40726,3.5868079559366,0.0049489637545,0.2809799868782,0.1532240721424,0.0511795274347,15.1439384097487
41529,3.5893978388386,0.0059500361164,0.2791378423423,0.1530318410615,0.0377996176513,15.1439384097487
41531,3.5893697794582,0.0059968701366,0.2788652255628,0.1529541526105,0.0377996176513,15.1439384097487
41599,3.5895792711679,0.0058341327970,0.2788604398212,0.1528856631367,0.0370436252982,15.1439384097487
41605,3.5892788420182,0.0059409568945,0.2177350184463,0.1310966862065,0.0370436252982,15.1439384097487
41610,3.5896198488830,0.0057974908645,0.2177200430118,0.1310346776199,0.0370436252982,15.1439384097487
41611,3.5896094831567,0.0057860481801,0.2177329316669,0.1310342300291,0.0370436252982,15.1439384097487
41630,3.5890753379947,0.0056272334170,0.1667283931645,0.1127427018329,0.0370436252982,15.1439384097487
41640,3.5888750550412,0.0054875191771,0.1660336653590,0.1124318732378,0.0370436252982,15.1439384097487
41641,3.5889034264790,0.0054406851569,0.1660653623062,0.1124235233070,0.0370436252982,15.1439384097487
41647,3.5886969785066,0.0054406851569,0.1656609827481,0.1122761808113,0.0370436252982,15.1439384097487
41666,3.5885298039484,0.0053452872161,0.1654161361844,0.1121454852694,0.0363027527923,15.1439384097487
41667,3.5883768238010,0.0053542121794,0.1653583741481,0.1121265162962,0.0363027527923,15.1439384097487
41668,3.5883895533020,0.0054010461996,0.1652947008019,0.1121240276599,0.0363027527923,15.1439384097487
41669,3.5884026864559,0.0054010461996,0.1652562708849,0.1121104885228,0.0363027527923,15.1439384097487
41674,3.5882011585263,0.0052425399538,0.1653948533755,0.1120891994145,0.0355766977364,15.1439384097487
41678,3.5884375691697,0.0053133391531,0.1650545534951,0.1120013514518,0.0355766977364,15.1439384097487
41679,3.5884010180607,0.0053601731734,0.1644846807957,0.1118173800149,0.0355766977364,15.1439384097487
41680,3.5885679581947,0.0054070071936,0.1644050682226,0.1118113808677,0.0355766977364,15.1439384097487
41681,3.5886037921113,0.0055246404132,0.1642545952156,0.1118085617926,0.0355766977364,15.1439384097487
41693,3.5888852489431,0.0055377964702,0.1642264858166,0.1118081436270,0.0355766977364,15.1439384097487
41738,3.5897098686552,0.0054579180489,0.1642518299755,0.1117946298169,0.0355766977364,15.1439384097487
41739,3.5896399455425,0.0055047520691,0.1640156691776,0.1117293689903,0.0355766977364,15.1439384097487
41741,3.5896451599581,0.0055152526741,0.1638841675115,0.1116869781525,0.0355766977364,15.1439384097487
41774,3.5892502390959,0.0056950851748,0.1634983217369,0.1116206590581,0.0348651637817,15.1439384097487
41775,3.5893115041699,0.0056950851748,0.1634819889069,0.1116156928012,0.0348651637817,15.1439384097487
42229,3.5914553259146,0.0045941083166,0.1643475206112,0.1114832989762,0.0296619921217,15.1439384097487
42230,3.5914251987349,0.0045941083166,0.1639707707316,0.1113483191502,0.0296619921217,15.1439384097487
42231,3.5914463883021,0.0045944168339,0.1638823366487,0.1113171676018,0.0296619921217,15.1439384097487
42232,3.5914822547088,0.0045944168339,0.1638479772927,0.1113054039105,0.0296619921217,15.1439384097487
42234,3.5915191929441,0.0045525852005,0.1635211702698,0.1111712819473,0.0296619921217,15.1439384097487
42235,3.5915545557713,0.0045510260865,0.1635103003550,0.1111672320248,0.0296619921217,15.1439384097487
42236,3.5915732710720,0.0046686593061,0.1631002679447,0.1110714709355,0.0296619921217,15.1439384097487
42830,3.5957340627449,0.0046483963340,0.1216667642608,0.0963239818410,0.0242360071608,15.1439384097487
42837,3.5957812866276,0.0046483963340,0.1216239575550,0.0963093619465,0.0242360071608,15.1439384097487
42898,3.5961807584624,0.0042345645184,0.0933436821950,0.0860375596110,0.0232762612772,15.1439384097487
42899,3.5962263066920,0.0042345645184,0.0933218314678,0.0860304002843,0.0232762612772,15.1439384097487
42919,3.5967711469528,0.0043673922126,0.0923219178065,0.0857379238702,0.0232762612772,15.1439384097487
42920,3.5967836348792,0.0043673922126,0.0919210691867,0.0855949403522,0.0232762612772,15.1439384097487
42921,3.5968407048600,0.0043432727748,0.0918229803499,0.0855503792593,0.0232762612772,15.1439384097487
42922,3.5970176818907,0.0042964387545,0.0916537856922,0.0854723850860,0.0232762612772,15.1439384097487
42924,3.5969466841364,0.0044140719742,0.0914295143444,0.0854416977996,0.0232762612772,15.1439384097487
42925,3.5970773879233,0.0044140719742,0.0911326016968,0.0853375070181,0.0232762612772,15.1439384097487
42926,3.5970108937477,0.0043672379539,0.0911334447393,0.0853167954936,0.0232762612772,15.1439384097487
42928,3.5969387951637,0.0044469621166,0.0910152227132,0.0853077206496,0.0232762612772,15.1439384097487
42930,3.5969099715276,0.0044640242223,0.0908335489370,0.0852497416366,0.0232762612772,15.1439384097487
42969,3.5976260603773,0.0043686428093,0.0899357396966,0.0848983503401,0.0228107360517,15.1439384097487
42970,3.5976457330756,0.0043686428093,0.0897846331119,0.0848446620701,0.0228107360517,15.1439384097487
42971,3.5975941779692,0.0042928412231,0.0898130181782,0.0848215836984,0.0228107360517,15.1439384097487
42972,3.5975311664066,0.0043067851009,0.0895768573802,0.0847423248945,0.0228107360517,15.1439384097487
43151,3.5992004366633,0.0041371281601,0.0896297933154,0.0847121405305,0.0214692822859,15.1439384097487
43153,3.5992724232528,0.0041371281601,0.0896060212207,0.0847046691021,0.0214692822859,15.1439384097487
43157,3.5992485308084,0.0041750372171,0.0894873964844,0.0846782117871,0.0214692822859,15.1439384097487
43219,3.5998827926899,0.0041395246781,0.0892614223449,0.0845912618408,0.0206190987074,15.1439384097487
43220,3.5999450830989,0.0041863586983,0.0891961670857,0.0845889095192,0.0206190987074,15.1439384097487
43221,3.5999491002717,0.0040989601691,0.0891519855431,0.0845357307270,0.0206190987074,15.1439384097487
44472,3.6076998182606,0.0041028001070,0.0716726576016,0.0784044314332,0.0134901651741,15.1439384097487
44476,3.6076843846865,0.0041449237299,0.0704275601972,0.0779775883860,0.0134901651741,15.1439384097487
44478,3.6077711822996,0.0040980897097,0.0697686730249,0.0777234279962,0.0134901651741,15.1439384097487
44479,3.6078477227950,0.0040753751272,0.0696081693803,0.0776574534878,0.0134901651741,15.1439384097487
44481,3.6080348502253,0.0040648910500,0.0693775319643,0.0775732376467,0.0134901651741,15.1439384097487
44486,3.6083252176603,0.0041399048154,0.0692258484068,0.0775553223840,0.0134901651741,15.1439384097487
44889,3.6100020669847,0.0042583754390,0.0685710817973,0.0773959775963,0.0114769336987,15.1439384097487
44898,3.6099055207841,0.0043012868827,0.0684706642559,0.0773771386852,0.0114769336987,15.1439384097487
44899,3.6099725221425,0.0043012868827,0.0683877367565,0.0773484697858,0.0114769336987,15.1439384097487
46240,3.6120124702674,0.0038752576174,0.0687758290619,0.0773333553391,0.0072115000970,15.1439384097487
46241,3.6119528610647,0.0038752576174,0.0687314694307,0.0773166691475,0.0070672700951,15.1439384097487
46243,3.6121589667146,0.0038284235972,0.0686833665755,0.0772823342145,0.0070672700951,15.1439384097487
46245,3.6120272001605,0.0038430010372,0.0686572569090,0.0772773923200,0.0070672700951,15.1439384097487
46265,3.6119077186303,0.0037713974893,0.0681650024244,0.0770692092564,0.0070672700951,15.1439384097487
46268,3.6118424850479,0.0037156385058,0.0681448490719,0.0770371918725,0.0070672700951,15.1439384097487
46270,3.6116769924435,0.0038058632734,0.0679716739430,0.0770116696605,0.0070672700951,15.1439384097487
46273,3.6117968157775,0.0039577914907,0.0673025563491,0.0768395066765,0.0070672700951,15.1439384097487
46274,3.6118489559637,0.0039776798348,0.0672358461498,0.0768249429615,0.0070672700951,15.1439384097487
46275,3.6118245762345,0.0039574829735,0.0671649827098,0.0767906338208,0.0070672700951,15.1439384097487
46277,3.6117286564563,0.0039015532036,0.0670398198149,0.0767206056272,0.0070672700951,15.1439384097487
46759,3.6130671130978,0.0040316042425,0.0668211257315,0.0767171758287,0.0058923206261,15.1439384097487
46990,3.6143402474393,0.0042132713190,0.0664724893116,0.0766885349058,0.0055458050347,15.1439384097487
46991,3.6142840328254,0.0042601053392,0.0663932079802,0.0766794964345,0.0055458050347,15.1439384097487
47011,3.6141631285825,0.0043032040971,0.0661659726980,0.0766151010859,0.0054348889340,15.1439384097487
47013,3.6144627335610,0.0043032040971,0.0659029240143,0.0765253945177,0.0054348889340,15.1439384097487
48067,3.6165990252552,0.0049798485348,0.0648746553186,0.0764783745556,0.0037779833173,15.1439384097487
48068,3.6166876185342,0.0050266825550,0.0647978828255,0.0764722811199,0.0037779833173,15.1439384097487
48086,3.6164274248561,0.0046761463586,0.0651201470929,0.0764334639796,0.0037779833173,15.1439384097487
48087,3.6164039396932,0.0046875890430,0.0650779662189,0.0764229710759,0.0037779833173,15.1439384097487
48088,3.6163422954643,0.0046875890430,0.0649764842861,0.0763858552667,0.0037779833173,15.1439384097487
49779,3.6200427935194,0.0039945711542,0.0655979529479,0.0763631624932,0.0020608306585,15.1439384097487
49782,3.6200931387870,0.0039187530403,0.0656815145928,0.0763612248426,0.0020608306585,15.1439384097487
49783,3.6202039168213,0.0039187530403,0.0656097836873,0.0763371741638,0.0020608306585,15.1439384097487
49784,3.6201752277113,0.0039655870605,0.0650659202237,0.0761626029865,0.0020608306585,15.1439384097487
49793,3.6199972973957,0.0040826032456,0.0646196424511,0.0760508501593,0.0020608306585,15.1439384097487
49812,3.6204993494735,0.0038882263603,0.0648004793582,0.0760392343929,0.0020196140453,15.1439384097487
49816,3.6204650399346,0.0038866672464,0.0647556863514,0.0760220832211,0.0020196140453,15.1439384097487
49817,3.6204000148531,0.0038866672464,0.0646542044186,0.0759849195731,0.0020196140453,15.1439384097487
49840,3.6203863106979,0.0041101824840,0.0642767857216,0.0759457255131,0.0020196140453,15.1439384097487
49843,3.6202429354187,0.0041947713026,0.0641622557102,0.0759390455378,0.0020196140453,15.1439384097487
49848,3.6203813427579,0.0041479372823,0.0639547309671,0.0758468162898,0.0020196140453,15.1439384097487
49849,3.6202705866525,0.0041842872253,0.0639021999048,0.0758420665516,0.0020196140453,15.1439384097487
49850,3.6205074494171,0.0042311212456,0.0637266956017,0.0758028097586,0.0020196140453,15.1439384097487
49860,3.6206612927162,0.0042779552658,0.0636121480579,0.0757841485168,0.0020196140453,15.1439384097487
49861,3.6206864391725,0.0042779552658,0.0635914650604,0.0757771175527,0.0020196140453,15.1439384097487
49862,3.6206813645392,0.0042779552658,0.0635539445294,0.0757636455573,0.0020196140453,15.1439384097487
49863,3.6206438994512,0.0042311212456,0.0634765583666,0.0757154057906,0.0020196140453,15.1439384097487
49906,3.6205834794284,0.0043139801638,0.0633200468429,0.0756941648436,0.0019792217644,15.1439384097487
49908,3.6204557139418,0.0044247268377,0.0631713580881,0.0756867167040,0.0019792217644,15.1439384097487
50390,3.6239131912120,0.0036991769068,0.0638037783693,0.0756505541916,0.0016501717168,15.1439384097487
50620,3.6237012992134,0.0041474910342,0.0631875370134,0.0756196043614,0.0015531284185,15.1439384097487
50630,3.6238062281608,0.0041643988812,0.0630026116213,0.0755622905363,0.0015531284185,15.1439384097487
50631,3.6238845337357,0.0040592881564,0.0630101177395,0.0755210318580,0.0015531284185,15.1439384097487
50632,3.6239166744983,0.0040124541362,0.0630540103002,0.0755170908391,0.0015531284185,15.1439384097487
50634,3.6239969861323,0.0038479868963,0.0632448391386,0.0755158944400,0.0015531284185,15.1439384097487
50637,3.6239876512088,0.0037927072164,0.0632759275645,0.0755031740694,0.0015531284185,15.1439384097487
50648,3.6242900586874,0.0037458731961,0.0632957173371,0.0754944491679,0.0015531284185,15.1439384097487
50649,3.6243423189819,0.0037071928461,0.0632952708093,0.0754784518804,0.0015531284185,15.1439384097487
50650,3.6242956147646,0.0036478198034,0.0630782071725,0.0753748227017,0.0015531284185,15.1439384097487
50651,3.6243949563392,0.0036946538236,0.0628553665002,0.0753167141469,0.0015531284185,15.1439384097487
50653,3.6243973421938,0.0036382612779,0.0628491411027,0.0752903563165,0.0015531284185,15.1439384097487
50664,3.6244476822255,0.0035981595448,0.0628193290547,0.0752632350075,0.0014916245331,15.1439384097487
50666,3.6244687155504,0.0036637855710,0.0626892022669,0.0752451842147,0.0014916245331,15.1439384097487
50671,3.6244277640000,0.0035635229743,0.0626520855947,0.0751883791144,0.0014916245331,15.1439384097487
50674,3.6243182040093,0.0035334590703,0.0626225272532,0.0751633877670,0.0014916245331,15.1439384097487
50675,3.6244966490434,0.0034844323739,0.0626382268263,0.0751505083013,0.0014916245331,15.1439384097487
50853,3.6240023777794,0.0034167679301,0.0623310714427,0.0750048169974,0.0014039050776,15.1439384097487
50856,3.6240650696440,0.0034114404983,0.0622163999440,0.0749624667914,0.0014039050776,15.1439384097487
51578,3.6252187003870,0.0033000602622,0.0621491667771,0.0749070443569,0.0011016677929,15.1439384097487
51579,3.6252127729742,0.0033111779017,0.0621157246683,0.0748997815768,0.0011016677929,15.1439384097487
51626,3.6250467331741,0.0036148800778,0.0617274724817,0.0748889287050,0.0011016677929,15.1439384097487
52949,3.6311838477105,0.0040036834315,0.0609720720335,0.0748726125990,0.0006922299635,15.1439384097487
52950,3.6311833869114,0.0039986810447,0.0607936528215,0.0748067410516,0.0006922299635,15.1439384097487
52956,3.6311539243406,0.0042008865552,0.0605205026562,0.0747954300322,0.0006922299635,15.1439384097487
52957,3.6311381495147,0.0042477205754,0.0604346930939,0.0747846322701,0.0006922299635,15.1439384097487
52963,3.6309474898148,0.0042499132516,0.0603808484824,0.0747636439481,0.0006922299635,15.1439384097487
53021,3.6312717923529,0.0039674877471,0.0606314381032,0.0747366895986,0.0006783853643,15.1439384097487
53022,3.6311920982102,0.0039319421527,0.0606391513252,0.0747230828277,0.0006783853643,15.1439384097487
53023,3.6312501884390,0.0038233881549,0.0606242805982,0.0746720706848,0.0006783853643,15.1439384097487
53024,3.6311793630316,0.0038702221752,0.0603655696188,0.0745987434546,0.0006783853643,15.1439384097487
53025,3.6311960251348,0.0038702221752,0.0602514821149,0.0745582336851,0.0006783853643,15.1439384097487
53027,3.6315163464071,0.0038797807007,0.0601567933252,0.0745330452957,0.0006783853643,15.1439384097487
53029,3.6316138741393,0.0037922113851,0.0602215649530,0.0745200283241,0.0006783853643,15.1439384097487
54570,3.6310027967837,0.0050930633467,0.0586684772734,0.0745142154327,0.0004011940077,15.1439384097487
54673,3.6308684778494,0.0048114256631,0.0589989607565,0.0745096427798,0.0003853067250,15.1439384097487
54674,3.6309337430363,0.0048405474877,0.0589415161217,0.0745025311188,0.0003853067250,15.1439384097487
54753,3.6309354070754,0.0047890361256,0.0589900356343,0.0744978067641,0.0003700485787,15.1439384097487
54754,3.6308517574836,0.0048358701458,0.0586570908668,0.0743977860054,0.0003700485787,15.1439384097487
55020,3.6317238335418,0.0040395705986,0.0594565578434,0.0743543785090,0.0003413210266,15.1439384097487
55021,3.6319229633173,0.0040864046189,0.0593833479083,0.0743511214995,0.0003413210266,15.1439384097487
55022,3.6319893242339,0.0040856167980,0.0592358490537,0.0742990447022,0.0003413210266,15.1439384097487
55023,3.6319105589960,0.0041122539569,0.0591572032742,0.0742812583262,0.0003413210266,15.1439384097487
55024,3.6319523539757,0.0040654199367,0.0591609255683,0.0742631073902,0.0003413210266,15.1439384097487
55037,3.6317133725180,0.0037510463693,0.0594381547074,0.0742240046965,0.0003413210266,15.1439384097487
55078,3.6310490433577,0.0041192947613,0.0589885265041,0.0742118437216,0.0003413210266,15.1439384097487
55082,3.6311054136804,0.0039565408940,0.0590122925131,0.0741513775608,0.0003344946061,15.1439384097487
55083,3.6312615179444,0.0039565408940,0.0589511060636,0.0741317341223,0.0003344946061,15.1439384097487
55085,3.6313062685185,0.0039081312321,0.0590022144377,0.0741298733328,0.0003344946061,15.1439384097487
55086,3.6312749510821,0.0038880886294,0.0588503529096,0.0740666042462,0.0003344946061,15.1439384097487
55087,3.6312179090365,0.0038880886294,0.0588508583514,0.0740659776200,0.0003344946061,15.1439384097487
55088,3.6311859207261,0.0038880886294,0.0587816819052,0.0740408191139,0.0003278047140,15.1439384097487
55094,3.6315259446938,0.0038378278640,0.0587964831027,0.0740293762442,0.0003278047140,15.1439384097487
55100,3.6316568699818,0.0038202864547,0.0585475042637,0.0739347900675,0.0003278047140,15.1439384097487
55103,3.6316659419191,0.0038058632734,0.0585494761315,0.0739294413099,0.0003278047140,15.1439384097487
55263,3.6304976687293,0.0036592459600,0.0586693555693,0.0738928884160,0.0003148236473,15.1439384097487
55271,3.6306543835572,0.0035984680620,0.0584657949507,0.0737963580288,0.0003148236473,15.1439384097487
55272,3.6306483078778,0.0036225874998,0.0582283661293,0.0737218129526,0.0003148236473,15.1439384097487
55274,3.6305750828023,0.0036225874998,0.0581191066359,0.0736817555751,0.0003148236473,15.1439384097487
55755,3.6322749840192,0.0038133999090,0.0578086680610,0.0736767148906,0.0002733064467,15.1439384097487
55756,3.6323403999413,0.0038602339292,0.0575952914246,0.0736215063029,0.0002678403178,15.1439384097487
55758,3.6323700169110,0.0038133999090,0.0575845337531,0.0735980116326,0.0002678403178,15.1439384097487
55759,3.6324644999138,0.0038133999090,0.0575540685522,0.0735884681318,0.0002678403178,15.1439384097487
55760,3.6324374278347,0.0037664116301,0.0574993663769,0.0735484107388,0.0002678403178,15.1439384097487
55788,3.6321655587657,0.0033403658371,0.0580130548769,0.0735454329341,0.0002624835114,15.1439384097487
58607,3.6407865090475,0.0038368692569,0.0570568902890,0.0735387186302,0.0001079069352,15.1439384097487
58659,3.6411695546870,0.0035507250177,0.0573165439336,0.0735142388996,0.0001057487965,15.1439384097487
58660,3.6411760512751,0.0035507250177,0.0573158456954,0.0735140814551,0.0001057487965,15.1439384097487
58662,3.6410665074555,0.0035461854068,0.0572866115856,0.0735001451163,0.0001057487965,15.1439384097487
58663,3.6408987904367,0.0036547394045,0.0571435056467,0.0734931858097,0.0001057487965,15.1439384097487
58671,3.6408510524814,0.0036592790155,0.0570366521252,0.0734562938964,0.0001036338206,15.1439384097487
58672,3.6408090106903,0.0036649149645,0.0568839005777,0.0734035602905,0.0001036338206,15.1439384097487
58684,3.6414481684799,0.0034880794885,0.0568115204332,0.0733109676463,0.0001036338206,15.1439384097487
58685,3.6414455147988,0.0034645770852,0.0568305986020,0.0733076712700,0.0001036338206,15.1439384097487
58686,3.6415151860402,0.0035114111054,0.0566483029723,0.0732636232543,0.0001036338206,15.1439384097487
58839,3.6414072101062,0.0033483156655,0.0567028962279,0.0732116949477,0.0000995299213,15.1439384097487
58840,3.6412996249195,0.0032994432277,0.0566702038343,0.0731775514392,0.0000995299213,15.1439384097487
59064,3.6414602115363,0.0035773125935,0.0563277987202,0.0731766230594,0.0000936767657,15.1439384097487
59065,3.6414724681056,0.0036039497524,0.0562008437603,0.0731428713571,0.0000936767657,15.1439384097487
59074,3.6417301274077,0.0035187438993,0.0562519675862,0.0731282589341,0.0000936767657,15.1439384097487
59332,3.6448059161374,0.0032639141610,0.0564130953286,0.0731201140159,0.0000864044660,15.1439384097487
59333,3.6448178795125,0.0031699376033,0.0564684082542,0.0730997622455,0.0000864044660,15.1439384097487
59337,3.6450108860749,0.0031699376033,0.0563545844203,0.0730618419062,0.0000864044660,15.1439384097487
59352,3.6453804027190,0.0031348547847,0.0563753710034,0.0730594588280,0.0000864044660,15.1439384097487
59366,3.6451459715711,0.0030399361475,0.0564663795555,0.0730479652813,0.0000846763767,15.1439384097487
59422,3.6465665801057,0.0031340504361,0.0562842769722,0.0730433648552,0.0000846763767,15.1439384097487
59426,3.6467185978620,0.0031389150920,0.0561735612188,0.0730080594083,0.0000846763767,15.1439384097487
59428,3.6468884287289,0.0031187182307,0.0561737018335,0.0730018569255,0.0000846763767,15.1439384097487
59440,3.6467840668855,0.0030410324856,0.0561348805087,0.0729532215628,0.0000846763767,15.1439384097487
59441,3.6468610187810,0.0029606747607,0.0560877144608,0.0729030263849,0.0000846763767,15.1439384097487
59483,3.6467504769555,0.0030497866625,0.0557208674819,0.0728086362623,0.0000829828491,15.1439384097487
59497,3.6466888411917,0.0030208025688,0.0556255945835,0.0727613163308,0.0000829828491,15.1439384097487
59512,3.6467894123592,0.0029996471003,0.0555781280667,0.0727367204493,0.0000813231921,15.1439384097487
59532,3.6467731060804,0.0029897965853,0.0555480198547,0.0727215151344,0.0000813231921,15.1439384097487
61256,3.6497968574338,0.0031039865321,0.0552710060268,0.0727143060522,0.0000500772226,15.1439384097487
61257,3.6497575631547,0.0031024274181,0.0552264728159,0.0726971771309,0.0000500772226,15.1439384097487
61258,3.6498049093842,0.0031442425238,0.0551413099847,0.0726853525397,0.0000500772226,15.1439384097487
61261,3.6498397685521,0.0030411702165,0.0552151245562,0.0726680342955,0.0000500772226,15.1439384097487
61264,3.6499756821731,0.0030411702165,0.0551922278601,0.0726617800727,0.0000500772226,15.1439384097487
62015,3.6512733024260,0.0032885129023,0.0548006412972,0.0726462929767,0.0000417517723,15.1439384097487
62016,3.6513039188012,0.0032885129023,0.0547071402561,0.0726133329674,0.0000417517723,15.1439384097487
62022,3.6513875687869,0.0033107481812,0.0546187513389,0.0725924785439,0.0000417517723,15.1439384097487
63542,3.6569514207318,0.0035181268648,0.0540957532762,0.0725732982326,0.0000284426694,15.1439384097487
63720,3.6572152538975,0.0032553142427,0.0543939418503,0.0725708933926,0.0000273163397,15.1439384097487
63766,3.6574861123295,0.0034648856025,0.0540136382118,0.0725287195903,0.0000267700129,15.1439384097487
63769,3.6573760485795,0.0034871208813,0.0539734905528,0.0725223531512,0.0000267700129,15.1439384097487
63915,3.6583787422909,0.0034039534458,0.0540250653773,0.0725193175935,0.0000262346126,15.1439384097487
63916,3.6584087632385,0.0033934528409,0.0539919152828,0.0725034028092,0.0000262346126,15.1439384097487
63930,3.6583510308642,0.0033934528409,0.0539843960091,0.0724999004451,0.0000257099204,15.1439384097487
63975,3.6584094289267,0.0034892970298,0.0538541373618,0.0724952819093,0.0000257099204,15.1439384097487
64105,3.6578410502859,0.0032918184443,0.0540525751570,0.0724734763512,0.0000246918075,15.1439384097487
64236,3.6577710111984,0.0031859364263,0.0541245930751,0.0724528279802,0.0000246918075,15.1439384097487
64313,3.6579519349912,0.0032587575155,0.0539762148864,0.0724336048677,0.0000241979714,15.1439384097487
64487,3.6579584082161,0.0030446630725,0.0541817809030,0.0724153581366,0.0000227749371,15.1439384097487
64518,3.6579025915472,0.0030120814473,0.0542105489122,0.0724108790698,0.0000227749371,15.1439384097487
64520,3.6579318574213,0.0030589154676,0.0540955173758,0.0723902822114,0.0000227749371,15.1439384097487
64551,3.6581086959586,0.0030734929076,0.0540622592384,0.0723871540329,0.0000227749371,15.1439384097487
64557,3.6580671396651,0.0031143659338,0.0539855977698,0.0723767039294,0.0000227749371,15.1439384097487
64579,3.6581252112137,0.0030211606692,0.0540595379505,0.0723639877320,0.0000227749371,15.1439384097487
64581,3.6581011004606,0.0029743266490,0.0540765024481,0.0723496335926,0.0000227749371,15.1439384097487
64582,3.6580460942134,0.0029743266490,0.0540637283105,0.0723442930659,0.0000227749371,15.1439384097487
64587,3.6581580154806,0.0029442627449,0.0540223658948,0.0723182199227,0.0000227749371,15.1439384097487
64588,3.6579844850226,0.0029459761175,0.0540262234522,0.0723178764799,0.0000227749371,15.1439384097487
64591,3.6579818582896,0.0029212396452,0.0540557953696,0.0723177993657,0.0000227749371,15.1439384097487
64593,3.6579707594587,0.0028744056250,0.0540816831674,0.0723068162371,0.0000227749371,15.1439384097487
64595,3.6578786889173,0.0028620373889,0.0540302740986,0.0722818523907,0.0000227749371,15.1439384097487
64608,3.6579933843874,0.0028822177225,0.0539565091927,0.0722657794291,0.0000223194383,15.1439384097487
64618,3.6579636688944,0.0028822177225,0.0539401900911,0.0722595307063,0.0000223194383,15.1439384097487
64632,3.6579827599058,0.0029290517427,0.0538669289091,0.0722537078579,0.0000223194383,15.1439384097487
64633,3.6580889344623,0.0029290517427,0.0538570825938,0.0722516936796,0.0000223194383,15.1439384097487
65031,3.6567314050828,0.0031217152554,0.0536223024478,0.0722312047545,0.0000205867393,15.1439384097487
65032,3.6568843250878,0.0030748812352,0.0536661611638,0.0722289606666,0.0000205867393,15.1439384097487
65033,3.6568274223765,0.0030280472150,0.0536881444388,0.0722159349437,0.0000205867393,15.1439384097487
65036,3.6567968825998,0.0030032942150,0.0536330701245,0.0721852249813,0.0000205867393,15.1439384097487
65041,3.6567992137523,0.0030177008686,0.0536032304457,0.0721807752190,0.0000205867393,15.1439384097487
65282,3.6562553260939,0.0030651519234,0.0535407194887,0.0721710900696,0.0000193760743,15.1439384097487
65283,3.6562706243819,0.0030228740418,0.0535570473008,0.0721590188087,0.0000193760743,15.1439384097487
65463,3.6559930147491,0.0029113560748,0.0536836162962,0.0721525004492,0.0000186087818,15.1439384097487
65468,3.6560907283682,0.0029113560748,0.0536484034108,0.0721413070599,0.0000186087818,15.1439384097487
65475,3.6561563244065,0.0028933518896,0.0536353313113,0.0721298505531,0.0000186087818,15.1439384097487
65890,3.6558305614861,0.0031909553409,0.0531904809379,0.0720939102325,0.0000171641478,15.1439384097487
66337,3.6563427573730,0.0033413079166,0.0529406800435,0.0720763799830,0.0000158316634,15.1439384097487
66338,3.6563539969386,0.0033413079166,0.0528383310366,0.0720399858054,0.0000158316634,15.1439384097487
66680,3.6570680669145,0.0030969953108,0.0530509685448,0.0720213264125,0.0000149006350,15.1439384097487
66681,3.6570599855969,0.0031438293311,0.0529050209922,0.0719891596594,0.0000146026223,15.1439384097487
67237,3.6565435181774,0.0032921269615,0.0527461098165,0.0719886538160,0.0000134689938,15.1439384097487
67239,3.6564076564827,0.0032088052674,0.0527387363052,0.0719483886877,0.0000134689938,15.1439384097487
67256,3.6565372760757,0.0032038028806,0.0526985373468,0.0719337221454,0.0000134689938,15.1439384097487
67580,3.6564302547183,0.0032139949683,0.0525931706913,0.0718989448895,0.0000126769092,15.1439384097487
67637,3.6564039853061,0.0031873578094,0.0526174394522,0.0718958246685,0.0000126769092,15.1439384097487
67662,3.6564177876074,0.0032341918296,0.0525307280509,0.0718851233355,0.0000124233711,15.1439384097487
68042,3.6566526968226,0.0031171591168,0.0525926094261,0.0718603908993,0.0000114589219,15.1439384097487
68986,3.6568899128122,0.0032006681250,0.0524718885844,0.0718564224783,0.0000099477827,15.1439384097487
69010,3.6567980408095,0.0032006681250,0.0524731369152,0.0718555683280,0.0000099477827,15.1439384097487
69065,3.6567411564037,0.0032006681250,0.0524373814982,0.0718419936257,0.0000097488270,15.1439384097487
69109,3.6565880492645,0.0032453094690,0.0522712754408,0.0717996355827,0.0000097488270,15.1439384097487
69147,3.6566977450517,0.0032653520717,0.0522351576221,0.0717968782366,0.0000097488270,15.1439384097487
69166,3.6566941767858,0.0032453094690,0.0522486423472,0.0717930540322,0.0000097488270,15.1439384097487
69182,3.6566582513415,0.0031984754488,0.0523003838054,0.0717909530589,0.0000097488270,15.1439384097487
69279,3.6568554658706,0.0032360594608,0.0522254888478,0.0717831028658,0.0000093627735,15.1439384097487
69326,3.6566235503527,0.0032327539188,0.0522385933063,0.0717830847797,0.0000093627735,15.1439384097487
69353,3.6566794494449,0.0031755900800,0.0522786322615,0.0717736765869,0.0000093627735,15.1439384097487
69385,3.6565872221896,0.0031315822981,0.0523235366974,0.0717695483980,0.0000091755180,15.1439384097487
69465,3.6566477732657,0.0031868619781,0.0522528641229,0.0717688562779,0.0000091755180,15.1439384097487
69528,3.6565988348123,0.0031632053162,0.0522613687416,0.0717610625965,0.0000091755180,15.1439384097487
69564,3.6566207579897,0.0031652602614,0.0522248779241,0.0717492210640,0.0000089920077,15.1439384097487
70023,3.6558592712279,0.0033359804848,0.0520285558773,0.0717414968706,0.0000084632057,15.1439384097487
70214,3.6557870314059,0.0033485029795,0.0520016913048,0.0717362469752,0.0000079655015,15.1439384097487
70215,3.6557497702639,0.0033610254743,0.0519201960290,0.0717119810604,0.0000079655015,15.1439384097487
70232,3.6557492776375,0.0033788754009,0.0518782218234,0.0717046332706,0.0000079655015,15.1439384097487
70236,3.6555797787960,0.0033760656902,0.0518731349419,0.0716992139682,0.0000079655015,15.1439384097487
70237,3.6556798175301,0.0033760656902,0.0518592675219,0.0716956768596,0.0000079655015,15.1439384097487
70339,3.6555869952272,0.0033168634338,0.0519338536859,0.0716956289504,0.0000079655015,15.1439384097487
70390,3.6557711556174,0.0033326749428,0.0518598861117,0.0716785941778,0.0000078061914,15.1439384097487
70427,3.6558128819883,0.0033201524481,0.0518510692675,0.0716706689467,0.0000078061914,15.1439384097487
70446,3.6558867352588,0.0033201524481,0.0518384745922,0.0716672158672,0.0000078061914,15.1439384097487
70488,3.6559082541092,0.0033326749428,0.0517516475919,0.0716418774980,0.0000078061914,15.1439384097487
70521,3.6559557768419,0.0033585077532,0.0516831678163,0.0716291640833,0.0000078061914,15.1439384097487
70760,3.6557346518311,0.0033117067884,0.0517112044629,0.0716159907109,0.0000073471249,15.1439384097487
70761,3.6557635138201,0.0032664318821,0.0516908071198,0.0715897108094,0.0000073471249,15.1439384097487
70762,3.6557149943523,0.0033132659023,0.0515605176049,0.0715625640156,0.0000073471249,15.1439384097487
70828,3.6557523624431,0.0032770867457,0.0515848901359,0.0715562918940,0.0000073471249,15.1439384097487
70881,3.6557506812031,0.0032618922712,0.0515931092594,0.0715526915882,0.0000073471249,15.1439384097487
71507,3.6559704986302,0.0031605333364,0.0516388664727,0.0715287043085,0.0000066412190,15.1439384097487
71631,3.6559709715183,0.0031136993162,0.0516871280658,0.0715258755601,0.0000063782268,15.1439384097487
71697,3.6556800538871,0.0031136993162,0.0516871280658,0.0715217590951,0.0000063782268,15.1439384097487
71738,3.6557423176332,0.0030400904061,0.0517486795349,0.0715130761148,0.0000063782268,15.1439384097487
71739,3.6556711951540,0.0030869244264,0.0516443317859,0.0714948744062,0.0000063782268,15.1439384097487
71808,3.6555887370104,0.0031071212877,0.0515262093673,0.0714601768486,0.0000062506622,15.1439384097487
71877,3.6555356579245,0.0030874037299,0.0515435535486,0.0714571697517,0.0000062506622,15.1439384097487
72082,3.6555516162593,0.0030874037299,0.0515300584776,0.0714525758929,0.0000058830733,15.1439384097487
72087,3.6555531675927,0.0030874037299,0.0515046189214,0.0714435122883,0.0000058830733,15.1439384097487
72204,3.6555426351502,0.0031121402022,0.0514742336415,0.0714431127146,0.0000058830733,15.1439384097487
72206,3.6555609503481,0.0030874037299,0.0514939544767,0.0714398136836,0.0000058830733,15.1439384097487
72403,3.6555455702983,0.0031121402022,0.0514634530023,0.0714393040184,0.0000057654118,15.1439384097487
72569,3.6554375023791,0.0032191185583,0.0513210171806,0.0714327527952,0.0000056501036,15.1439384097487
72635,3.6554974315228,0.0030823848154,0.0514241774128,0.0714118435531,0.0000054263595,15.1439384097487
72827,3.6556560798804,0.0030673611272,0.0513286044275,0.0713735164842,0.0000053178323,15.1439384097487
72881,3.6555447210169,0.0030080046122,0.0513909339379,0.0713687627967,0.0000053178323,15.1439384097487
72890,3.6555598257844,0.0030263173147,0.0512691243530,0.0713333214060,0.0000053178323,15.1439384097487
73137,3.6555974423425,0.0029794832944,0.0513084283584,0.0713278190997,0.0000050051012,15.1439384097487
73143,3.6555471219148,0.0029326492742,0.0513176312668,0.0713103220990,0.0000050051012,15.1439384097487
73200,3.6555861540151,0.0029794832944,0.0512590344421,0.0713100186862,0.0000050051012,15.1439384097487
73212,3.6555268168818,0.0030263173147,0.0511898798888,0.0713045527379,0.0000050051012,15.1439384097487
73291,3.6554857027213,0.0030148746303,0.0511992850591,0.0713024259571,0.0000049049992,15.1439384097487
73292,3.6555009280713,0.0030148746303,0.0511940695332,0.0713007787070,0.0000049049992,15.1439384097487
73400,3.6553948167963,0.0029611375366,0.0512023834725,0.0712792163206,0.0000049049992,15.1439384097487
73404,3.6553852394756,0.0029611375366,0.0511863026465,0.0712733376500,0.0000049049992,15.1439384097487
73477,3.6553224370845,0.0029901051026,0.0511172526201,0.0712602029478,0.0000048068992,15.1439384097487
73479,3.6552285427417,0.0029863533125,0.0510709978557,0.0712407468803,0.0000048068992,15.1439384097487
73501,3.6551908850417,0.0030192434549,0.0510121369590,0.0712332880529,0.0000048068992,15.1439384097487
73629,3.6550724894722,0.0029724094347,0.0510688819372,0.0712318071042,0.0000047107612,15.1439384097487
73672,3.6552095698190,0.0030192434549,0.0509789814841,0.0712217112002,0.0000046165460,15.1439384097487
73686,3.6551689757754,0.0030184721618,0.0509406992388,0.0712071340125,0.0000046165460,15.1439384097487
73890,3.6551811229825,0.0030117398747,0.0509199307165,0.0711970032994,0.0000045242151,15.1439384097487
73947,3.6553009397847,0.0030117398747,0.0508848159339,0.0711861577054,0.0000045242151,15.1439384097487
73952,3.6553465942066,0.0030479190313,0.0508100044117,0.0711755906644,0.0000044337308,15.1439384097487
74030,3.6553247608465,0.0030592074571,0.0507295027189,0.0711513690160,0.0000044337308,15.1439384097487
75578,3.6554532190812,0.0031044658357,0.0506412117868,0.0711410506637,0.0000034792227,15.1439384097487
75696,3.6553388340069,0.0031094847502,0.0506339221410,0.0711389796410,0.0000034096382,15.1439384097487
75710,3.6553068333008,0.0030740934144,0.0506736604906,0.0711375513855,0.0000034096382,15.1439384097487
75781,3.6553589240962,0.0030740934144,0.0506380846168,0.0711255827975,0.0000034096382,15.1439384097487
76015,3.6554313667864,0.0029870034024,0.0506873294216,0.0711068709962,0.0000032091242,15.1439384097487
76161,3.6553533203521,0.0029287432255,0.0507128550685,0.0710899142996,0.0000031449417,15.1439384097487
76303,3.6554364853015,0.0029630382232,0.0506518145217,0.0710839887390,0.0000031449417,15.1439384097487
76377,3.6553980759289,0.0029755772457,0.0505254679416,0.0710436953371,0.0000030820429,15.1439384097487
76403,3.6553943256380,0.0029755772457,0.0505053335360,0.0710364514116,0.0000030204020,15.1439384097487
76507,3.6553006820305,0.0029353212539,0.0505431505247,0.0710313798603,0.0000029599940,15.1439384097487
76692,3.6554126091152,0.0029950028139,0.0504317261758,0.0710187470221,0.0000029007941,15.1439384097487
76738,3.6553202784472,0.0029884247854,0.0503824012703,0.0709970053566,0.0000029007941,15.1439384097487
76776,3.6552439460950,0.0029541297877,0.0504106199084,0.0709913054878,0.0000029007941,15.1439384097487
77165,3.6550687734678,0.0029884247854,0.0503592298108,0.0709851710568,0.0000027302042,15.1439384097487
77246,3.6550597312990,0.0029884247854,0.0503456492751,0.0709801929193,0.0000026756001,15.1439384097487
77288,3.6551565898713,0.0030352588056,0.0502805366891,0.0709783806896,0.0000026756001,15.1439384097487
77764,3.6550294300622,0.0030352588056,0.0502746706110,0.0709744863589,0.0000024678884,15.1439384097487
77787,3.6550572524082,0.0030820928259,0.0502131216744,0.0709729700032,0.0000024678884,15.1439384097487
77788,3.6550695044286,0.0030820928259,0.0501994176456,0.0709682490724,0.0000024678884,15.1439384097487
77868,3.6550799960081,0.0029912344961,0.0502538106854,0.0709488843290,0.0000024185306,15.1439384097487
77991,3.6550228287742,0.0030380685163,0.0501651585630,0.0709364856672,0.0000024185306,15.1439384097487
78115,3.6549155077132,0.0030711129174,0.0501039833620,0.0709272806814,0.0000023227568,15.1439384097487
78145,3.6548618493232,0.0030422830823,0.0501369574779,0.0709259422451,0.0000023227568,15.1439384097487
78296,3.6548478148257,0.0030476105141,0.0500938364516,0.0709126264765,0.0000022763017,15.1439384097487
78309,3.6548249786687,0.0030476105141,0.0500894973356,0.0709107536621,0.0000022763017,15.1439384097487
78415,3.6548081628596,0.0030242788971,0.0500665899481,0.0708923352453,0.0000022307756,15.1439384097487
78471,3.6547357486869,0.0029774448769,0.0501218630245,0.0708909792511,0.0000022307756,15.1439384097487
78476,3.6547260175583,0.0029797918117,0.0501092683493,0.0708873492872,0.0000022307756,15.1439384097487
78607,3.6548072511788,0.0029901216303,0.0500578228728,0.0708745524181,0.0000021424369,15.1439384097487
78678,3.6548681001807,0.0030369556505,0.0499912280302,0.0708717012780,0.0000021424369,15.1439384097487
78977,3.6549039619993,0.0030164502719,0.0499537184217,0.0708500244122,0.0000020575964,15.1439384097487
79111,3.6549284379123,0.0030632842922,0.0498816128144,0.0708446904651,0.0000020164445,15.1439384097487
79571,3.6549479167714,0.0030443380275,0.0498950527712,0.0708416462465,0.0000018599042,15.1439384097487
79572,3.6549713920991,0.0030151996752,0.0499204613076,0.0708385650328,0.0000018599042,15.1439384097487
79727,3.6550871188044,0.0029826180500,0.0499336401602,0.0708309457374,0.0000018599042,15.1439384097487
79769,3.6551383391724,0.0029826180500,0.0499265235846,0.0708291288680,0.0000018227061,15.1439384097487
79829,3.6550004579522,0.0029381474923,0.0499785612009,0.0708267039105,0.0000017862520,15.1439384097487
79851,3.6548395220131,0.0029799625980,0.0499091584894,0.0708175607546,0.0000017862520,15.1439384097487
79854,3.6548310651731,0.0029331285778,0.0499503325810,0.0708120744007,0.0000017862520,15.1439384097487
79857,3.6548120498357,0.0028913134721,0.0499916135925,0.0708086277937,0.0000017862520,15.1439384097487
79877,3.6547043733475,0.0029381474923,0.0499296858448,0.0708050588488,0.0000017862520,15.1439384097487
79942,3.6546702664342,0.0029381474923,0.0499155550579,0.0707995295287,0.0000017505269,15.1439384097487
80027,3.6546838598733,0.0029381474923,0.0499124383337,0.0707986087592,0.0000017505269,15.1439384097487
80036,3.6547657033430,0.0029381474923,0.0498917553363,0.0707923800540,0.0000017505269,15.1439384097487
80153,3.6547258203554,0.0029472267142,0.0498265689117,0.0707724259416,0.0000017155164,15.1439384097487
80156,3.6548168025572,0.0029472267142,0.0497646042448,0.0707515830954,0.0000017155164,15.1439384097487
80365,3.6547706365961,0.0029472267142,0.0497333658205,0.0707397732701,0.0000016475820,15.1439384097487
80366,3.6546903845155,0.0029804253739,0.0496542750567,0.0707246190042,0.0000016475820,15.1439384097487
80695,3.6545879352813,0.0030272593941,0.0495922734705,0.0707210976536,0.0000015823377,15.1439384097487
80887,3.6545501357251,0.0030736306385,0.0495292701532,0.0707179349982,0.0000015506910,15.1439384097487
80955,3.6544544284088,0.0031204646587,0.0494671339127,0.0707144609545,0.0000015196771,15.1439384097487
80963,3.6544435087891,0.0030261630560,0.0495609746524,0.0707074060200,0.0000015196771,15.1439384097487
80970,3.6544791248213,0.0030429331722,0.0495291126900,0.0707037179048,0.0000015196771,15.1439384097487
81000,3.6545062638462,0.0030261630560,0.0495096646368,0.0706899689942,0.0000014892836,15.1439384097487
81107,3.6544261231941,0.0030637635957,0.0494671339127,0.0706897599821,0.0000014594979,15.1439384097487
81243,3.6543299026256,0.0030261630560,0.0495096646368,0.0706874734948,0.0000014594979,15.1439384097487
81307,3.6543370685863,0.0029633467405,0.0495694986046,0.0706820228888,0.0000014303080,15.1439384097487
81341,3.6543732378816,0.0029984295591,0.0495057897723,0.0706748170212,0.0000014303080,15.1439384097487
81443,3.6544124630772,0.0030452635793,0.0494322203058,0.0706691689685,0.0000014017018,15.1439384097487
81445,3.6544984942790,0.0030452635793,0.0494273655439,0.0706686524608,0.0000014017018,15.1439384097487
81474,3.6543774411182,0.0030452635793,0.0493728277810,0.0706474617942,0.0000014017018,15.1439384097487
81535,3.6544083356287,0.0030920975995,0.0493018938224,0.0706426371158,0.0000013736678,15.1439384097487
81662,3.6544682421847,0.0030570147809,0.0493413749072,0.0706425496832,0.0000013461944,15.1439384097487
81722,3.6544616012796,0.0030151996752,0.0493537585758,0.0706289576941,0.0000013461944,15.1439384097487
81974,3.6543760408073,0.0030376057404,0.0493005809900,0.0706183576236,0.0000012928851,15.1439384097487
81994,3.6542895301353,0.0031038488012,0.0491595026471,0.0705951382641,0.0000012928851,15.1439384097487
82066,3.6542718288364,0.0031038488012,0.0491505387559,0.0705916864022,0.0000012670274,15.1439384097487
82346,3.6542541533044,0.0029862155815,0.0492638592493,0.0705814936624,0.0000012168531,15.1439384097487
82375,3.6544168863330,0.0029595784226,0.0491895473168,0.0705458404227,0.0000012168531,15.1439384097487
82487,3.6543801638513,0.0029180718342,0.0492291369763,0.0705416714282,0.0000011925161,15.1439384097487
82679,3.6542701993780,0.0028865865471,0.0492484583161,0.0705335222223,0.0000011452924,15.1439384097487
82717,3.6542794479710,0.0029334205673,0.0491859181128,0.0705313890254,0.0000011452924,15.1439384097487
82774,3.6542611923604,0.0029802545876,0.0491193232702,0.0705274185603,0.0000011452924,15.1439384097487
82815,3.6540462184413,0.0028712378140,0.0492174113527,0.0705126866774,0.0000011223866,15.1439384097487
82831,3.6539796070636,0.0028621585921,0.0491132395789,0.0704706488308,0.0000011223866,15.1439384097487
82855,3.6539818759458,0.0028605994781,0.0490830882831,0.0704592444237,0.0000011223866,15.1439384097487
82862,3.6540138110880,0.0028621585921,0.0490748004134,0.0704574045421,0.0000011223866,15.1439384097487
82868,3.6539010790458,0.0028621585921,0.0490761374257,0.0704562868956,0.0000011223866,15.1439384097487
83046,3.6538543762818,0.0028699872172,0.0489969543636,0.0704307015147,0.0000010779401,15.1439384097487
83098,3.6537423596550,0.0028699872172,0.0489828235767,0.0704240697773,0.0000010779401,15.1439384097487
83262,3.6536715866411,0.0028684281033,0.0489285527835,0.0704030177261,0.0000010563813,15.1439384097487
83367,3.6537792655731,0.0029005304249,0.0488658594663,0.0703959090431,0.0000010352536,15.1439384097487
83494,3.6537218834683,0.0029473644451,0.0487747525872,0.0703826306420,0.0000010145486,15.1439384097487
83655,3.6536612599169,0.0029876204369,0.0487201808027,0.0703795354677,0.0000009743724,15.1439384097487
83680,3.6536681583803,0.0029407864166,0.0487280567230,0.0703623741862,0.0000009743724,15.1439384097487
83804,3.6536798360636,0.0028939523964,0.0487399067015,0.0703466998369,0.0000009743724,15.1439384097487
83937,3.6537454785011,0.0029020895388,0.0487157133655,0.0703424755426,0.0000009548850,15.1439384097487
84069,3.6537610986926,0.0029230742210,0.0486890279793,0.0703421595074,0.0000009357873,15.1439384097487
84189,3.6537377867531,0.0028765652457,0.0487232090192,0.0703341047413,0.0000008987301,15.1439384097487
84562,3.6537245974407,0.0029233992660,0.0486559765805,0.0703299782511,0.0000008631404,15.1439384097487
84599,3.6536992841120,0.0028765652457,0.0486920014354,0.0703224143658,0.0000008631404,15.1439384097487
84715,3.6536605086663,0.0029233992660,0.0486245049246,0.0703178315222,0.0000008458776,15.1439384097487
84716,3.6536141289144,0.0028621585921,0.0486465142087,0.0702987897073,0.0000008458776,15.1439384097487
85137,3.6537445298718,0.0029063371603,0.0485782688324,0.0702951951955,0.0000007961332,15.1439384097487
85141,3.6538398029855,0.0029531711805,0.0485156178712,0.0702942396833,0.0000007961332,15.1439384097487
85144,3.6538128109841,0.0029067999361,0.0485619121655,0.0702905180344,0.0000007961332,15.1439384097487
85226,3.6536974797713,0.0029799295426,0.0484273339318,0.0702721637105,0.0000007802106,15.1439384097487
85296,3.6536306700630,0.0029334205673,0.0484781578305,0.0702694373320,0.0000007802106,15.1439384097487
85355,3.6536658250953,0.0029334205673,0.0484393388643,0.0702560708569,0.0000007493142,15.1439384097487
85438,3.6538072761109,0.0029869868747,0.0483600450444,0.0702527101467,0.0000007493142,15.1439384097487
85622,3.6538882814966,0.0028898755613,0.0484415522703,0.0702413469568,0.0000007343279,15.1439384097487
85832,3.6539242444767,0.0028972414106,0.0483720732348,0.0702201986819,0.0000007196414,15.1439384097487
85910,3.6539607248441,0.0029440754309,0.0483021094058,0.0702157995178,0.0000006911436,15.1439384097487
85958,3.6540512416454,0.0029909094511,0.0482393422501,0.0702147352061,0.0000006911436,15.1439384097487
85985,3.6539930477116,0.0030377434713,0.0481817918347,0.0702134297690,0.0000006911436,15.1439384097487
86072,3.6539276895655,0.0030845774916,0.0481239588877,0.0702119220546,0.0000006773207,15.1439384097487
86157,3.6539576408740,0.0031314115118,0.0480295349950,0.0701986947678,0.0000006773207,15.1439384097487
86260,3.6539778082215,0.0030137782922,0.0480944497140,0.0701717497256,0.0000006637743,15.1439384097487
86263,3.6539569319669,0.0030023356078,0.0480164345259,0.0701386877532,0.0000006637743,15.1439384097487
86776,3.6539233575073,0.0030023356078,0.0480113472032,0.0701363957759,0.0000006122443,15.1439384097487
86840,3.6538913510539,0.0030023356078,0.0480064383862,0.0701341897378,0.0000005999994,15.1439384097487
86904,3.6538370162932,0.0029175925306,0.0480613791891,0.0701167241583,0.0000005879994,15.1439384097487
86965,3.6538183031661,0.0029175925306,0.0480321340730,0.0701060146845,0.0000005879994,15.1439384097487
87040,3.6537612967686,0.0029644265508,0.0479141568058,0.0700831450324,0.0000005879994,15.1439384097487
87046,3.6539022034189,0.0029158791580,0.0479396436333,0.0700734352650,0.0000005762394,15.1439384097487
87155,3.6538088701657,0.0028746810868,0.0479543685066,0.0700597171728,0.0000005762394,15.1439384097487
87232,3.6538716955103,0.0028746810868,0.0479342077268,0.0700534058687,0.0000005647146,15.1439384097487
87338,3.6538109761277,0.0028829890156,0.0478708042190,0.0700334631245,0.0000005534203,15.1439384097487
87530,3.6539615314290,0.0028652933477,0.0478476280517,0.0700197324116,0.0000005423519,15.1439384097487
87599,3.6539394405027,0.0029215151071,0.0477688435419,0.0700153775413,0.0000005315049,15.1439384097487
87941,3.6539229933573,0.0029393650336,0.0477344997085,0.0700105291290,0.0000005002482,15.1439384097487
87953,3.6538703750119,0.0029183803514,0.0477477839799,0.0700055355304,0.0000005002482,15.1439384097487
88092,3.6539673557726,0.0028715463312,0.0477900747286,0.0700019399175,0.0000004902432,15.1439384097487
88165,3.6539396830017,0.0029183803514,0.0476842273581,0.0699838174403,0.0000004902432,15.1439384097487
88442,3.6538929597293,0.0028829890156,0.0477270460390,0.0699832809798,0.0000004614130,15.1439384097487
88626,3.6538734866938,0.0028900298200,0.0476633547630,0.0699632760410,0.0000004521847,15.1439384097487
88816,3.6537863168513,0.0028900298200,0.0476642100762,0.0699623480625,0.0000004431410,15.1439384097487
88837,3.6537231162739,0.0028198641828,0.0477169043345,0.0699502021692,0.0000004431410,15.1439384097487
88860,3.6536907694235,0.0028236159729,0.0476732303404,0.0699357545185,0.0000004431410,15.1439384097487
88913,3.6537572809996,0.0028666982030,0.0476150410232,0.0699343775667,0.0000004342782,15.1439384097487
88921,3.6537955659693,0.0028751603904,0.0475779438721,0.0699252969656,0.0000004342782,15.1439384097487
89364,3.6537748696164,0.0029219944106,0.0475219123461,0.0699250645773,0.0000004087392,15.1439384097487
89785,3.6537888289985,0.0029257462008,0.0475161595385,0.0699248154375,0.0000003770080,15.1439384097487
89941,3.6538591028583,0.0029688284309,0.0474579517616,0.0699234851291,0.0000003694678,15.1439384097487
90074,3.6538459253474,0.0029786954736,0.0474226999834,0.0699149374800,0.0000003694678,15.1439384097487
90113,3.6537655262304,0.0029318614534,0.0474782193439,0.0699135564580,0.0000003620785,15.1439384097487
90270,3.6537464643186,0.0029506534594,0.0474478369493,0.0699104895949,0.0000003548369,15.1439384097487
90327,3.6538717342022,0.0029506534594,0.0474116861526,0.0698993511565,0.0000003477402,15.1439384097487
90339,3.6539300179034,0.0029506534594,0.0473975422524,0.0698951244741,0.0000003477402,15.1439384097487
90477,3.6540908021567,0.0028648140441,0.0474536985020,0.0698806670430,0.0000003407854,15.1439384097487
90495,3.6540937583070,0.0028183050688,0.0475031853883,0.0698784503424,0.0000003407854,15.1439384097487
90496,3.6540080523515,0.0028651390891,0.0473830500946,0.0698544038698,0.0000003407854,15.1439384097487
91257,3.6540112372891,0.0028651390891,0.0473468162000,0.0698415082598,0.0000003080430,15.1439384097487
91631,3.6540910873965,0.0028950487345,0.0472872511437,0.0698341833185,0.0000002841290,15.1439384097487
91848,3.6540060322076,0.0029418827547,0.0472274035558,0.0698316773777,0.0000002784465,15.1439384097487
91902,3.6539926044308,0.0029395358199,0.0472148731481,0.0698260064008,0.0000002784465,15.1439384097487
91921,3.6539807955724,0.0029395358199,0.0471834344654,0.0698146112053,0.0000002728775,15.1439384097487
91928,3.6540118540028,0.0029395358199,0.0471463969964,0.0698018230125,0.0000002728775,15.1439384097487
92081,3.6540410136876,0.0029863698402,0.0470728662105,0.0697960463480,0.0000002674200,15.1439384097487
92163,3.6539408949638,0.0029395358199,0.0471013772070,0.0697847404506,0.0000002620716,15.1439384097487
92413,3.6540089449578,0.0029044530013,0.0471188972665,0.0697769250239,0.0000002568301,15.1439384097487
92587,3.6539845242934,0.0029163584616,0.0470808890394,0.0697681074464,0.0000002466597,15.1439384097487
92616,3.6540803046836,0.0029503449421,0.0470027291758,0.0697561141300,0.0000002466597,15.1439384097487
92771,3.6540441477628,0.0029503449421,0.0469741997197,0.0697454134206,0.0000002417265,15.1439384097487
93303,3.6540425583464,0.0029096261745,0.0470153200342,0.0697426258566,0.0000002229608,15.1439384097487
93391,3.6540774142129,0.0028627921543,0.0470569860846,0.0697379280741,0.0000002185016,15.1439384097487
93479,3.6540003476860,0.0028687366205,0.0470338636160,0.0697311271918,0.0000002185016,15.1439384097487
93947,3.6539430692955,0.0029155706408,0.0469726402890,0.0697285229555,0.0000002015389,15.1439384097487
94000,3.6539749970837,0.0029155706408,0.0469595406141,0.0697242962762,0.0000002015389,15.1439384097487
94233,3.6540544988793,0.0029624046610,0.0468980532150,0.0697235331589,0.0000001896868,15.1439384097487
94258,3.6540287271665,0.0029155706408,0.0469342938182,0.0697160398405,0.0000001896868,15.1439384097487
94408,3.6539215526337,0.0028576189811,0.0469507575897,0.0696955668208,0.0000001858931,15.1439384097487
94458,3.6540077241104,0.0028576189811,0.0469382271820,0.0696923109958,0.0000001858931,15.1439384097487
94894,3.6539959271420,0.0028516745148,0.0469417729807,0.0696908627978,0.0000001714618,15.1439384097487
95193,3.6539990198181,0.0028742183109,0.0469046970239,0.0696873267727,0.0000001646720,15.1439384097487
95626,3.6539311538406,0.0028876828852,0.0468389937295,0.0696686715432,0.0000001549879,15.1439384097487
95629,3.6539822225593,0.0029119731093,0.0467974086695,0.0696649524511,0.0000001549879,15.1439384097487
95913,3.6538908877763,0.0029119731093,0.0467350921351,0.0696414041649,0.0000001458734,15.1439384097487
96026,3.6538011959301,0.0029418827547,0.0466724930691,0.0696305966414,0.0000001458734,15.1439384097487
96098,3.6537485978290,0.0028950487345,0.0466855189055,0.0696144327433,0.0000001429559,15.1439384097487
96369,3.6537278907031,0.0028651390891,0.0466226188482,0.0695788570132,0.0000001372949,15.1439384097487
96471,3.6538058785047,0.0028699872172,0.0465993671622,0.0695737341310,0.0000001345490,15.1439384097487
96531,3.6538122887154,0.0028925310134,0.0465637812048,0.0695707771915,0.0000001345490,15.1439384097487
96535,3.6537546478075,0.0029393650336,0.0465005801562,0.0695674614964,0.0000001345490,15.1439384097487
96658,3.6537301680290,0.0029393650336,0.0464603851812,0.0695527597609,0.0000001318580,15.1439384097487
96804,3.6536996396557,0.0029636552577,0.0464188001212,0.0695478860754,0.0000001266364,15.1439384097487
96837,3.6535888011371,0.0029393650336,0.0464474147237,0.0695461271226,0.0000001266364,15.1439384097487
96944,3.6535923122600,0.0028801627772,0.0464494995832,0.0695215490019,0.0000001241037,15.1439384097487
97012,3.6534941061860,0.0029044530013,0.0464208849808,0.0695203499877,0.0000001241037,15.1439384097487
97041,3.6535346366828,0.0029512870216,0.0463418797495,0.0695127790604,0.0000001241037,15.1439384097487
97232,3.6535099188436,0.0029442462172,0.0463437005370,0.0695100620983,0.0000001191892,15.1439384097487
97252,3.6534176732376,0.0029704040725,0.0462794247406,0.0694970116971,0.0000001168054,15.1439384097487
97254,3.6533410228388,0.0029235700523,0.0462148664126,0.0694527988304,0.0000001168054,15.1439384097487
97334,3.6533992878458,0.0029132237060,0.0461727589191,0.0694341507374,0.0000001168054,15.1439384097487
97387,3.6534045030207,0.0029132237060,0.0461711454267,0.0694336482844,0.0000001168054,15.1439384097487
97464,3.6533920519275,0.0028822177225,0.0461882548241,0.0694262943227,0.0000001144693,15.1439384097487
97568,3.6533786346742,0.0029063371603,0.0461527498572,0.0694237610261,0.0000001144693,15.1439384097487
97632,3.6534194445191,0.0028941231827,0.0461350555387,0.0694127845214,0.0000001121799,15.1439384097487
97893,3.6533986412110,0.0029166669789,0.0460994695814,0.0694094425124,0.0000001077376,15.1439384097487
98100,3.6533216073126,0.0029218401520,0.0460707996000,0.0694003302831,0.0000001034712,15.1439384097487
98270,3.6533879189872,0.0029686741722,0.0460056762086,0.0693980819577,0.0000000993737,15.1439384097487
98364,3.6533783848476,0.0030236453349,0.0459267299616,0.0693933110318,0.0000000993737,15.1439384097487
98393,3.6533544593069,0.0030175300823,0.0458842325101,0.0693751740032,0.0000000993737,15.1439384097487
98616,3.6533297089477,0.0029768113147,0.0459253528246,0.0693720587134,0.0000000954385,15.1439384097487
98687,3.6533755868642,0.0029299772945,0.0459115733195,0.0693477149081,0.0000000954385,15.1439384097487
98789,3.6534306732532,0.0028831432742,0.0459534339881,0.0693433728927,0.0000000935298,15.1439384097487
98812,3.6534697032776,0.0028839310951,0.0458732974325,0.0693156426040,0.0000000935298,15.1439384097487
98902,3.6533584265691,0.0028839310951,0.0458755238428,0.0693148631925,0.0000000935298,15.1439384097487
98914,3.6533904513253,0.0028255166595,0.0458950271536,0.0692972470507,0.0000000935298,15.1439384097487
