0,3.12456,0.555358,0.320124,0.396553,100000.000000
1,3.1246285170074,0.5553584234398,0.3200494607039,0.3965274159802,100000.0000000000000,15.1439384097487
2,3.1246426377144,0.5553584234398,0.3198580166138,0.3964592428980,100000.0000000000000,15.1439384097487
3,3.1247370893068,0.5552407902202,0.3198280361207,0.3963994578257,100000.0000000000000,15.1439384097487
4,3.1247446861423,0.5552407902202,0.3198021496823,0.3963903201639,100000.0000000000000,15.1439384097487
5,3.1248140957482,0.5551939562000,0.3198293998254,0.3963809627761,100000.0000000000000,15.1439384097487
6,3.1248915239354,0.5551939562000,0.3197393090849,0.3963498831153,100000.0000000000000,15.1439384097487
7,3.1248963050025,0.5551471221798,0.3197209799295,0.3963233329172,100000.0000000000000,15.1439384097487
8,3.1249073981482,0.5551471221798,0.3194484460992,0.3962261563737,100000.0000000000000,15.1439384097487
9,3.1249303834733,0.5551002881595,0.3194407112118,0.3962036474317,100000.0000000000000,15.1439384097487
10,3.1249940744776,0.5551002881595,0.3194351046313,0.3962025463050,100000.0000000000000,15.1439384097487
11,3.1251262821829,0.5549826549399,0.3192669753305,0.3960939566194,100000.0000000000000,15.1439384097487
12,3.1251964669774,0.5549826549399,0.3191335762176,0.3960473071892,100000.0000000000000,15.1439384097487
13,3.1253191681040,0.5548650217203,0.3190887906501,0.3959826343194,100000.0000000000000,15.1439384097487
14,3.1253211251288,0.5547473885007,0.3190395132481,0.3959146487020,100000.0000000000000,15.1439384097487
15,3.1253915904623,0.5547473885007,0.3188942132360,0.3958637529203,100000.0000000000000,15.1439384097487
137,3.1275712691511,0.5486337500946,0.3257517069289,0.3957235693726,98000.0000000000000,15.1439384097487
138,3.1275758076002,0.5485161168750,0.3256303245321,0.3956298684984,98000.0000000000000,15.1439384097487
139,3.1275335754794,0.5484692828547,0.3255974326354,0.3955974520878,98000.0000000000000,15.1439384097487
140,3.1276245841184,0.5483516496351,0.3255268901016,0.3955231318549,98000.0000000000000,15.1439384097487
141,3.1276254676180,0.5483516496351,0.3240272838944,0.3949875707109,98000.0000000000000,15.1439384097487
142,3.1277452452151,0.5482340164155,0.3237455543022,0.3948382336074,98000.0000000000000,15.1439384097487
143,3.1277683777642,0.5481163831959,0.3237013237667,0.3947723500746,98000.0000000000000,15.1439384097487
14327,3.3819755514289,0.1689634820914,0.6778606078946,0.3623607227011,615.1359011998615,15.1439384097487
14328,3.3819102132360,0.1689634820914,0.6777230612364,0.3623106743636,615.1359011998615,15.1439384097487
14329,3.3820353370598,0.1689052219145,0.6776265736796,0.3622530163684,615.1359011998615,15.1439384097487
14330,3.3820824999642,0.1689052219145,0.6773054140139,0.3621389838397,615.1359011998615,15.1439384097487
14338,3.3826412953123,0.1687006529415,0.5740287920332,0.3251747104892,615.1359011998615,15.1439384097487
14339,3.3826508462479,0.1687247723793,0.5737218956434,0.3250755766827,615.1359011998615,15.1439384097487
14340,3.3826412755884,0.1686560115974,0.5735347585103,0.3249791376616,615.1359011998615,15.1439384097487
14342,3.3827337719426,0.1684915443576,0.5730882586605,0.3247504962868,615.1359011998615,15.1439384097487
14343,3.3827104711010,0.1684929657406,0.5730326176029,0.3247309039393,615.1359011998615,15.1439384097487
14344,3.3828140788250,0.1684929657406,0.5729584063064,0.3247058659472,615.1359011998615,15.1439384097487
14345,3.3826882660663,0.1684461317204,0.5728916832349,0.3246601843138,615.1359011998615,15.1439384097487
14349,3.3824273342559,0.1685637649400,0.5726509402146,0.3246209267330,615.1359011998615,15.1439384097487
14351,3.3826778024539,0.1685169309198,0.5725842358527,0.3245805761319,615.1359011998615,15.1439384097487
14352,3.3826939870023,0.1685169309198,0.5710767149203,0.3240424048092,615.1359011998615,15.1439384097487
14358,3.3827906894194,0.1685419924370,0.4770226895369,0.2904637904409,615.1359011998615,15.1439384097487
14359,3.3828446872428,0.1685419924370,0.4765876125172,0.2903091698566,615.1359011998615,15.1439384097487
14360,3.3826884680055,0.1685419924370,0.4765933500407,0.2903090084804,615.1359011998615,15.1439384097487
14361,3.3825736866496,0.1685419924370,0.4759761968749,0.2900869724869,615.1359011998615,15.1439384097487
14362,3.3826388491727,0.1684951584168,0.4759792137395,0.2900689002610,615.1359011998615,15.1439384097487
14363,3.3826692906347,0.1684951584168,0.4758581569889,0.2900260964518,615.1359011998615,15.1439384097487
14367,3.3825545273827,0.1682020945765,0.4758199295477,0.2898852211133,602.8331831758642,15.1439384097487
14370,3.3827340683683,0.1681552605563,0.4756408442505,0.2898037308485,602.8331831758642,15.1439384097487
14433,3.3834762122740,0.1673036152183,0.4764695360661,0.2897452026387,602.8331831758642,15.1439384097487
14434,3.3835415665576,0.1673092511674,0.4763428554997,0.2897032997447,602.8331831758642,15.1439384097487
14539,3.3851746491034,0.1660054187088,0.4774890424866,0.2895769749093,567.3817693396579,15.1439384097487
14540,3.3852796084076,0.1660054187088,0.4773597553778,0.2895322861090,567.3817693396579,15.1439384097487
14541,3.3852172985921,0.1659585846886,0.4773546533192,0.2895095105425,567.3817693396579,15.1439384097487
14542,3.3853116588589,0.1659585846886,0.4773241105169,0.2894999375903,567.3817693396579,15.1439384097487
14543,3.3854339013821,0.1659585846886,0.4772762928568,0.2894845895781,567.3817693396579,15.1439384097487
14544,3.3853620509919,0.1659117506683,0.4771882190324,0.2894320462396,567.3817693396579,15.1439384097487
14545,3.3853853029289,0.1658649166481,0.4771715779600,0.2894063602899,567.3817693396579,15.1439384097487
14546,3.3854866112972,0.1658649166481,0.4771198413312,0.2893893164291,567.3817693396579,15.1439384097487
14554,3.3855616785764,0.1656262069360,0.4772865192352,0.2893476022866,567.3817693396579,15.1439384097487
14555,3.3855123052133,0.1655793729158,0.4773109761579,0.2893355665491,567.3817693396579,15.1439384097487
14556,3.3856009071948,0.1655793729158,0.4769260170226,0.2891993348557,567.3817693396579,15.1439384097487
14557,3.3856612032592,0.1655793729158,0.4768966250162,0.2891896908958,567.3817693396579,15.1439384097487
14558,3.3857148802674,0.1655793729158,0.4765204189932,0.2890560911280,567.3817693396579,15.1439384097487
14559,3.3856884553283,0.1655793729158,0.4764980124246,0.2890477148710,567.3817693396579,15.1439384097487
14560,3.3857510209931,0.1655793729158,0.4764024244691,0.2890144616154,567.3817693396579,15.1439384097487
14562,3.3857042481775,0.1655325388955,0.4763937920921,0.2889906450684,567.3817693396579,15.1439384097487
14564,3.3857928027510,0.1655793729158,0.4763179169076,0.2889848715525,567.3817693396579,15.1439384097487
14565,3.3857428741166,0.1655793729158,0.4762680632947,0.2889663602039,567.3817693396579,15.1439384097487
14566,3.3856449108579,0.1655958179870,0.4760419999781,0.2888912850192,567.3817693396579,15.1439384097487
14568,3.3856341455351,0.1655958179870,0.4760384898542,0.2888898790750,567.3817693396579,15.1439384097487
14569,3.3857267683338,0.1656426520072,0.4757452112247,0.2888065190367,567.3817693396579,15.1439384097487
14573,3.3858682767255,0.1654824158611,0.4759280671956,0.2888051544407,567.3817693396579,15.1439384097487
14574,3.3857356258007,0.1653807649368,0.4760161924625,0.2887911860668,567.3817693396579,15.1439384097487
14575,3.3857927136405,0.1653339309166,0.4758667811776,0.2887185609598,567.3817693396579,15.1439384097487
14576,3.3857715589752,0.1653882850447,0.4753589869735,0.2885602011762,567.3817693396579,15.1439384097487
14589,3.3858550406374,0.1647719226738,0.4759338064923,0.2885025198195,567.3817693396579,15.1439384097487
14590,3.3859248726727,0.1647719226738,0.4758839344198,0.2884856964837,567.3817693396579,15.1439384097487
15083,3.3921648825074,0.1553933674257,0.4732943364417,0.2836297549636,473.0532804603846,15.1439384097487
15084,3.3921596594570,0.1553465334054,0.4732304258466,0.2835867841223,473.0532804603846,15.1439384097487
15088,3.3920681105980,0.1550634908665,0.4735213205234,0.2835680757228,473.0532804603846,15.1439384097487
15089,3.3920972335564,0.1550634908665,0.4734943607909,0.2835588593348,473.0532804603846,15.1439384097487
15090,3.3919584890551,0.1550634908665,0.4734089959383,0.2835264086621,473.0532804603846,15.1439384097487
15091,3.3919254777520,0.1550634908665,0.4733855231672,0.2835175584218,473.0532804603846,15.1439384097487
15093,3.3919655681923,0.1550166568463,0.4732905812234,0.2834641461388,473.0532804603846,15.1439384097487
15094,3.3921008910509,0.1550166568463,0.4732726623373,0.2834596613460,473.0532804603846,15.1439384097487
15107,3.3924187668986,0.1545815153036,0.4735667591043,0.2833827045951,473.0532804603846,15.1439384097487
15108,3.3924630395034,0.1544638820840,0.4736334283604,0.2833567272611,473.0532804603846,15.1439384097487
15109,3.3924797524306,0.1544638820840,0.4734826724759,0.2833031223606,473.0532804603846,15.1439384097487
15163,3.3937098668210,0.1534443592888,0.3917511463430,0.2536937592942,454.3203705541533,15.1439384097487
15164,3.3937725882759,0.1534443592888,0.3916709023763,0.2536659882391,454.3203705541533,15.1439384097487
15165,3.3937387954402,0.1534443592888,0.3916634272496,0.2536628403846,454.3203705541533,15.1439384097487
15166,3.3938327645273,0.1534443592888,0.3915206940063,0.2536131938826,454.3203705541533,15.1439384097487
15177,3.3939465580452,0.1532651768780,0.3916023142424,0.2535671616758,454.3203705541533,15.1439384097487
15302,3.3964897378514,0.1507606007959,0.3910972214862,0.2523493674802,427.6026982026046,15.1439384097487
15303,3.3965807440781,0.1507606007959,0.3909586803595,0.2523011762384,427.6026982026046,15.1439384097487
15304,3.3967356841636,0.1507606007959,0.3907183345988,0.2522175308585,427.6026982026046,15.1439384097487
15306,3.3966815141350,0.1505961335561,0.3908688076058,0.2522000187560,427.6026982026046,15.1439384097487
15307,3.3967718599151,0.1505961335561,0.3908590119083,0.2521977986793,427.6026982026046,15.1439384097487
15308,3.3968725063798,0.1505961335561,0.3907539855122,0.2521617133929,427.6026982026046,15.1439384097487
15309,3.3969517865847,0.1505492995358,0.3907831926059,0.2521531945844,427.6026982026046,15.1439384097487
15310,3.3969278501897,0.1505492995358,0.3907459565686,0.2521395573013,427.6026982026046,15.1439384097487
15311,3.3969183436310,0.1505492995358,0.3906340754573,0.2520994652443,427.6026982026046,15.1439384097487
15312,3.3969753606545,0.1505024655156,0.3906457803552,0.2520843806291,427.6026982026046,15.1439384097487
15313,3.3970299075231,0.1505024655156,0.3904028523800,0.2519983924725,427.6026982026046,15.1439384097487
15619,3.4010352424989,0.1452831800495,0.3910820563574,0.2500608039149,394.4071139521718,15.1439384097487
15621,3.4009249530014,0.1452831800495,0.3909744197667,0.2500208016864,394.4071139521718,15.1439384097487
15622,3.4009346818470,0.1452831800495,0.3909316193199,0.2500056534750,394.4071139521718,15.1439384097487
15628,3.4010682205205,0.1452831800495,0.3908985058159,0.2499957167869,394.4071139521718,15.1439384097487
15639,3.4015335534537,0.1451511567039,0.3907758854398,0.2499019267915,394.4071139521718,15.1439384097487
15654,3.4017345067876,0.1451043226837,0.3907886295290,0.2498892500052,378.7885922396657,15.1439384097487
15674,3.4013806164940,0.1444387793577,0.3186695869746,0.2238422087149,378.7885922396657,15.1439384097487
15677,3.4015553062438,0.1443885020646,0.3186353618290,0.2238109098856,378.7885922396657,15.1439384097487
15678,3.4014951487236,0.1443885020646,0.3185838622939,0.2237916659696,378.7885922396657,15.1439384097487
15679,3.4014380176782,0.1443227052520,0.3185884771915,0.2237643071128,378.7885922396657,15.1439384097487
15680,3.4012943789457,0.1443227052520,0.3185179351037,0.2237370810316,378.7885922396657,15.1439384097487
15681,3.4012450992118,0.1442515810077,0.3185689476107,0.2237241206602,378.7885922396657,15.1439384097487
15682,3.4013750299501,0.1442984150279,0.3179901387521,0.2235393134449,378.7885922396657,15.1439384097487
15683,3.4014813276145,0.1441807818083,0.3179975018295,0.2234930329832,378.7885922396657,15.1439384097487
15685,3.4013634458526,0.1441422391891,0.3180412950038,0.2234904871182,378.7885922396657,15.1439384097487
15686,3.4015214251310,0.1441339477880,0.3177758753241,0.2233943763141,378.7885922396657,15.1439384097487
15689,3.4017501169207,0.1440163145684,0.3178981873503,0.2233908809171,378.7885922396657,15.1439384097487
15691,3.4017280059799,0.1438986813488,0.3179170038350,0.2233468739849,378.7885922396657,15.1439384097487
15692,3.4017123014944,0.1438518473286,0.3176556732379,0.2232332476885,378.7885922396657,15.1439384097487
15698,3.4016926043859,0.1437810481292,0.3176848868333,0.2232130598886,378.7885922396657,15.1439384097487
15699,3.4016129075933,0.1437810481292,0.3176612957184,0.2232035067861,378.7885922396657,15.1439384097487
15700,3.4015442912273,0.1437342141089,0.3177032432888,0.2231974454213,378.7885922396657,15.1439384097487
15701,3.4015603759356,0.1437342141089,0.3176847799915,0.2231910789841,378.7885922396657,15.1439384097487
27412,3.5142316066947,0.0182884011750,0.3825171820085,0.1941773073880,5.7835508652676,15.1439384097487
27417,3.5143093945553,0.0182884011750,0.3819187334572,0.1939646764556,5.7835508652676,15.1439384097487
27418,3.5143023240574,0.0183065761465,0.3818940292117,0.1939635427372,5.7835508652676,15.1439384097487
27419,3.5142665489658,0.0182597421263,0.3819379955916,0.1939586670776,5.7835508652676,15.1439384097487
27420,3.5142201047493,0.0182129081061,0.3819368704005,0.1939375363181,5.7835508652676,15.1439384097487
27421,3.5141806957473,0.0182508171630,0.3818781624688,0.1939322583036,5.7835508652676,15.1439384097487
27422,3.5141321425955,0.0182129081061,0.3817360302992,0.1938645630519,5.7835508652676,15.1439384097487
27423,3.5142809067173,0.0182129081061,0.3817129559140,0.1938584272024,5.7835508652676,15.1439384097487
27426,3.5143772122168,0.0182259099044,0.3814867263834,0.1937845658571,5.7835508652676,15.1439384097487
27433,3.5143795723396,0.0181790758842,0.3811380914390,0.1936400150496,5.7835508652676,15.1439384097487
27434,3.5143959956053,0.0182168306825,0.3810380965490,0.1936207156049,5.7835508652676,15.1439384097487
27435,3.5143166421629,0.0183255389389,0.3807378193950,0.1935589401710,5.7835508652676,15.1439384097487
27436,3.5142960062991,0.0183255389389,0.3806606419178,0.1935310847902,5.7835508652676,15.1439384097487
27437,3.5143336480467,0.0182912274134,0.3806780331120,0.1935231236197,5.7835508652676,15.1439384097487
27438,3.5145260229836,0.0182912274134,0.3806243125209,0.1935066597868,5.7835508652676,15.1439384097487
27439,3.5145276327277,0.0182865335438,0.3805727210411,0.1934862453777,5.7835508652676,15.1439384097487
27448,3.5149343179183,0.0183333675641,0.3802307947821,0.1933899551477,5.7835508652676,15.1439384097487
27449,3.5148650255479,0.0183786424703,0.3800257579266,0.1933351507482,5.7835508652676,15.1439384097487
27450,3.5148475848997,0.0183318084501,0.3800678420014,0.1933298622680,5.7835508652676,15.1439384097487
27451,3.5147720091090,0.0183318084501,0.3800534702374,0.1933236601028,5.7835508652676,15.1439384097487
27452,3.5148947868895,0.0183318084501,0.3800483027484,0.1933235518683,5.7835508652676,15.1439384097487
27457,3.5152001801100,0.0181501248459,0.3798947286055,0.1931951608520,5.6678798479623,15.1439384097487
27458,3.5152614659161,0.0181501248459,0.3798138807240,0.1931671537986,5.6678798479623,15.1439384097487
27469,3.5153792066126,0.0180387611375,0.3796731774967,0.1930708413654,5.6678798479623,15.1439384097487
27472,3.5153751847123,0.0181125243062,0.3794331069429,0.1930166577588,5.6678798479623,15.1439384097487
27473,3.5154292396297,0.0181593583264,0.3793692950150,0.1930147043810,5.6678798479623,15.1439384097487
27474,3.5155145750601,0.0181502791045,0.3793090377626,0.1929905003293,5.6678798479623,15.1439384097487
27475,3.5156510007582,0.0181921107379,0.3792267547294,0.1929809717891,5.6678798479623,15.1439384097487
27476,3.5156208048506,0.0181880339029,0.3791363324273,0.1929465036246,5.6678798479623,15.1439384097487
27557,3.5173576940532,0.0173570647299,0.3785271139523,0.1923973728182,5.4434318059830,15.1439384097487
27559,3.5173089157674,0.0173570647299,0.3783720864049,0.1923413156275,5.4434318059830,15.1439384097487
27560,3.5172874723672,0.0173570647299,0.3782581592068,0.1923003239198,5.4434318059830,15.1439384097487
27561,3.5172050714248,0.0173102307096,0.3781373486837,0.1922359396136,5.4434318059830,15.1439384097487
27562,3.5171442783565,0.0173479855080,0.3779797981944,0.1921949919917,5.4434318059830,15.1439384097487
27563,3.5170715883589,0.0173479855080,0.3778251469258,0.1921387308372,5.4434318059830,15.1439384097487
27568,3.5171278366594,0.0174780034914,0.3770637432331,0.1919233188496,5.4434318059830,15.1439384097487
27569,3.5171852237016,0.0174311694712,0.3770730858645,0.1919073958035,5.4434318059830,15.1439384097487
28003,3.5200016558211,0.0158407850900,0.3780220750369,0.1916045795276,4.7255821392611,15.1439384097487
28004,3.5199483609534,0.0158407850900,0.3779320403376,0.1915716701590,4.7255821392611,15.1439384097487
28005,3.5200288780228,0.0157939510698,0.3779085929724,0.1915443636882,4.7255821392611,15.1439384097487
28006,3.5200320346227,0.0157795278884,0.3779241791932,0.1915437934978,4.7255821392611,15.1439384097487
28007,3.5199242864807,0.0158263619086,0.3778363908198,0.1915309876013,4.7255821392611,15.1439384097487
28045,3.5200972762092,0.0159116008171,0.3759717617092,0.1909040273871,4.7255821392611,15.1439384097487
28046,3.5201586863293,0.0159116008171,0.3758788267030,0.1908717052625,4.7255821392611,15.1439384097487
28048,3.5202392125503,0.0158110297032,0.3759714735417,0.1908628309539,4.7255821392611,15.1439384097487
28049,3.5202362608387,0.0158110297032,0.3759321608826,0.1908487489520,4.7255821392611,15.1439384097487
28051,3.5201947610745,0.0158348406237,0.3758164396587,0.1908170374048,4.5384490865464,15.1439384097487
28075,3.5205801934349,0.0156250984776,0.3758853373801,0.1907572080847,4.5384490865464,15.1439384097487
28078,3.5208056855769,0.0156250984776,0.3758595763451,0.1907511984138,4.5384490865464,15.1439384097487
28079,3.5209007809217,0.0156250984776,0.3757685624616,0.1907200390482,4.5384490865464,15.1439384097487
28081,3.5209846734926,0.0156155399521,0.3756101321480,0.1906605473567,4.5384490865464,15.1439384097487
28091,3.5207244845070,0.0157306719783,0.3750038125303,0.1904896652762,4.5384490865464,15.1439384097487
28102,3.5207806818902,0.0156370039379,0.3749970059705,0.1904478861054,4.5384490865464,15.1439384097487
28358,3.5198120965475,0.0147421882221,0.3756574179351,0.1902865496539,4.1861209332115,15.1439384097487
28359,3.5199042610209,0.0147421882221,0.3753108773466,0.1901640892792,4.1861209332115,15.1439384097487
28360,3.5197998425852,0.0147421882221,0.3750225585891,0.1900596407804,4.1861209332115,15.1439384097487
28406,3.5201077374904,0.0147374778248,0.3749383025817,0.1900318872998,4.0203505442563,15.1439384097487
28407,3.5200833650093,0.0146973926194,0.3745268855642,0.1898674284080,4.0203505442563,15.1439384097487
28408,3.5201171937166,0.0146381738353,0.3745731099891,0.1898590363262,4.0203505442563,15.1439384097487
28409,3.5202166787146,0.0145205406157,0.3746354761651,0.1898323034296,4.0203505442563,15.1439384097487
28410,3.5200670328652,0.0145106735729,0.3746393001871,0.1898273229404,4.0203505442563,15.1439384097487
28523,3.5197842328407,0.0142668072154,0.3745466857056,0.1896857305852,3.9399435333712,15.1439384097487
28524,3.5198041155454,0.0142668072154,0.3743570242351,0.1896182756847,3.9399435333712,15.1439384097487
28527,3.5199143604531,0.0140420413811,0.3745095383549,0.1895779767565,3.9399435333712,15.1439384097487
28530,3.5202167051762,0.0139576233488,0.3744882280449,0.1895384649324,3.9399435333712,15.1439384097487
28534,3.5202389036241,0.0139576233488,0.3744039946557,0.1895086956857,3.9399435333712,15.1439384097487
28554,3.5203746830508,0.0137931561090,0.3745528713700,0.1894933012507,3.9399435333712,15.1439384097487
28565,3.5205306193567,0.0140079006419,0.3012765098907,0.1634174120105,3.7839217694497,15.1439384097487
28566,3.5205700366116,0.0140954534298,0.3010809785406,0.1633856597603,3.7839217694497,15.1439384097487
28594,3.5207094136763,0.0137591531008,0.2413939195174,0.1419266964300,3.7839217694497,15.1439384097487
28595,3.5207983775605,0.0137682323227,0.2413393751937,0.1419123662425,3.7839217694497,15.1439384097487
28596,3.5208643456292,0.0138150663429,0.2412089617483,0.1418867951787,3.7839217694497,15.1439384097487
28597,3.5207593378951,0.0138045822657,0.2412023484031,0.1418784542414,3.7839217694497,15.1439384097487
28636,3.5210966410802,0.0137162581847,0.2412733452109,0.1418707298841,3.7839217694497,15.1439384097487
28637,3.5211792787421,0.0137162581847,0.2406662013263,0.1416550620998,3.7839217694497,15.1439384097487
28638,3.5212253032262,0.0136694241645,0.2406214776069,0.1416196688633,3.7839217694497,15.1439384097487
28655,3.5209730934171,0.0136073791420,0.1912487961426,0.1239564088645,3.7082433340607,15.1439384097487
28659,3.5211492625737,0.0137010471825,0.1907345368175,0.1238153810475,3.7082433340607,15.1439384097487
28671,3.5211724129095,0.0136206894576,0.1907889589040,0.1238007060577,3.7082433340607,15.1439384097487
28675,3.5211794624836,0.0136767569584,0.1896529975993,0.1234191342717,3.7082433340607,15.1439384097487
28678,3.5212113007896,0.0136971246060,0.1895762625891,0.1234009084126,3.7082433340607,15.1439384097487
28679,3.5212347031354,0.0136748893271,0.1893714418228,0.1233185598754,3.7082433340607,15.1439384097487
28680,3.5212859520088,0.0135572561075,0.1889075212635,0.1231031848925,3.7082433340607,15.1439384097487
28681,3.5213010194142,0.0135572561075,0.1888727926348,0.1230909950136,3.7082433340607,15.1439384097487
41397,3.5821358411914,0.0043188613475,0.1734649755474,0.1144896998106,0.0401614310908,15.1439384097487
41398,3.5820779138747,0.0042594883048,0.1732785395001,0.1143968502506,0.0401614310908,15.1439384097487
41416,3.5819822725845,0.0041915153437,0.1733349452896,0.1143865105885,0.0401614310908,15.1439384097487
41421,3.5820246345254,0.0042842413047,0.1729928098133,0.1143046584632,0.0401614310908,15.1439384097487
41422,3.5819296182099,0.0042842413047,0.1728430679638,0.1142498347567,0.0401614310908,15.1439384097487
41423,3.5819320448944,0.0043310753250,0.1727531379970,0.1142378229718,0.0401614310908,15.1439384097487
41424,3.5819382951193,0.0043310753250,0.1725269107104,0.1141571159526,0.0401614310908,15.1439384097487
41425,3.5819267669192,0.0043779093452,0.1723665763283,0.1141197622730,0.0401614310908,15.1439384097487
41428,3.5817585705544,0.0043583295184,0.1722775907279,0.1140772103797,0.0401614310908,15.1439384097487
41429,3.5816931178854,0.0043583295184,0.1706335169386,0.1134891150184,0.0401614310908,15.1439384097487
41431,3.5816549565158,0.0043114954981,0.1706455115615,0.1134727871085,0.0393582024690,15.1439384097487
41434,3.5815342359534,0.0041896311848,0.1707309160749,0.1134493529697,0.0393582024690,15.1439384097487
41435,3.5814668573600,0.0041896311848,0.1707314371964,0.1134485856819,0.0393582024690,15.1439384097487
41436,3.5813935062960,0.0041896311848,0.1707063925870,0.1134386032659,0.0393582024690,15.1439384097487
41439,3.5813362139973,0.0041427971646,0.1693017291712,0.1129160553551,0.0393582024690,15.1439384097487
41441,3.5814068211632,0.0041542398490,0.1692392804036,0.1128996553181,0.0393582024690,15.1439384097487
41467,3.5821072141806,0.0045213919029,0.1685010339014,0.1128032572476,0.0393582024690,15.1439384097487
41468,3.5819878922348,0.0045682259231,0.1682301082745,0.1127248814205,0.0393582024690,15.1439384097487
41469,3.5821506339551,0.0046150599434,0.1680782099476,0.1126930065255,0.0393582024690,15.1439384097487
41470,3.5823705950852,0.0046001905138,0.1680315342304,0.1126730764491,0.0393582024690,15.1439384097487
41471,3.5823749605802,0.0046001905138,0.1678890182961,0.1126222396726,0.0393582024690,15.1439384097487
41472,3.5823592357899,0.0046001905138,0.1677817930125,0.1125837224237,0.0393582024690,15.1439384097487
41474,3.5821753776896,0.0046001905138,0.1677829292884,0.1125815266567,0.0393582024690,15.1439384097487
44434,3.5918230995444,0.0052473715542,0.1666208763769,0.1125803856809,0.0137654746675,15.1439384097487
44435,3.5917685897380,0.0052564507761,0.1666109732091,0.1125799686203,0.0134901651741,15.1439384097487
44436,3.5917162435572,0.0052940347881,0.1664454742869,0.1125362286011,0.0134901651741,15.1439384097487
44446,3.5920213080880,0.0052631995910,0.1663170040630,0.1124814479364,0.0134901651741,15.1439384097487
44447,3.5921153105048,0.0053100336112,0.1662389928493,0.1124749886396,0.0134901651741,15.1439384097487
44455,3.5920809713885,0.0052108838803,0.1662521740160,0.1124367175611,0.0134901651741,15.1439384097487
44478,3.5920605809753,0.0051060982004,0.1662510389142,0.1123911154961,0.0134901651741,15.1439384097487
44483,3.5920847184457,0.0049684223781,0.1663895287323,0.1123819137652,0.0134901651741,15.1439384097487
44492,3.5917586605179,0.0052224642956,0.1248200444437,0.0976399307860,0.0134901651741,15.1439384097487
44493,3.5919085151016,0.0052224642956,0.1247365979531,0.0976122489003,0.0134901651741,15.1439384097487
44494,3.5919521073087,0.0051756302754,0.1245848881805,0.0975386119425,0.0134901651741,15.1439384097487
44495,3.5919559808471,0.0052174619088,0.1244276548667,0.0975004398408,0.0134901651741,15.1439384097487
44496,3.5919303164153,0.0053350951284,0.1242719412256,0.0974948789131,0.0134901651741,15.1439384097487
44512,3.5920970045383,0.0049170652746,0.1244151145103,0.0973692152032,0.0134901651741,15.1439384097487
44513,3.5920261025885,0.0049048347694,0.1243283025109,0.0973319660148,0.0134901651741,15.1439384097487
44514,3.5920457808845,0.0048846379081,0.1243030101136,0.0973145556646,0.0134901651741,15.1439384097487
44515,3.5923060980745,0.0048503263826,0.1242600180387,0.0972881798834,0.0134901651741,15.1439384097487
44517,3.5924818927114,0.0048034923624,0.1241029849193,0.0972145123859,0.0134901651741,15.1439384097487
44519,3.5923646799843,0.0049098371562,0.1239261209942,0.0971952644863,0.0134901651741,15.1439384097487
44520,3.5922818518628,0.0048680055228,0.1239212584243,0.0971744279990,0.0134901651741,15.1439384097487
44530,3.5923182642968,0.0050241648339,0.1225109688192,0.0967381937925,0.0132203618706,15.1439384097487
44531,3.5923462130694,0.0049773308137,0.1224270280872,0.0966885387100,0.0132203618706,15.1439384097487
44551,3.5926842884009,0.0048821036592,0.1224841950483,0.0966729275875,0.0129559546332,15.1439384097487
44552,3.5926444069771,0.0048821036592,0.1220145436720,0.0965046306336,0.0129559546332,15.1439384097487
44553,3.5927766631693,0.0048821036592,0.1219703621293,0.0964907229275,0.0129559546332,15.1439384097487
44556,3.5926857960444,0.0048838170318,0.1219052290454,0.0964669096506,0.0129559546332,15.1439384097487
44558,3.5925232277113,0.0048606396735,0.1218850155657,0.0964474570661,0.0129559546332,15.1439384097487
44559,3.5924678597154,0.0048606396735,0.1218732504400,0.0964424717821,0.0129559546332,15.1439384097487
44560,3.5926955445581,0.0048606396735,0.1218634547425,0.0964421950440,0.0129559546332,15.1439384097487
44564,3.5924275899653,0.0048138056533,0.1219156472561,0.0964369719649,0.0129559546332,15.1439384097487
44578,3.5926977746266,0.0049018542724,0.1217605423901,0.0964231355873,0.0129559546332,15.1439384097487
44585,3.5929837785196,0.0047524272484,0.1218442849149,0.0963930504146,0.0129559546332,15.1439384097487
44653,3.5944049076193,0.0047297126660,0.0938185938796,0.0863942491054,0.0126968355406,15.1439384097487
44654,3.5944428028206,0.0047663711262,0.0936914136115,0.0863650745643,0.0126968355406,15.1439384097487
44655,3.5945030931386,0.0047081109493,0.0937076250115,0.0863467488068,0.0126968355406,15.1439384097487
44656,3.5945286803425,0.0047081109493,0.0936109980092,0.0863126012203,0.0126968355406,15.1439384097487
44659,3.5947101951524,0.0046366781877,0.0934078131469,0.0862119895798,0.0126968355406,15.1439384097487
44660,3.5946908560905,0.0046099032979,0.0934132058040,0.0862021669295,0.0126968355406,15.1439384097487
44672,3.5950234134940,0.0045911112919,0.0924391785045,0.0858509519850,0.0126968355406,15.1439384097487
44674,3.5951239097896,0.0046147679538,0.0923075501964,0.0858155024602,0.0126968355406,15.1439384097487
44759,3.5950717517241,0.0047229638512,0.0921779283339,0.0858148405750,0.0121940408532,15.1439384097487
44763,3.5955978528325,0.0047431772402,0.0910946436499,0.0854440603644,0.0121940408532,15.1439384097487
44767,3.5956363534903,0.0046963432200,0.0910897485480,0.0854227851725,0.0121940408532,15.1439384097487
44768,3.5956019163706,0.0047431772402,0.0909487090600,0.0853919983668,0.0121940408532,15.1439384097487
44769,3.5954917367557,0.0046665878332,0.0908990455596,0.0853398783366,0.0121940408532,15.1439384097487
44830,3.5955648358998,0.0042491750139,0.0912819012286,0.0852987556438,0.0119501600361,15.1439384097487
44833,3.5955853886400,0.0041551984561,0.0913151364631,0.0852706405227,0.0119501600361,15.1439384097487
44834,3.5955230043966,0.0041393869471,0.0913039640289,0.0852589912738,0.0119501600361,15.1439384097487
46420,3.6008077299578,0.0044037256279,0.0907643817657,0.0852543498414,0.0067874061993,15.1439384097487
46421,3.6007270000611,0.0043568916076,0.0907652328160,0.0852334397423,0.0067874061993,15.1439384097487
46422,3.6007739095568,0.0043100575874,0.0908168173442,0.0852324548314,0.0067874061993,15.1439384097487
46423,3.6007087386057,0.0042632235672,0.0906868617813,0.0851650482428,0.0067874061993,15.1439384097487
46424,3.6005605613612,0.0042799936833,0.0906573034398,0.0851595821868,0.0067874061993,15.1439384097487
46425,3.6007108216170,0.0043268277036,0.0905909398302,0.0851580787932,0.0066516580753,15.1439384097487
46427,3.6007987946199,0.0043100575874,0.0902374229122,0.0850258803705,0.0066516580753,15.1439384097487
46428,3.6006850399890,0.0042757460619,0.0900704658274,0.0849499382803,0.0066516580753,15.1439384097487
46433,3.6007558655976,0.0042914198400,0.0899698614421,0.0849217276538,0.0066516580753,15.1439384097487
46436,3.6007910252981,0.0043448484164,0.0897775056231,0.0848764246158,0.0066516580753,15.1439384097487
46437,3.6008684900668,0.0043211917545,0.0897220330548,0.0848475705361,0.0066516580753,15.1439384097487
46444,3.6008811950379,0.0043495092306,0.0896152770438,0.0848217592250,0.0066516580753,15.1439384097487
46448,3.6008849603082,0.0043026752104,0.0893058072474,0.0846912158531,0.0066516580753,15.1439384097487
46450,3.6007471446571,0.0043026752104,0.0892548297560,0.0846710595239,0.0066516580753,15.1439384097487
46453,3.6007008107097,0.0043101953183,0.0892056184003,0.0846560513209,0.0066516580753,15.1439384097487
46454,3.6008595439607,0.0042016413206,0.0892643905465,0.0846327642961,0.0066516580753,15.1439384097487
46455,3.6010030756974,0.0042016413206,0.0892401110117,0.0846261239981,0.0066516580753,15.1439384097487
46457,3.6009635083004,0.0043192745402,0.0890786403537,0.0846183102669,0.0066516580753,15.1439384097487
46472,3.6011349570935,0.0041200495267,0.0892002632720,0.0845787908638,0.0066516580753,15.1439384097487
46476,3.6011150530741,0.0041668835469,0.0891178087354,0.0845691328974,0.0066516580753,15.1439384097487
46484,3.6015448104843,0.0041387038018,0.0890877948745,0.0845524176663,0.0066516580753,15.1439384097487
46486,3.6016608456465,0.0040918697816,0.0890211249914,0.0845101771606,0.0066516580753,15.1439384097487
46488,3.6014636535787,0.0040652491504,0.0890219372328,0.0844962681503,0.0066516580753,15.1439384097487
46489,3.6013774596793,0.0040539772523,0.0889361463935,0.0844595781135,0.0066516580753,15.1439384097487
46490,3.6014197228187,0.0040391078228,0.0888243309197,0.0844138694236,0.0066516580753,15.1439384097487
46501,3.6016113583282,0.0042752832860,0.0885296359380,0.0844125509012,0.0066516580753,15.1439384097487
46503,3.6014638684792,0.0042867259704,0.0884944478764,0.0844028007725,0.0066516580753,15.1439384097487
46505,3.6014711553041,0.0043147514570,0.0884122173261,0.0843855467496,0.0066516580753,15.1439384097487
46506,3.6015096198552,0.0042918826159,0.0675863083612,0.0769384654583,0.0066516580753,15.1439384097487
46507,3.6015622537481,0.0043009618378,0.0675444676600,0.0769281582119,0.0066516580753,15.1439384097487
46631,3.6006850280597,0.0044028000761,0.0674193243647,0.0769146964524,0.0062604873672,15.1439384097487
46632,3.6006670685412,0.0044496340963,0.0673155521306,0.0768974525371,0.0062604873672,15.1439384097487
46727,3.6016674793060,0.0042347353048,0.0673290888059,0.0768243433273,0.0061352776199,15.1439384097487
46884,3.6015559840739,0.0037897597748,0.0678534560441,0.0768193358923,0.0057744742136,15.1439384097487
46885,3.6016052531760,0.0037897597748,0.0674557309245,0.0766779883612,0.0057744742136,15.1439384097487
46887,3.6016110002477,0.0036721265552,0.0675788707116,0.0766716339403,0.0057744742136,15.1439384097487
46899,3.6024713897912,0.0035591872051,0.0675470469189,0.0766240401759,0.0057744742136,15.1439384097487
46907,3.6021473714051,0.0035969420035,0.0674895464798,0.0766151000942,0.0057744742136,15.1439384097487
46908,3.6021408709534,0.0036215407448,0.0674536540901,0.0766127317203,0.0057744742136,15.1439384097487
46910,3.6021670108290,0.0036808972598,0.0672899522576,0.0765800751641,0.0057744742136,15.1439384097487
46911,3.6022297975387,0.0037031325387,0.0670930927826,0.0765201860417,0.0057744742136,15.1439384097487
46913,3.6022649003252,0.0036562985185,0.0671112235965,0.0765070863115,0.0057744742136,15.1439384097487
46915,3.6022885267180,0.0036653777404,0.0670823800569,0.0765010104543,0.0057744742136,15.1439384097487
46917,3.6025211729472,0.0037122117606,0.0668156887845,0.0764291272228,0.0057744742136,15.1439384097487
46923,3.6027638261704,0.0036508168281,0.0668231142525,0.0764089005886,0.0056589847293,15.1439384097487
46924,3.6027171964505,0.0037460439825,0.0665825698688,0.0763631437103,0.0056589847293,15.1439384097487
50523,3.6120095159682,0.0042090567530,0.0655289403754,0.0763167672061,0.0015848249169,15.1439384097487
50524,3.6119478934425,0.0042090567530,0.0655234918567,0.0763139493519,0.0015848249169,15.1439384097487
51137,3.6135899183116,0.0039904061713,0.0653677274049,0.0761878463403,0.0012949173432,15.1439384097487
51167,3.6134977979752,0.0039791177456,0.0653551646101,0.0761772182346,0.0012949173432,15.1439384097487
51168,3.6135772942637,0.0040259517658,0.0651800544679,0.0761358754882,0.0012949173432,15.1439384097487
51169,3.6135390945868,0.0040727857860,0.0651061169439,0.0761290004297,0.0012949173432,15.1439384097487
51170,3.6135664283023,0.0040727857860,0.0650739897224,0.0761179131922,0.0012949173432,15.1439384097487
51171,3.6135420221720,0.0040727857860,0.0650719758213,0.0761168485968,0.0012690189964,15.1439384097487
51173,3.6135114670332,0.0040727857860,0.0650708196474,0.0761160033243,0.0012690189964,15.1439384097487
51179,3.6134204755815,0.0039551525664,0.0652036492770,0.0761117407178,0.0012690189964,15.1439384097487
51180,3.6134771331843,0.0040019865866,0.0648799294793,0.0760169999286,0.0012690189964,15.1439384097487
51187,3.6138142507788,0.0039598464360,0.0648782211888,0.0760030999517,0.0012690189964,15.1439384097487
51211,3.6143125171405,0.0039128912125,0.0645118243718,0.0758591707141,0.0012436386164,15.1439384097487
51213,3.6143361365536,0.0039128912125,0.0643273837755,0.0757936332856,0.0012436386164,15.1439384097487
51219,3.6142424386640,0.0039370106503,0.0641854711585,0.0757519612912,0.0012436386164,15.1439384097487
51774,3.6142224822269,0.0039589208842,0.0638835160940,0.0756532279147,0.0010368809134,15.1439384097487
51775,3.6142693093750,0.0040765541039,0.0634305187734,0.0755425199954,0.0010368809134,15.1439384097487
51777,3.6141570441059,0.0040696510304,0.0633750869276,0.0755181759015,0.0010368809134,15.1439384097487
51778,3.6142724983108,0.0040474157515,0.0633347383354,0.0754958699540,0.0010368809134,15.1439384097487
51779,3.6141339503461,0.0040325463220,0.0631914356159,0.0754363573542,0.0010368809134,15.1439384097487
52060,3.6160425591072,0.0045676088886,0.0624013589854,0.0754105063438,0.0009372582214,15.1439384097487
52061,3.6160491966829,0.0045536650108,0.0621738285018,0.0753233634304,0.0009372582214,15.1439384097487
52154,3.6157735981185,0.0044067557080,0.0623334008697,0.0753134927308,0.0009185130570,15.1439384097487
52202,3.6159473893010,0.0041272941728,0.0626275167564,0.0753012240231,0.0008821399399,15.1439384097487
52213,3.6158573057620,0.0039969676721,0.0626417703664,0.0752491857075,0.0008821399399,15.1439384097487
52222,3.6161481782451,0.0038797972284,0.0626211996945,0.0751957389607,0.0008821399399,15.1439384097487
52224,3.6161351350535,0.0038024365282,0.0626981469751,0.0751898809862,0.0008821399399,15.1439384097487
53300,3.6187208080180,0.0043147679847,0.0617161945829,0.0750953414268,0.0006132066390,15.1439384097487
53302,3.6187596961931,0.0043520434794,0.0616310317517,0.0750814516070,0.0006132066390,15.1439384097487
53381,3.6185606633395,0.0039526183176,0.0619240061736,0.0750120868154,0.0005889236561,15.1439384097487
54131,3.6240466793705,0.0037926906887,0.0616990983085,0.0749408489249,0.0004621382419,15.1439384097487
54132,3.6240332744296,0.0039103239083,0.0615129037258,0.0749245754176,0.0004621382419,15.1439384097487
54138,3.6242712154444,0.0039294409593,0.0614655391150,0.0749192193564,0.0004621382419,15.1439384097487
54139,3.6242534068431,0.0039399250365,0.0613405975367,0.0748788385496,0.0004621382419,15.1439384097487
54140,3.6242530231150,0.0038932452749,0.0613661025738,0.0748679364496,0.0004621382419,15.1439384097487
54141,3.6242265946722,0.0038464112546,0.0613210085894,0.0748313857715,0.0004621382419,15.1439384097487
54142,3.6241390758007,0.0038932452749,0.0612629935700,0.0748294994585,0.0004621382419,15.1439384097487
54144,3.6241823959924,0.0039073599390,0.0604049664972,0.0745297233378,0.0004621382419,15.1439384097487
54145,3.6241744828333,0.0039154970814,0.0602758389276,0.0744869817248,0.0004621382419,15.1439384097487
54146,3.6240960957983,0.0039737572584,0.0601677794003,0.0744722485124,0.0004621382419,15.1439384097487
54150,3.6242217777803,0.0037662243161,0.0603823747368,0.0744617254061,0.0004621382419,15.1439384097487
54151,3.6242390872007,0.0038006901002,0.0600465395012,0.0743568002280,0.0004621382419,15.1439384097487
54152,3.6243190552652,0.0037740529413,0.0600330289036,0.0743416906321,0.0004621382419,15.1439384097487
55799,3.6273652090651,0.0041916696024,0.0591339726126,0.0742426805408,0.0002624835114,15.1439384097487
55803,3.6274991436145,0.0041916696024,0.0591079652452,0.0742352873602,0.0002624835114,15.1439384097487
55804,3.6273956993365,0.0041954379202,0.0591070880530,0.0742351253411,0.0002624835114,15.1439384097487
55805,3.6272608961626,0.0041954379202,0.0590983536005,0.0742300984379,0.0002624835114,15.1439384097487
55982,3.6276821012660,0.0037138039300,0.0595448672737,0.0741891130636,0.0002470473811,15.1439384097487
55984,3.6278314522028,0.0037258636489,0.0594551490814,0.0741643526088,0.0002470473811,15.1439384097487
55996,3.6279769259623,0.0038259224038,0.0592884742154,0.0741497666384,0.0002470473811,15.1439384097487
56040,3.6283789308799,0.0038268479555,0.0592127116500,0.0741287935871,0.0002421064335,15.1439384097487
56111,3.6274015559683,0.0037070055320,0.0593414598321,0.0741095842525,0.0002372643048,15.1439384097487
56403,3.6262810818043,0.0038774502936,0.0590907959603,0.0740772545617,0.0002188450402,15.1439384097487
56406,3.6262980934943,0.0039153593505,0.0590428584966,0.0740766214919,0.0002188450402,15.1439384097487
56626,3.6275675728224,0.0037522969660,0.0590786044162,0.0740374670602,0.0001978185831,15.1439384097487
56630,3.6274323319028,0.0037673371819,0.0590376519428,0.0740273733337,0.0001978185831,15.1439384097487
56649,3.6274472561354,0.0037281610005,0.0590295279204,0.0740078932820,0.0001978185831,15.1439384097487
56671,3.6273451934002,0.0039313085905,0.0587862690943,0.0740066342017,0.0001978185831,15.1439384097487
56672,3.6274385191843,0.0039313085905,0.0586137644918,0.0739463459688,0.0001978185831,15.1439384097487
56673,3.6274110502853,0.0039289451280,0.0586158538240,0.0739456905632,0.0001978185831,15.1439384097487
56674,3.6275462446599,0.0038113119083,0.0585675136980,0.0738799249869,0.0001978185831,15.1439384097487
56676,3.6275086648411,0.0038124082464,0.0585671042341,0.0738797168570,0.0001978185831,15.1439384097487
56677,3.6275838657790,0.0037655742262,0.0585708401735,0.0738620434864,0.0001978185831,15.1439384097487
56678,3.6275982116954,0.0036503044691,0.0587021020271,0.0738597243891,0.0001978185831,15.1439384097487
56736,3.6282338433221,0.0034587703499,0.0588748886942,0.0738483420069,0.0001938622115,15.1439384097487
56770,3.6286809074049,0.0034758324556,0.0587460772430,0.0738159761750,0.0001938622115,15.1439384097487
56771,3.6286876962941,0.0034565611460,0.0586074471765,0.0737583023666,0.0001938622115,15.1439384097487
56774,3.6285583505145,0.0035600962292,0.0583888640299,0.0737227789015,0.0001938622115,15.1439384097487
56776,3.6284975468932,0.0034443471685,0.0584017929481,0.0736769292649,0.0001938622115,15.1439384097487
56777,3.6284181083883,0.0034556355942,0.0583624071421,0.0736665767528,0.0001938622115,15.1439384097487
56783,3.6286587357527,0.0034504624211,0.0581967390962,0.0736085973804,0.0001899849673,15.1439384097487
58773,3.6344360347779,0.0041353982598,0.0571348843489,0.0736046558673,0.0001036338206,15.1439384097487
58774,3.6343959890708,0.0041353982598,0.0570886613323,0.0735875810030,0.0001036338206,15.1439384097487
58775,3.6344372231485,0.0040885642396,0.0570722635829,0.0735622364004,0.0001036338206,15.1439384097487
58777,3.6344706656988,0.0040885642396,0.0570476594008,0.0735539224024,0.0001036338206,15.1439384097487
58780,3.6345287766462,0.0040259187104,0.0571119243050,0.0735508483359,0.0001036338206,15.1439384097487
58818,3.6347893770215,0.0039618517981,0.0569982208530,0.0734864701900,0.0001015611441,15.1439384097487
58821,3.6348611841891,0.0039840870770,0.0569580731940,0.0734826772122,0.0000995299213,15.1439384097487
58877,3.6350043008969,0.0043056887628,0.0563461481620,0.0734039869436,0.0000995299213,15.1439384097487
58887,3.6350996323044,0.0041596884840,0.0564748815116,0.0733887405249,0.0000995299213,15.1439384097487
59025,3.6345705541630,0.0039913317231,0.0566795610387,0.0733822010382,0.0000955885364,15.1439384097487
59026,3.6345481786930,0.0040154511609,0.0564456428709,0.0733086791259,0.0000955885364,15.1439384097487
59214,3.6340746370587,0.0039925823198,0.0564828733586,0.0733054742144,0.0000899671657,15.1439384097487
59216,3.6342041783088,0.0040016615417,0.0564422690586,0.0732966967738,0.0000899671657,15.1439384097487
59217,3.6341510860411,0.0040484955619,0.0563626686904,0.0732875885417,0.0000899671657,15.1439384097487
59301,3.6340342158584,0.0037590457808,0.0567042342339,0.0732838726244,0.0000881678224,15.1439384097487
59716,3.6323474197698,0.0035037202112,0.0570305531194,0.0732671217877,0.0000765407379,15.1439384097487
59719,3.6322962525059,0.0035505542314,0.0569304540252,0.0732507198208,0.0000765407379,15.1439384097487
59735,3.6322194064544,0.0036638186264,0.0567380491179,0.0732294582996,0.0000765407379,15.1439384097487
59748,3.6323862510228,0.0034866746332,0.0568856327909,0.0732086087395,0.0000765407379,15.1439384097487
59749,3.6324076809891,0.0035098519915,0.0568324638435,0.0731998562158,0.0000765407379,15.1439384097487
59904,3.6318392399779,0.0033433463341,0.0570357333876,0.0731930495119,0.0000735097246,15.1439384097487
59908,3.6319243691381,0.0033206317517,0.0569577221739,0.0731566581150,0.0000735097246,15.1439384097487
59910,3.6316817725572,0.0033674657719,0.0568125442865,0.0731214478671,0.0000735097246,15.1439384097487
59911,3.6318458505154,0.0034142997921,0.0566964364872,0.0731023742110,0.0000735097246,15.1439384097487
59922,3.6319496274642,0.0033550975357,0.0566912902000,0.0730766322925,0.0000735097246,15.1439384097487
59923,3.6318861985329,0.0033550975357,0.0564722122080,0.0729974926374,0.0000735097246,15.1439384097487
59933,3.6319907651292,0.0033550975357,0.0564500284739,0.0729910494856,0.0000735097246,15.1439384097487
59934,3.6320012539387,0.0033178220410,0.0563218545026,0.0729294462712,0.0000735097246,15.1439384097487
59936,3.6318537786340,0.0033493073281,0.0562174573853,0.0729035685152,0.0000735097246,15.1439384097487
59959,3.6316105933938,0.0033258214525,0.0562516147906,0.0729022611584,0.0000720395301,15.1439384097487
60590,3.6337632625778,0.0035278396490,0.0559212071965,0.0729012977981,0.0000600627970,15.1439384097487
60595,3.6337624800406,0.0035264347936,0.0558108125126,0.0728612579716,0.0000600627970,15.1439384097487
60596,3.6336967245477,0.0034833690912,0.0558021001934,0.0728387592635,0.0000600627970,15.1439384097487
60597,3.6336900744905,0.0034833690912,0.0557598582966,0.0728235787740,0.0000600627970,15.1439384097487
60598,3.6337617094392,0.0034343423948,0.0557755578698,0.0728091879528,0.0000600627970,15.1439384097487
61250,3.6340586801651,0.0039736029997,0.0550217073722,0.0727752694360,0.0000500772226,15.1439384097487
61251,3.6341514935080,0.0039736029997,0.0549636503395,0.0727558480840,0.0000500772226,15.1439384097487
61464,3.6331331824695,0.0039883181707,0.0549456128928,0.0727413036076,0.0000480941646,15.1439384097487
61473,3.6330788414069,0.0039941083783,0.0549361234174,0.0727396271044,0.0000480941646,15.1439384097487
61476,3.6331914547415,0.0040284199038,0.0548002641203,0.0727074043375,0.0000471322813,15.1439384097487
61489,3.6331396263774,0.0038951459615,0.0549443427950,0.0727010102353,0.0000471322813,15.1439384097487
61490,3.6330572634464,0.0038901435747,0.0549492053649,0.0726994375574,0.0000471322813,15.1439384097487
61496,3.6330045908517,0.0038165346646,0.0549024360875,0.0726504422546,0.0000471322813,15.1439384097487
61497,3.6330218302646,0.0038362687501,0.0548630335738,0.0726450713300,0.0000471322813,15.1439384097487
61498,3.6331196167093,0.0038224791309,0.0547984642425,0.0726174846894,0.0000471322813,15.1439384097487
61552,3.6339057862984,0.0036988683896,0.0548675167799,0.0726002945250,0.0000461896357,15.1439384097487
61568,3.6335498160792,0.0035525595935,0.0550169748650,0.0725859316880,0.0000461896357,15.1439384097487
61579,3.6334647991491,0.0035251511415,0.0550234233793,0.0725752852655,0.0000461896357,15.1439384097487
61588,3.6330214447519,0.0036658239885,0.0548612218841,0.0725713710880,0.0000461896357,15.1439384097487
61604,3.6330632120569,0.0035854827914,0.0548232987866,0.0725239861876,0.0000461896357,15.1439384097487
61612,3.6327213875338,0.0036816354975,0.0547203082104,0.0725235753475,0.0000452658430,15.1439384097487
61613,3.6327076843323,0.0036348014773,0.0546584164593,0.0724812055283,0.0000452658430,15.1439384097487
61614,3.6327211360098,0.0036348014773,0.0546571437992,0.0724809413472,0.0000452658430,15.1439384097487
61615,3.6326980204133,0.0035592918806,0.0546533607923,0.0724469019334,0.0000452658430,15.1439384097487
61624,3.6327807114511,0.0035688504061,0.0546266271660,0.0724426207933,0.0000452658430,15.1439384097487
61777,3.6324578958875,0.0035473698927,0.0545648303145,0.0724067767363,0.0000434733156,15.1439384097487
61778,3.6323734752028,0.0035473698927,0.0545588127019,0.0724034330419,0.0000434733156,15.1439384097487
61779,3.6324609359858,0.0034331964736,0.0546638339594,0.0723932467328,0.0000434733156,15.1439384097487
61780,3.6325009733303,0.0034573159114,0.0545947901520,0.0723794916578,0.0000434733156,15.1439384097487
61782,3.6325095553431,0.0035331340253,0.0544004000386,0.0723426815296,0.0000434733156,15.1439384097487
61805,3.6326497263128,0.0035505046483,0.0543544357501,0.0723356936748,0.0000434733156,15.1439384097487
61806,3.6325012461679,0.0035505046483,0.0543125217446,0.0723186234030,0.0000434733156,15.1439384097487
61807,3.6325508719152,0.0035973386685,0.0541657597709,0.0722869823363,0.0000434733156,15.1439384097487
61819,3.6325738238043,0.0037143548536,0.0540012126756,0.0722786900779,0.0000434733156,15.1439384097487
61820,3.6325243981080,0.0036690799474,0.0540555495039,0.0722779931864,0.0000434733156,15.1439384097487
62020,3.6331246841446,0.0037475535133,0.0538997612334,0.0722644800539,0.0000417517723,15.1439384097487
62034,3.6331741953270,0.0036540397315,0.0539207545759,0.0722326009211,0.0000417517723,15.1439384097487
62332,3.6345062809024,0.0036600172532,0.0538261507085,0.0722202245422,0.0000385105054,15.1439384097487
62382,3.6342614848416,0.0034950872374,0.0540229264798,0.0722163534631,0.0000385105054,15.1439384097487
62396,3.6342611803038,0.0035367480845,0.0539141316739,0.0721953485149,0.0000377402953,15.1439384097487
62397,3.6343505198299,0.0034899140643,0.0538045655786,0.0721374101919,0.0000377402953,15.1439384097487
62432,3.6343846760694,0.0035361475777,0.0537320163094,0.0721317974100,0.0000369854894,15.1439384097487
62433,3.6343712639743,0.0035160884473,0.0535880373198,0.0720715897919,0.0000369854894,15.1439384097487
63198,3.6353087690972,0.0032322580875,0.0538219299721,0.0720467469339,0.0000314658867,15.1439384097487
63228,3.6352461876361,0.0033329669324,0.0535535677101,0.0719931786789,0.0000308365690,15.1439384097487
63230,3.6353390653934,0.0033083681910,0.0535502804541,0.0719827765553,0.0000308365690,15.1439384097487
63233,3.6353516873484,0.0034021904901,0.0533700926982,0.0719588119419,0.0000308365690,15.1439384097487
63245,3.6357052927822,0.0034817603941,0.0532000851707,0.0719371998484,0.0000302198376,15.1439384097487
63246,3.6356949313061,0.0034075013942,0.0532392970618,0.0719192321953,0.0000302198376,15.1439384097487
63256,3.6356453985404,0.0034494707585,0.0531804342956,0.0719154957639,0.0000302198376,15.1439384097487
63397,3.6351813719725,0.0034050167285,0.0532317721445,0.0719082130380,0.0000296154409,15.1439384097487
63399,3.6353716102486,0.0032873835088,0.0533219863152,0.0718927100065,0.0000296154409,15.1439384097487
63401,3.6353771457961,0.0032642061505,0.0533333743519,0.0718869223365,0.0000296154409,15.1439384097487
63445,3.6354161304693,0.0030702755134,0.0534994588228,0.0718636767193,0.0000290231320,15.1439384097487
63446,3.6353833790204,0.0031171095336,0.0533930987932,0.0718452992866,0.0000290231320,15.1439384097487
63452,3.6352419819389,0.0031171095336,0.0533868376960,0.0718410624213,0.0000290231320,15.1439384097487
63456,3.6353254106971,0.0031171095336,0.0533087383630,0.0718143503137,0.0000290231320,15.1439384097487
63457,3.6352586966133,0.0030817181978,0.0532513164971,0.0717777307892,0.0000290231320,15.1439384097487
63477,3.6353201739437,0.0032461854376,0.0530404135574,0.0717737641708,0.0000290231320,15.1439384097487
63479,3.6352912291892,0.0032338006738,0.0529433410063,0.0717333780803,0.0000290231320,15.1439384097487
63945,3.6341433902911,0.0037473827270,0.0523112000920,0.0717114782187,0.0000262346126,15.1439384097487
63963,3.6342587670026,0.0037074352525,0.0522575033716,0.0716768130451,0.0000257099204,15.1439384097487
63964,3.6340599223455,0.0036939706783,0.0522587667379,0.0716686800770,0.0000257099204,15.1439384097487
63966,3.6342303938093,0.0037357857840,0.0520766751380,0.0716239802821,0.0000257099204,15.1439384097487
63967,3.6342399866292,0.0038116038979,0.0519734430686,0.0716197409010,0.0000257099204,15.1439384097487
64192,3.6347389893341,0.0036831615561,0.0520088513581,0.0715844008557,0.0000246918075,15.1439384097487
64201,3.6348077187228,0.0036239427720,0.0520687661679,0.0715813920394,0.0000246918075,15.1439384097487
64204,3.6348932782396,0.0035771087518,0.0521134073239,0.0715784742478,0.0000246918075,15.1439384097487
64219,3.6348874458894,0.0035808770696,0.0520962552639,0.0715738809781,0.0000246918075,15.1439384097487
64220,3.6349207107852,0.0036239427720,0.0519967424965,0.0715572681297,0.0000246918075,15.1439384097487
64221,3.6349630268359,0.0036239427720,0.0519546516167,0.0715428344419,0.0000246918075,15.1439384097487
64322,3.6347497091180,0.0036624853912,0.0519046491617,0.0715384762562,0.0000241979714,15.1439384097487
64323,3.6346098088112,0.0036870841325,0.0518643005696,0.0715326287825,0.0000241979714,15.1439384097487
64328,3.6345402345403,0.0036668872712,0.0518762063100,0.0715272405637,0.0000241979714,15.1439384097487
64329,3.6344720190754,0.0036402501123,0.0518221593730,0.0714955569166,0.0000241979714,15.1439384097487
64426,3.6346667318546,0.0036784676865,0.0517637467212,0.0714938293885,0.0000237140120,15.1439384097487
64484,3.6345472578532,0.0036903731468,0.0516519743563,0.0714573224777,0.0000232397317,15.1439384097487
64787,3.6355259302222,0.0032820560771,0.0520873666770,0.0714516748537,0.0000218730496,15.1439384097487
64790,3.6356683530600,0.0032820560771,0.0520588088072,0.0714434908881,0.0000218730496,15.1439384097487
64796,3.6357162167493,0.0032900389609,0.0519923404724,0.0714238507010,0.0000218730496,15.1439384097487
64854,3.6360634432334,0.0032323958185,0.0517598111877,0.0713210135555,0.0000214355886,15.1439384097487
65080,3.6351264739020,0.0033318871220,0.0516363649042,0.0713063066739,0.0000205867393,15.1439384097487
65120,3.6351031974180,0.0032267433417,0.0517544894711,0.0713031030384,0.0000201750045,15.1439384097487
65291,3.6352692001547,0.0031523466108,0.0518301906641,0.0713006037932,0.0000197715044,15.1439384097487
65297,3.6352626958229,0.0031755239692,0.0517896662207,0.0712959718954,0.0000193760743,15.1439384097487
65302,3.6351597413778,0.0032223579894,0.0517237697267,0.0712910523577,0.0000193760743,15.1439384097487
65309,3.6351958026374,0.0032601127877,0.0516570291996,0.0712839073474,0.0000193760743,15.1439384097487
65321,3.6351586266457,0.0032978675861,0.0515770392102,0.0712709940841,0.0000193760743,15.1439384097487
65323,3.6352524313769,0.0032867499466,0.0515766990396,0.0712674352227,0.0000193760743,15.1439384097487
65332,3.6350163079634,0.0032867499466,0.0515124181795,0.0712411366422,0.0000193760743,15.1439384097487
65337,3.6347968554125,0.0032601127877,0.0514834975843,0.0712162866940,0.0000193760743,15.1439384097487
65338,3.6348873890342,0.0032637268469,0.0514411339008,0.0712039867343,0.0000193760743,15.1439384097487
65340,3.6350559137196,0.0032546476250,0.0514353525755,0.0712004154931,0.0000193760743,15.1439384097487
65469,3.6347186200211,0.0032820726048,0.0514020867154,0.0711955157083,0.0000189885528,15.1439384097487
65477,3.6346523480805,0.0033011731280,0.0513384649221,0.0711800418343,0.0000189885528,15.1439384097487
65483,3.6347291721169,0.0033226371138,0.0512602280855,0.0711623860129,0.0000189885528,15.1439384097487
65484,3.6347416731099,0.0032862871708,0.0513029634504,0.0711622469845,0.0000189885528,15.1439384097487
65497,3.6344893600870,0.0033028865006,0.0512582319692,0.0711498152416,0.0000186087818,15.1439384097487
65525,3.6342295078183,0.0033797844249,0.0511659342105,0.0711461311174,0.0000186087818,15.1439384097487
65528,3.6341672063379,0.0033329504047,0.0512099879883,0.0711409113247,0.0000186087818,15.1439384097487
65529,3.6343071662624,0.0033797844249,0.0511346208546,0.0711360466378,0.0000186087818,15.1439384097487
65578,3.6340772760774,0.0033033658042,0.0512038784628,0.0711247777297,0.0000186087818,15.1439384097487
65590,3.6342215190733,0.0033018066902,0.0511583596503,0.0711098938480,0.0000186087818,15.1439384097487
65597,3.6342034792384,0.0033083681910,0.0510762414132,0.0710831227155,0.0000186087818,15.1439384097487
65604,3.6343206378222,0.0032615341708,0.0510865148460,0.0710683778618,0.0000186087818,15.1439384097487
65609,3.6343510416833,0.0032147001505,0.0511165681526,0.0710594696752,0.0000186087818,15.1439384097487
65615,3.6344655347158,0.0032021776558,0.0510813375427,0.0710431405998,0.0000186087818,15.1439384097487
65616,3.6344283184147,0.0031349925156,0.0510604722345,0.0710063684643,0.0000186087818,15.1439384097487
65629,3.6343368068805,0.0032286605561,0.0508719824384,0.0709778992438,0.0000182366061,15.1439384097487
65630,3.6344358856415,0.0032401032404,0.0508219787652,0.0709663467545,0.0000182366061,15.1439384097487
65635,3.6344681317526,0.0032401032404,0.0507078664775,0.0709260486464,0.0000182366061,15.1439384097487
65641,3.6345214644426,0.0032401032404,0.0506867614816,0.0709192658018,0.0000182366061,15.1439384097487
65644,3.6345046278652,0.0032454306722,0.0506705404744,0.0709155175336,0.0000182366061,15.1439384097487
65676,3.6344464308491,0.0032859951812,0.0505397958961,0.0708853843471,0.0000182366061,15.1439384097487
65683,3.6347204096678,0.0033403327817,0.0504340856465,0.0708747950115,0.0000182366061,15.1439384097487
65685,3.6346926311400,0.0033871668019,0.0503113442336,0.0708506374512,0.0000182366061,15.1439384097487
65849,3.6342566958506,0.0034542142112,0.0501830896059,0.0708273983759,0.0000175144365,15.1439384097487
65850,3.6341878545064,0.0035010482314,0.0501188630825,0.0708235579543,0.0000175144365,15.1439384097487
65893,3.6343514972079,0.0034542142112,0.0501360176121,0.0708119283823,0.0000175144365,15.1439384097487
65894,3.6343824032564,0.0034073801910,0.0501837890059,0.0708093551900,0.0000175144365,15.1439384097487
66002,3.6344381191847,0.0033766827247,0.0501130769432,0.0707717332016,0.0000168208649,15.1439384097487
66018,3.6340874623326,0.0033710467757,0.0501154831639,0.0707652153884,0.0000168208649,15.1439384097487
66034,3.6340358322359,0.0034722183964,0.0499958205707,0.0707651074516,0.0000168208649,15.1439384097487
66035,3.6339403730681,0.0034889885125,0.0499558409936,0.0707566654830,0.0000168208649,15.1439384097487
66039,3.6339891541980,0.0034889885125,0.0499488009367,0.0707548414267,0.0000168208649,15.1439384097487
66043,3.6339790586626,0.0034022070178,0.0500259553460,0.0707450616525,0.0000168208649,15.1439384097487
66057,3.6336530978262,0.0034014191970,0.0499533953743,0.0707141974154,0.0000168208649,15.1439384097487
66060,3.6337421063587,0.0033581992359,0.0499876409448,0.0707091646007,0.0000168208649,15.1439384097487
66071,3.6337040642289,0.0034050332562,0.0498543603193,0.0706810978066,0.0000168208649,15.1439384097487
66073,3.6336513944950,0.0034050332562,0.0498355677502,0.0706736409016,0.0000168208649,15.1439384097487
66130,3.6330204126003,0.0035121658709,0.0496129462034,0.0706311188325,0.0000168208649,15.1439384097487
66174,3.6329736604054,0.0034374440950,0.0496887883552,0.0706255201566,0.0000164844476,15.1439384097487
66182,3.6330332427931,0.0034108069361,0.0496833956981,0.0706130213692,0.0000164844476,15.1439384097487
66356,3.6330677641190,0.0033350384053,0.0497403387636,0.0706013744253,0.0000158316634,15.1439384097487
66370,3.6330111202912,0.0033198439308,0.0497485578871,0.0705969964025,0.0000158316634,15.1439384097487
66372,3.6328925706934,0.0033084012464,0.0497254835019,0.0705821740742,0.0000158316634,15.1439384097487
66373,3.6328750120528,0.0032615672262,0.0497049841317,0.0705545326940,0.0000158316634,15.1439384097487
66388,3.6328508463189,0.0032615672262,0.0496879323123,0.0705481008150,0.0000158316634,15.1439384097487
66598,3.6330513357805,0.0033030407592,0.0496256765563,0.0705464779002,0.0000152047296,15.1439384097487
66600,3.6330357680426,0.0032994267000,0.0495880889842,0.0705312846023,0.0000152047296,15.1439384097487
66601,3.6330507548454,0.0032562067390,0.0495826475067,0.0705110304393,0.0000152047296,15.1439384097487
66612,3.6329852220043,0.0032844195396,0.0495418060558,0.0705076081218,0.0000152047296,15.1439384097487
66630,3.6329734558346,0.0032844195396,0.0495207342179,0.0704999159749,0.0000152047296,15.1439384097487
66643,3.6331860638864,0.0032906725231,0.0495014243604,0.0704987078370,0.0000149006350,15.1439384097487
66644,3.6332227228531,0.0033191773132,0.0494132130826,0.0704799388697,0.0000149006350,15.1439384097487
66645,3.6333515548627,0.0033191773132,0.0493207885701,0.0704487530796,0.0000149006350,15.1439384097487
66649,3.6332254583210,0.0033359474294,0.0492912302285,0.0704435994640,0.0000149006350,15.1439384097487
66653,3.6330748669488,0.0033359474294,0.0492067138656,0.0704112841909,0.0000149006350,15.1439384097487
66691,3.6329866721530,0.0033359474294,0.0490631411194,0.0703587602596,0.0000149006350,15.1439384097487
66693,3.6328629217905,0.0032653024886,0.0491191895006,0.0703467500761,0.0000149006350,15.1439384097487
66698,3.6327595999534,0.0033121365088,0.0490259420188,0.0703320571299,0.0000149006350,15.1439384097487
66732,3.6327079888874,0.0032991347105,0.0490418874341,0.0703314494287,0.0000149006350,15.1439384097487
66737,3.6328701871782,0.0033331377187,0.0489945827741,0.0703314227200,0.0000149006350,15.1439384097487
66759,3.6327639592046,0.0033234249346,0.0490053404455,0.0703295990051,0.0000149006350,15.1439384097487
66771,3.6328197373620,0.0033541224009,0.0489023042995,0.0703067456956,0.0000146026223,15.1439384097487
66773,3.6328223149665,0.0033743192622,0.0487888762732,0.0702749279569,0.0000146026223,15.1439384097487
66774,3.6327759623715,0.0033457979444,0.0486942841274,0.0702282657396,0.0000146026223,15.1439384097487
66838,3.6329063222842,0.0032439927615,0.0487840161856,0.0702185266946,0.0000143105698,15.1439384097487
66938,3.6332673009591,0.0032704756618,0.0486170096652,0.0701753391472,0.0000143105698,15.1439384097487
66977,3.6332698105795,0.0032466647412,0.0486442792116,0.0701749091017,0.0000143105698,15.1439384097487
66979,3.6333620720952,0.0032466647412,0.0486070431918,0.0701629160175,0.0000143105698,15.1439384097487
67093,3.6334687685824,0.0032588621910,0.0485641380180,0.0701543299677,0.0000140243584,15.1439384097487
67110,3.6335863446653,0.0033056962113,0.0483840392353,0.0701117443906,0.0000137438713,15.1439384097487
67130,3.6336216122760,0.0032312829527,0.0484350235182,0.0700985607008,0.0000137438713,15.1439384097487
67183,3.6337331199364,0.0033069468080,0.0482832246478,0.0700783520110,0.0000134689938,15.1439384097487
67191,3.6337941984780,0.0032666908162,0.0482856107601,0.0700628158834,0.0000134689938,15.1439384097487
67193,3.6338065132658,0.0032703048754,0.0482516788928,0.0700524204953,0.0000134689938,15.1439384097487
67199,3.6336074409720,0.0032703048754,0.0482273098141,0.0700409003933,0.0000134689938,15.1439384097487
67208,3.6335606622244,0.0032347592810,0.0482279276948,0.0700252253226,0.0000134689938,15.1439384097487
67219,3.6335659985688,0.0032107941018,0.0482558101753,0.0700249880692,0.0000134689938,15.1439384097487
67356,3.6337582079784,0.0032204903582,0.0482243677718,0.0700206339281,0.0000131996140,15.1439384097487
67360,3.6336837281432,0.0031938531993,0.0482314236174,0.0700106840630,0.0000131996140,15.1439384097487
67366,3.6336303596743,0.0031902391401,0.0481892090844,0.0699933034013,0.0000131996140,15.1439384097487
67368,3.6336737154669,0.0031434051199,0.0482231035220,0.0699859503162,0.0000131996140,15.1439384097487
67373,3.6336492273047,0.0031232082585,0.0481469053289,0.0699497343723,0.0000131996140,15.1439384097487
67378,3.6336308424168,0.0031529636453,0.0480545708042,0.0699292499200,0.0000131996140,15.1439384097487
67379,3.6335703330983,0.0031529636453,0.0480343538712,0.0699211733840,0.0000131996140,15.1439384097487
67403,3.6333729034107,0.0031529636453,0.0480362839721,0.0699190690889,0.0000131996140,15.1439384097487
67407,3.6333493594242,0.0031529636453,0.0480362839721,0.0699187359431,0.0000131996140,15.1439384097487
67409,3.6334179530181,0.0031997976656,0.0479556812686,0.0699109915809,0.0000131996140,15.1439384097487
67412,3.6333943926508,0.0031529636453,0.0479769273349,0.0698981743612,0.0000131996140,15.1439384097487
67430,3.6332995468908,0.0031476362136,0.0479560813126,0.0698871041070,0.0000131996140,15.1439384097487
67432,3.6332893679655,0.0031044162525,0.0479938773013,0.0698819358029,0.0000131996140,15.1439384097487
67447,3.6333514129790,0.0030886047435,0.0479736421833,0.0698688105468,0.0000129356217,15.1439384097487
67448,3.6334253488911,0.0030449054789,0.0479649265246,0.0698480157435,0.0000129356217,15.1439384097487
67449,3.6334644169343,0.0029980714587,0.0480043448216,0.0698425747939,0.0000129356217,15.1439384097487
67560,3.6336007565073,0.0029689496341,0.0480032389416,0.0698316282506,0.0000126769092,15.1439384097487
67577,3.6337076318747,0.0029911849129,0.0479660408038,0.0698293848859,0.0000126769092,15.1439384097487
67589,3.6337473394537,0.0029443508927,0.0480197199351,0.0698290461409,0.0000126769092,15.1439384097487
67594,3.6337885163883,0.0029443508927,0.0480040375759,0.0698240279492,0.0000126769092,15.1439384097487
67617,3.6336413992257,0.0029731807278,0.0479186679193,0.0698038127317,0.0000126769092,15.1439384097487
67618,3.6336658112440,0.0030126488987,0.0478699821728,0.0698036853239,0.0000126769092,15.1439384097487
67621,3.6337076702842,0.0030137452368,0.0477724237922,0.0697699052069,0.0000126769092,15.1439384097487
67622,3.6336351908826,0.0030242458417,0.0477226485176,0.0697556030037,0.0000126769092,15.1439384097487
67639,3.6337330036191,0.0029066126221,0.0478261443833,0.0697435356196,0.0000126769092,15.1439384097487
67706,3.6335172402258,0.0030710798619,0.0475953609786,0.0697285458974,0.0000124233711,15.1439384097487
67977,3.6338213464797,0.0030002971903,0.0476030975761,0.0697052766204,0.0000119314056,15.1439384097487
67993,3.6339047142549,0.0029534631700,0.0476156872092,0.0696908808434,0.0000119314056,15.1439384097487
67995,3.6338869098467,0.0029678698237,0.0475370243573,0.0696687093167,0.0000119314056,15.1439384097487
68056,3.6341252797940,0.0029899508439,0.0474930251475,0.0696658315264,0.0000116927775,15.1439384097487
68127,3.6340555478776,0.0029899508439,0.0474553453534,0.0696513877551,0.0000114589219,15.1439384097487
68132,3.6339134758978,0.0030367848642,0.0473687033324,0.0696385055901,0.0000114589219,15.1439384097487
68134,3.6338546045259,0.0030165880028,0.0473664874722,0.0696282253878,0.0000114589219,15.1439384097487
68140,3.6337888239783,0.0029512704939,0.0472817761057,0.0695690473198,0.0000114589219,15.1439384097487
68166,3.6337467223762,0.0030095471985,0.0472027500468,0.0695652037231,0.0000114589219,15.1439384097487
68197,3.6339406434644,0.0030449385343,0.0471238857153,0.0695549495762,0.0000112297435,15.1439384097487
68201,3.6339834863567,0.0030247416730,0.0471315226596,0.0695496274826,0.0000112297435,15.1439384097487
68202,3.6340601864484,0.0030247416730,0.0471247569423,0.0695482964562,0.0000112297435,15.1439384097487
68205,3.6341324040330,0.0029779076528,0.0471169291986,0.0695264509845,0.0000112297435,15.1439384097487
68235,3.6340861869436,0.0029926228237,0.0470792102323,0.0695186324582,0.0000112297435,15.1439384097487
68367,3.6342511970752,0.0029763320111,0.0470593611950,0.0695068966218,0.0000110051486,15.1439384097487
68527,3.6343915587317,0.0030259757420,0.0469499233231,0.0694910736602,0.0000105693447,15.1439384097487
68528,3.6344743887428,0.0030259757420,0.0469106670069,0.0694782255864,0.0000105693447,15.1439384097487
68555,3.6343752129947,0.0030231660313,0.0469084664691,0.0694748321881,0.0000105693447,15.1439384097487
68561,3.6343466824065,0.0030700000516,0.0468042627278,0.0694572845833,0.0000105693447,15.1439384097487
68620,3.6346488724568,0.0030673115441,0.0467081028828,0.0694260655330,0.0000105693447,15.1439384097487
68643,3.6346699947116,0.0030499243934,0.0467260767425,0.0694253320111,0.0000105693447,15.1439384097487
68644,3.6346459580685,0.0030499243934,0.0467256573160,0.0694248420990,0.0000105693447,15.1439384097487
68684,3.6345955347192,0.0030030903732,0.0467687787485,0.0694194574007,0.0000103579578,15.1439384097487
68708,3.6346951713663,0.0029421747443,0.0468298803479,0.0694165825542,0.0000103579578,15.1439384097487
68790,3.6347633806046,0.0029858740089,0.0467742009566,0.0694163904697,0.0000103579578,15.1439384097487
68818,3.6347623539432,0.0029858740089,0.0467515254585,0.0694082775504,0.0000103579578,15.1439384097487
68821,3.6347458048700,0.0029558101048,0.0467345609609,0.0693891001026,0.0000101507987,15.1439384097487
68868,3.6345446585892,0.0030032776873,0.0466837413646,0.0693884472900,0.0000099477827,15.1439384097487
68870,3.6345338309604,0.0030187806790,0.0466050092376,0.0693668196023,0.0000099477827,15.1439384097487
68875,3.6345087074069,0.0030095306708,0.0466165441178,0.0693666194166,0.0000099477827,15.1439384097487
68882,3.6345087445745,0.0030095306708,0.0465972009215,0.0693597116581,0.0000099477827,15.1439384097487
68904,3.6345089114442,0.0028897213027,0.0467192870887,0.0693519693498,0.0000099477827,15.1439384097487
68938,3.6345313184808,0.0028590238364,0.0467446576317,0.0693481912591,0.0000099477827,15.1439384097487
68943,3.6345220557142,0.0028897213027,0.0466341226489,0.0693217394690,0.0000099477827,15.1439384097487
68945,3.6345103948362,0.0028782786183,0.0465178007820,0.0692751269369,0.0000099477827,15.1439384097487
68961,3.6345956107497,0.0028782786183,0.0464825625064,0.0692637476379,0.0000099477827,15.1439384097487
69004,3.6345941711499,0.0028115562540,0.0464506522215,0.0692237354384,0.0000099477827,15.1439384097487
69027,3.6344639113662,0.0028115562540,0.0464465357050,0.0692204220867,0.0000097488270,15.1439384097487
69069,3.6344860522933,0.0027647222338,0.0464823668045,0.0692134604776,0.0000097488270,15.1439384097487
69072,3.6344365543825,0.0027647222338,0.0464513577447,0.0692016854213,0.0000097488270,15.1439384097487
69115,3.6343785960173,0.0027905715718,0.0463723105246,0.0691837124520,0.0000097488270,15.1439384097487
69120,3.6343580112345,0.0027905715718,0.0463723105246,0.0691834211787,0.0000097488270,15.1439384097487
69151,3.6342939818137,0.0029130363919,0.0461915398959,0.0691704391508,0.0000097488270,15.1439384097487
69203,3.6343570824176,0.0029102266813,0.0461859296350,0.0691681241938,0.0000095538505,15.1439384097487
69204,3.6342992720586,0.0028815676326,0.0461785423749,0.0691523854244,0.0000095538505,15.1439384097487
69401,3.6345725533124,0.0027413740891,0.0462986028524,0.0691390481306,0.0000091755180,15.1439384097487
69405,3.6345579227901,0.0027882081093,0.0462177417139,0.0691300338546,0.0000091755180,15.1439384097487
69420,3.6344845996635,0.0027882081093,0.0462154583471,0.0691281808492,0.0000091755180,15.1439384097487
69632,3.6347559269510,0.0027667441236,0.0462266020205,0.0691268011445,0.0000089920077,15.1439384097487
69639,3.6347299611744,0.0028181342825,0.0461108348339,0.0691071126605,0.0000089920077,15.1439384097487
69640,3.6347061258348,0.0028649683027,0.0460308149615,0.0690982685891,0.0000089920077,15.1439384097487
69692,3.6347509016981,0.0027763026491,0.0460894512453,0.0690818441287,0.0000089920077,15.1439384097487
69715,3.6346654865736,0.0027695703620,0.0460887478010,0.0690774990144,0.0000086359242,15.1439384097487
69716,3.6345351787773,0.0028164043822,0.0459888342463,0.0690600434783,0.0000086359242,15.1439384097487
69721,3.6347257064182,0.0028430415411,0.0459380639838,0.0690560231203,0.0000086359242,15.1439384097487
69750,3.6347101176166,0.0028870658507,0.0458515556650,0.0690437742730,0.0000086359242,15.1439384097487
69755,3.6347327729923,0.0028870658507,0.0458426723044,0.0690409222162,0.0000086359242,15.1439384097487
69766,3.6347236609331,0.0029841606363,0.0456882980744,0.0690272716786,0.0000086359242,15.1439384097487
69881,3.6347446890480,0.0029208650171,0.0457626536200,0.0690269980831,0.0000084632057,15.1439384097487
69956,3.6346839600021,0.0028862449744,0.0457928184951,0.0690220747796,0.0000084632057,15.1439384097487
69987,3.6346205463721,0.0028439670928,0.0458352760999,0.0690182218192,0.0000084632057,15.1439384097487
70038,3.6348008015716,0.0028314445981,0.0458159211564,0.0690084931549,0.0000084632057,15.1439384097487
70039,3.6347431366733,0.0028782786183,0.0457364391930,0.0689993625079,0.0000084632057,15.1439384097487
70044,3.6348185327328,0.0028381768852,0.0457736443746,0.0689965304649,0.0000082939416,15.1439384097487
70048,3.6348984158924,0.0028737224797,0.0456311286735,0.0689619961678,0.0000082939416,15.1439384097487
70065,3.6349734522027,0.0028804547668,0.0455886710686,0.0689507797622,0.0000081280627,15.1439384097487
70111,3.6350134381294,0.0028381768852,0.0455747435695,0.0689282523614,0.0000081280627,15.1439384097487
70154,3.6350500827942,0.0028381768852,0.0455599132771,0.0689234743480,0.0000081280627,15.1439384097487
70209,3.6350323073886,0.0028381768852,0.0455535202642,0.0689209396083,0.0000081280627,15.1439384097487
70255,3.6347738332695,0.0029443674204,0.0454278274531,0.0689179021565,0.0000079655015,15.1439384097487
70271,3.6347464634293,0.0028975334002,0.0454547796100,0.0689070689225,0.0000079655015,15.1439384097487
70283,3.6346294053044,0.0029052077668,0.0454473195016,0.0689060372477,0.0000079655015,15.1439384097487
70396,3.6344948032740,0.0029565979256,0.0453884603717,0.0689051358739,0.0000078061914,15.1439384097487
70401,3.6345614391480,0.0029277680906,0.0454037458772,0.0688991822326,0.0000078061914,15.1439384097487
70438,3.6345526621030,0.0029365387952,0.0453161538152,0.0688715340321,0.0000078061914,15.1439384097487
70447,3.6345462883966,0.0029185346101,0.0453063440860,0.0688602242905,0.0000078061914,15.1439384097487
70531,3.6343721799963,0.0028264422113,0.0454057029562,0.0688537778082,0.0000076500676,15.1439384097487
70572,3.6344701589063,0.0028488317488,0.0453320892864,0.0688384691229,0.0000074970663,15.1439384097487
70724,3.6344718734493,0.0028994175591,0.0452690722655,0.0688376669377,0.0000073471249,15.1439384097487
70732,3.6345647665518,0.0028765487180,0.0452639750482,0.0688273600023,0.0000073471249,15.1439384097487
70765,3.6345564598468,0.0028948614204,0.0452176225711,0.0688185363079,0.0000073471249,15.1439384097487
70798,3.6345683243890,0.0029235204692,0.0451812844330,0.0688180087333,0.0000073471249,15.1439384097487
70815,3.6345603206411,0.0029235204692,0.0451364722389,0.0688018911258,0.0000073471249,15.1439384097487
70821,3.6345156834411,0.0028596243432,0.0452032650891,0.0687977300478,0.0000073471249,15.1439384097487
70825,3.6345321697209,0.0028596243432,0.0451842311325,0.0687911654859,0.0000073471249,15.1439384097487
70863,3.6345219057061,0.0028713755449,0.0451375693151,0.0687793915453,0.0000073471249,15.1439384097487
70882,3.6344992699684,0.0028511786835,0.0451342104779,0.0687692158687,0.0000073471249,15.1439384097487
71097,3.6343929615055,0.0028386561888,0.0451222854048,0.0687580858729,0.0000069150552,15.1439384097487
71100,3.6343285057537,0.0028511786835,0.0450413135085,0.0687336220774,0.0000069150552,15.1439384097487
71118,3.6345059548949,0.0028980127038,0.0449640613314,0.0687286146306,0.0000069150552,15.1439384097487
71161,3.6344790130000,0.0029204022413,0.0449193653320,0.0687218660637,0.0000069150552,15.1439384097487
71168,3.6344898418897,0.0028980127038,0.0449076497080,0.0687082396243,0.0000069150552,15.1439384097487
71223,3.6344635251513,0.0028317696430,0.0449285515083,0.0686869422897,0.0000069150552,15.1439384097487
71805,3.6341279622534,0.0027935355411,0.0449686305303,0.0686801219899,0.0000062506622,15.1439384097487
71852,3.6341430298196,0.0028887626955,0.0448378208044,0.0686744290733,0.0000062506622,15.1439384097487
71884,3.6341793898331,0.0028633761333,0.0448561602741,0.0686706134205,0.0000062506622,15.1439384097487
71911,3.6343177919674,0.0028502200764,0.0448468515268,0.0686636089387,0.0000060031360,15.1439384097487
71912,3.6342530359621,0.0028502200764,0.0448242158405,0.0686546084718,0.0000060031360,15.1439384097487
71913,3.6342633430595,0.0028033860561,0.0448761807663,0.0686532414957,0.0000060031360,15.1439384097487
71936,3.6342761561060,0.0028085592293,0.0447719058522,0.0686183988329,0.0000060031360,15.1439384097487
72013,3.6343993802468,0.0028553932495,0.0447006878111,0.0686147791545,0.0000060031360,15.1439384097487
72046,3.6343843393669,0.0028262548972,0.0446480327604,0.0685832730866,0.0000060031360,15.1439384097487
72069,3.6343074600229,0.0028336207465,0.0446260968305,0.0685775077809,0.0000060031360,15.1439384097487
72127,3.6343085808423,0.0028121732885,0.0446464103593,0.0685755867044,0.0000058830733,15.1439384097487
72218,3.6342605727134,0.0028417909444,0.0446092315543,0.0685743225290,0.0000058830733,15.1439384097487
72224,3.6342260301807,0.0028886249646,0.0445535354655,0.0685740140172,0.0000058830733,15.1439384097487
72225,3.6343236380996,0.0028417909444,0.0445907952609,0.0685686305095,0.0000058830733,15.1439384097487
72562,3.6341167971791,0.0028671444512,0.0445491232774,0.0685616866617,0.0000055371015,15.1439384097487
72629,3.6340484277203,0.0028671444512,0.0445416859424,0.0685580630473,0.0000054263595,15.1439384097487
72886,3.6340521644075,0.0028671444512,0.0444581690519,0.0685282884604,0.0000052114756,15.1439384097487
73593,3.6340814238725,0.0028417578890,0.0444837376517,0.0685269541674,0.0000047107612,15.1439384097487
73618,3.6341552936529,0.0028713755449,0.0443816754886,0.0685042419284,0.0000046165460,15.1439384097487
73960,3.6340784826798,0.0028671444512,0.0443817452820,0.0685013666586,0.0000043450561,15.1439384097487
74054,3.6341273541145,0.0028795292150,0.0443254680190,0.0684872669196,0.0000043450561,15.1439384097487
74129,3.6340844062836,0.0029263632353,0.0442614862982,0.0684838803190,0.0000042581550,15.1439384097487
74164,3.6340777884189,0.0028795292150,0.0442987115044,0.0684770096702,0.0000042581550,15.1439384097487
74168,3.6341224533262,0.0028909718994,0.0442791531437,0.0684755605545,0.0000042581550,15.1439384097487
74309,3.6340638305982,0.0028613542435,0.0442221327258,0.0684416733307,0.0000041729919,15.1439384097487
74360,3.6340768518013,0.0027927477203,0.0443022185994,0.0684410568819,0.0000040895321,15.1439384097487
74564,3.6339870810751,0.0028281390561,0.0442575745178,0.0684390100326,0.0000040077414,15.1439384097487
74569,3.6339813804042,0.0028463140276,0.0442071212041,0.0684286996014,0.0000040077414,15.1439384097487
76046,3.6339223360367,0.0028109226918,0.0442517652858,0.0684286407271,0.0000031449417,15.1439384097487
76047,3.6338838222996,0.0028577567120,0.0441871214004,0.0684250803813,0.0000031449417,15.1439384097487
76141,3.6339948360375,0.0029114772780,0.0441091998329,0.0684218451867,0.0000031449417,15.1439384097487
76169,3.6339568665956,0.0028646432578,0.0441538069953,0.0684171673281,0.0000030820429,15.1439384097487
76194,3.6338917008246,0.0028464682863,0.0441613603921,0.0684111536051,0.0000030820429,15.1439384097487
76261,3.6339087283550,0.0028749730764,0.0440960543421,0.0684002872928,0.0000030820429,15.1439384097487
76300,3.6338920982843,0.0028749730764,0.0440885354016,0.0683973666426,0.0000030820429,15.1439384097487
76367,3.6338710225585,0.0029218070966,0.0440304113760,0.0683963815648,0.0000030204020,15.1439384097487
76390,3.6338971347501,0.0029399820681,0.0440016991889,0.0683942859715,0.0000030204020,15.1439384097487
76436,3.6338832998908,0.0029868160883,0.0439354985850,0.0683905188594,0.0000030204020,15.1439384097487
76450,3.6338903653943,0.0029122485711,0.0439849586409,0.0683763256341,0.0000030204020,15.1439384097487
76502,3.6338838257242,0.0028871870539,0.0440126012237,0.0683753647989,0.0000029007941,15.1439384097487
76511,3.6338541774187,0.0029340210741,0.0439337976372,0.0683668728623,0.0000029007941,15.1439384097487
76559,3.6339263174214,0.0028604121641,0.0439757058105,0.0683513141675,0.0000029007941,15.1439384097487
76594,3.6338365928953,0.0028660646408,0.0439383578728,0.0683391285123,0.0000029007941,15.1439384097487
76627,3.6337833411000,0.0028760859422,0.0438932859320,0.0683265727247,0.0000029007941,15.1439384097487
76644,3.6338016441450,0.0028292519219,0.0439226294625,0.0683172398209,0.0000029007941,15.1439384097487
76780,3.6337446614094,0.0027824179017,0.0439780871353,0.0683161681078,0.0000028427782,15.1439384097487
76838,3.6337905119258,0.0027866489954,0.0439518608538,0.0683092636863,0.0000028427782,15.1439384097487
76892,3.6338513164485,0.0028220403312,0.0439067519937,0.0683091814744,0.0000027859227,15.1439384097487
76958,3.6338581699445,0.0028220403312,0.0438868959449,0.0683021870049,0.0000027859227,15.1439384097487
76992,3.6337885209077,0.0028560268117,0.0438417686251,0.0682996502103,0.0000027302042,15.1439384097487
77007,3.6338299341574,0.0028560268117,0.0437255386600,0.0682587255032,0.0000027302042,15.1439384097487
77198,3.6339403317360,0.0028560268117,0.0436880174337,0.0682468871836,0.0000026220881,15.1439384097487
77458,3.6338306658676,0.0028674529684,0.0436503967574,0.0682367963873,0.0000025696464,15.1439384097487
77465,3.6337806422499,0.0028218695449,0.0436902457862,0.0682307845996,0.0000025696464,15.1439384097487
77468,3.6337601827790,0.0028121567608,0.0436996513085,0.0682296915928,0.0000025696464,15.1439384097487
77469,3.6337912697740,0.0028364469849,0.0436327652046,0.0682166536735,0.0000025182534,15.1439384097487
77658,3.6338442718351,0.0028651060336,0.0435534731415,0.0682013675046,0.0000024678884,15.1439384097487
77842,3.6338704757083,0.0028832810051,0.0435240987898,0.0681990367212,0.0000024185306,15.1439384097487
77985,3.6338626790907,0.0029119400539,0.0434862501215,0.0681976914675,0.0000023701600,15.1439384097487
77996,3.6337982310515,0.0029404613717,0.0434484490048,0.0681955025552,0.0000023701600,15.1439384097487
78071,3.6337627742598,0.0028616627608,0.0434693072452,0.0681686793823,0.0000023227568,15.1439384097487
78142,3.6337961367758,0.0027905385164,0.0435376035696,0.0681630611851,0.0000022763017,15.1439384097487
78150,3.6337089422049,0.0028036945734,0.0435216796396,0.0681617785800,0.0000022763017,15.1439384097487
78236,3.6337283077341,0.0028218695449,0.0434712263259,0.0681518228339,0.0000022307756,15.1439384097487
78555,3.6337194992859,0.0027847483088,0.0434659634679,0.0681339095016,0.0000021424369,15.1439384097487
78706,3.6337743252225,0.0027847483088,0.0434106466399,0.0681149292749,0.0000021424369,15.1439384097487
78758,3.6337169351399,0.0027847483088,0.0433729265135,0.0681006457353,0.0000020575964,15.1439384097487
78924,3.6337999781992,0.0028132696266,0.0433351069371,0.0681005372194,0.0000020164445,15.1439384097487
79128,3.6337058564007,0.0027847483088,0.0433729265135,0.0681004889719,0.0000019761156,15.1439384097487
79129,3.6337509501649,0.0027653227406,0.0433935640324,0.0681001723446,0.0000019761156,15.1439384097487
79334,3.6336892253277,0.0028121567608,0.0433253302639,0.0680950014622,0.0000018978614,15.1439384097487
79360,3.6335952293432,0.0028121567608,0.0432825595645,0.0680783961756,0.0000018978614,15.1439384097487
79541,3.6336371501474,0.0028589907810,0.0432139888799,0.0680745715449,0.0000018599042,15.1439384097487
79587,3.6336639795676,0.0028643182128,0.0432055967505,0.0680742371754,0.0000018227061,15.1439384097487
79643,3.6336268719640,0.0028356591641,0.0432355532722,0.0680721284135,0.0000018227061,15.1439384097487
80094,3.6336318127744,0.0027938440584,0.0432571402052,0.0680619871850,0.0000016812061,15.1439384097487
81680,3.6336875229940,0.0028406780786,0.0431882209367,0.0680582331794,0.0000013192705,15.1439384097487
82034,3.6336278769675,0.0027648599647,0.0432676239213,0.0680532539235,0.0000012416869,15.1439384097487
82037,3.6335776671416,0.0028116939849,0.0431278674461,0.0680227021539,0.0000012416869,15.1439384097487
82313,3.6335164672794,0.0028478731416,0.0430814066065,0.0680207483758,0.0000011925161,15.1439384097487
82799,3.6334814936726,0.0028192140929,0.0431112821377,0.0680186408848,0.0000010999388,15.1439384097487
82926,3.6334753203557,0.0028135616161,0.0431021822586,0.0680128810859,0.0000010999388,15.1439384097487
83237,3.6334792645179,0.0027723800726,0.0431458246770,0.0680108742406,0.0000010352536,15.1439384097487
83254,3.6335595250826,0.0027716087795,0.0430991129885,0.0679949966221,0.0000010352536,15.1439384097487
83501,3.6335321683646,0.0027716087795,0.0430179564957,0.0679656250647,0.0000009942576,15.1439384097487
84151,3.6335250173456,0.0028184427997,0.0429573822836,0.0679639619540,0.0000008987301,15.1439384097487
84723,3.6334934420547,0.0028333122293,0.0428965063595,0.0679481463770,0.0000008289600,15.1439384097487
84834,3.6335102446477,0.0027872495022,0.0429054794620,0.0679318476432,0.0000008123808,15.1439384097487
84977,3.6335200075236,0.0028151372578,0.0428664688475,0.0679300053202,0.0000007961332,15.1439384097487
85146,3.6335740893899,0.0028494322555,0.0428196040451,0.0679287310017,0.0000007802106,15.1439384097487
85152,3.6335499951724,0.0028025982353,0.0428389172348,0.0679152159150,0.0000007802106,15.1439384097487
85268,3.6334889480728,0.0027634385816,0.0428695607718,0.0679085135142,0.0000007646064,15.1439384097487
85298,3.6334362808311,0.0027855361296,0.0427797482598,0.0678851627568,0.0000007646064,15.1439384097487
85461,3.6335672636020,0.0028494322555,0.0426785008734,0.0678782404274,0.0000007343279,15.1439384097487
85975,3.6336541555382,0.0028025982353,0.0427113119593,0.0678711164645,0.0000006773207,15.1439384097487
86011,3.6336437485811,0.0027557642151,0.0427299629844,0.0678575585642,0.0000006773207,15.1439384097487
86027,3.6337304632418,0.0027112771296,0.0427716988986,0.0678546253607,0.0000006637743,15.1439384097487
86193,3.6338273677363,0.0027238161521,0.0427289835782,0.0678461149480,0.0000006504988,15.1439384097487
86216,3.6338233708457,0.0027706501723,0.0426251155321,0.0678290343845,0.0000006504988,15.1439384097487
86297,3.6339746237724,0.0027888251438,0.0425513566079,0.0678126214038,0.0000006504988,15.1439384097487
86583,3.6340341150276,0.0028231201416,0.0425040270270,0.0678112576355,0.0000006122443,15.1439384097487
86644,3.6339847847264,0.0028516414594,0.0424661520717,0.0678092562673,0.0000006122443,15.1439384097487
87045,3.6339010775838,0.0027896129647,0.0424963308303,0.0677922663042,0.0000005647146,15.1439384097487
87210,3.6338264044826,0.0027975958485,0.0424583564249,0.0677810686332,0.0000005647146,15.1439384097487
88132,3.6338840866669,0.0028262548972,0.0423884698841,0.0677692078028,0.0000004804383,15.1439384097487
88250,3.6338095148231,0.0028079256671,0.0423806765119,0.0677575138847,0.0000004708296,15.1439384097487
88419,3.6338429905039,0.0027897506956,0.0423503960287,0.0677393838315,0.0000004614130,15.1439384097487
88814,3.6339254454224,0.0027943068342,0.0423122227233,0.0677288698706,0.0000004342782,15.1439384097487
89462,3.6338851261793,0.0027943068342,0.0422877908235,0.0677195736775,0.0000003925531,15.1439384097487
90491,3.6338209509755,0.0028392732233,0.0422155023934,0.0677121196158,0.0000003407854,15.1439384097487
90642,3.6337828068810,0.0028861072435,0.0421523747547,0.0677091060171,0.0000003272903,15.1439384097487
90643,3.6337864623202,0.0028574481948,0.0421828172187,0.0677077476004,0.0000003272903,15.1439384097487
90777,3.6337414251456,0.0029042822150,0.0421194688584,0.0677045576360,0.0000003272903,15.1439384097487
91120,3.6337686464582,0.0028450634309,0.0421529613039,0.0676915249245,0.0000003080430,15.1439384097487
91267,3.6337839324527,0.0028450634309,0.0421367955543,0.0676859677383,0.0000003018821,15.1439384097487
91277,3.6337823299870,0.0028918974512,0.0420558187863,0.0676770965122,0.0000003018821,15.1439384097487
91328,3.6338046282732,0.0028918974512,0.0420464020691,0.0676740489182,0.0000002958445,15.1439384097487
91719,3.6337603130099,0.0029387314714,0.0419729983637,0.0676672779741,0.0000002784465,15.1439384097487
92061,3.6337585147146,0.0028334830156,0.0420062627620,0.0676340261895,0.0000002620716,15.1439384097487
92208,3.6338473869404,0.0028334830156,0.0420027123437,0.0676340157190,0.0000002568301,15.1439384097487
92321,3.6337249496584,0.0027752063110,0.0420549264866,0.0676259554173,0.0000002516935,15.1439384097487
92384,3.6338400645984,0.0028334830156,0.0419769376551,0.0676247068624,0.0000002516935,15.1439384097487
92513,3.6338280480323,0.0028334830156,0.0419670913637,0.0676210202962,0.0000002466597,15.1439384097487
92527,3.6338089174170,0.0028153080441,0.0419591080912,0.0676101091570,0.0000002466597,15.1439384097487
92533,3.6337239511252,0.0028129611093,0.0419465776835,0.0676034259149,0.0000002417265,15.1439384097487
92774,3.6337070922689,0.0028129611093,0.0419383860510,0.0676002617802,0.0000002368919,15.1439384097487
92975,3.6336876046622,0.0027661270891,0.0419950489901,0.0676001510728,0.0000002321541,15.1439384097487
93190,3.6336660630576,0.0027587612398,0.0419468137487,0.0675794625961,0.0000002229608,15.1439384097487
93729,3.6336419618832,0.0028055952600,0.0418557923262,0.0675666856381,0.0000002056519,15.1439384097487
93746,3.6336921595483,0.0027587612398,0.0418817323575,0.0675565885057,0.0000002015389,15.1439384097487
93809,3.6337894004686,0.0027919598995,0.0418165090137,0.0675488984038,0.0000002015389,15.1439384097487
94199,3.6336914494030,0.0027451258792,0.0418684587847,0.0675459941695,0.0000001896868,15.1439384097487
94740,3.6338742267620,0.0027919598995,0.0417681021987,0.0675328105420,0.0000001749611,15.1439384097487
94762,3.6338522773661,0.0028295604392,0.0417195607294,0.0675312782375,0.0000001749611,15.1439384097487
94885,3.6338707942429,0.0028295604392,0.0416793768965,0.0675171888812,0.0000001680326,15.1439384097487
95189,3.6338298364239,0.0027827264189,0.0417119441271,0.0675081687616,0.0000001646720,15.1439384097487
95324,3.6338114189006,0.0027358923987,0.0417687305592,0.0675081173005,0.0000001613785,15.1439384097487
95399,3.6338882050888,0.0027393356716,0.0417600483683,0.0675075787258,0.0000001581510,15.1439384097487
95664,3.6338743504371,0.0027393356716,0.0417438440492,0.0675015954266,0.0000001518882,15.1439384097487
95763,3.6338697650474,0.0027181967308,0.0417036177274,0.0674781044541,0.0000001488504,15.1439384097487
96183,3.6337790308618,0.0027650307510,0.0416384440380,0.0674736159768,0.0000001400968,15.1439384097487
96457,3.6337758365601,0.0028118647712,0.0415816576059,0.0674733616320,0.0000001345490,15.1439384097487
96573,3.6337166145425,0.0028118647712,0.0415731283960,0.0674694774980,0.0000001318580,15.1439384097487
96934,3.6338052222930,0.0028220403312,0.0415347079635,0.0674613706630,0.0000001241037,15.1439384097487
97029,3.6337774172523,0.0027283722908,0.0416156037411,0.0674497251268,0.0000001241037,15.1439384097487
97390,3.6337939232957,0.0027694161033,0.0415643908261,0.0674492585648,0.0000001168054,15.1439384097487
98426,3.6337634485214,0.0028162501236,0.0414894999260,0.0674421523217,0.0000001014018,15.1439384097487
98498,3.6338160463718,0.0028009013904,0.0415056377467,0.0674420820566,0.0000000973862,15.1439384097487
