0,3.12456,0.555358,0.320124,0.396553,100000.000000
1,3.1245737362140,0.5553584234398,0.3201196364510,0.3965517036025,100000.0000000000000,15.1439384097487
2,3.1245907292710,0.5553584234398,0.3200829006379,0.3965388241199,100000.0000000000000,15.1439384097487
3,3.1245930869485,0.5552407902202,0.3200981507580,0.3964938897153,100000.0000000000000,15.1439384097487
4,3.1246319935554,0.5551231570006,0.3200945916562,0.3964427548964,100000.0000000000000,15.1439384097487
5,3.1245917489008,0.5551231570006,0.3200546220497,0.3964279105778,100000.0000000000000,15.1439384097487
6,3.1246636773149,0.5550055237810,0.3200647635282,0.3963821360797,100000.0000000000000,15.1439384097487
7,3.1246255478206,0.5549586897607,0.3200145384080,0.3963435872840,100000.0000000000000,15.1439384097487
8,3.1247864786163,0.5549586897607,0.3193534776222,0.3961097713062,100000.0000000000000,15.1439384097487
15334,3.4061887122501,0.1615062345386,0.6768583252964,0.3591494159975,427.6026982026046,15.1439384097487
15337,3.4062567749279,0.1613417672987,0.6770464883940,0.3591470942262,427.6026982026046,15.1439384097487
15339,3.4063519835572,0.1612241340791,0.6770086485119,0.3590845129413,427.6026982026046,15.1439384097487
15343,3.4064749110553,0.1611533348797,0.5732379342444,0.3219949404619,427.6026982026046,15.1439384097487
15344,3.4064660192786,0.1611115032463,0.5732304798653,0.3219742245227,427.6026982026046,15.1439384097487
15347,3.4066853082469,0.1611115032463,0.5717105476705,0.3214344945202,427.6026982026046,15.1439384097487
15348,3.4065763328986,0.1611115032463,0.5716888735355,0.3214252117638,427.6026982026046,15.1439384097487
15349,3.4067131011112,0.1610682832853,0.5716581672177,0.3213976576424,427.6026982026046,15.1439384097487
15350,3.4065814754643,0.1610682832853,0.5714595469317,0.3213248593318,427.6026982026046,15.1439384097487
15352,3.4066991821878,0.1610159675747,0.5703996751770,0.3209255782286,427.6026982026046,15.1439384097487
15356,3.4066963443932,0.1608515003348,0.5702116644124,0.3207879054124,427.6026982026046,15.1439384097487
15357,3.4065730788214,0.1608515003348,0.5701930733512,0.3207795215481,427.6026982026046,15.1439384097487
15358,3.4066985873873,0.1608214364307,0.5701096268606,0.3207386106375,427.6026982026046,15.1439384097487
15359,3.4068491720493,0.1608214364307,0.5700737280250,0.3207279203877,427.6026982026046,15.1439384097487
15360,3.4068786997807,0.1608214364307,0.5700485838653,0.3207193581460,427.6026982026046,15.1439384097487
15361,3.4068199149752,0.1608214364307,0.5683503349101,0.3201120088610,427.6026982026046,15.1439384097487
15363,3.4068058768506,0.1608682704510,0.4743645042557,0.2865655138546,427.6026982026046,15.1439384097487
15364,3.4065957292220,0.1609230873550,0.4740679691296,0.2864801278364,427.6026982026046,15.1439384097487
15366,3.4065568439494,0.1609180849682,0.4739801611728,0.2864460737478,427.6026982026046,15.1439384097487
15367,3.4067242661185,0.1608004517486,0.4740839345703,0.2864350904510,427.6026982026046,15.1439384097487
15368,3.4067928344905,0.1608004517486,0.4740439712454,0.2864217880728,427.6026982026046,15.1439384097487
15373,3.4067803170584,0.1607836816324,0.4738248415602,0.2863361631574,427.6026982026046,15.1439384097487
15374,3.4067491684517,0.1607836816324,0.4738217061732,0.2863346026257,427.6026982026046,15.1439384097487
15375,3.4066957802527,0.1607368476122,0.4735212658368,0.2862064753431,427.6026982026046,15.1439384097487
15376,3.4067326060443,0.1606192143926,0.4735960705693,0.2861832981646,427.6026982026046,15.1439384097487
15377,3.4067651144453,0.1605723803723,0.4736302184474,0.2861758821040,427.6026982026046,15.1439384097487
15378,3.4069424597817,0.1605255463521,0.4736638486850,0.2861703306048,427.6026982026046,15.1439384097487
15379,3.4069286753875,0.1605255463521,0.4736268876616,0.2861569351911,427.6026982026046,15.1439384097487
15380,3.4069699999588,0.1604787123319,0.4736199965387,0.2861349870927,427.6026982026046,15.1439384097487
15382,3.4070695594980,0.1604318783116,0.4734917910342,0.2860705364504,427.6026982026046,15.1439384097487
15383,3.4071045166627,0.1604318783116,0.4734149050116,0.2860435717982,427.6026982026046,15.1439384097487
15390,3.4073900876398,0.1605180262442,0.4731492849733,0.2859896688515,419.0506442385525,15.1439384097487
15391,3.4074471155265,0.1605180262442,0.4731460838007,0.2859893325163,419.0506442385525,15.1439384097487
15396,3.4074932027948,0.1605180262442,0.4731253333995,0.2859825737905,419.0506442385525,15.1439384097487
15397,3.4073261034589,0.1605180262442,0.4731258442244,0.2859803917836,419.0506442385525,15.1439384097487
15408,3.4073380990873,0.1603350755155,0.4721800249149,0.2855643614552,419.0506442385525,15.1439384097487
15409,3.4073268200472,0.1602882414953,0.4722102777711,0.2855549347261,419.0506442385525,15.1439384097487
15410,3.4072293840184,0.1602882414953,0.4718799913076,0.2854355965616,419.0506442385525,15.1439384097487
15411,3.4072924422730,0.1602414074751,0.4719125133732,0.2854280321322,419.0506442385525,15.1439384097487
15416,3.4077007393214,0.1602414074751,0.4718763962705,0.2854209105428,419.0506442385525,15.1439384097487
15417,3.4077054143524,0.1602882414953,0.4703880319954,0.2849094897475,419.0506442385525,15.1439384097487
15419,3.4077125605372,0.1601237742555,0.4704312763131,0.2848545493047,419.0506442385525,15.1439384097487
15420,3.4076645720514,0.1602287141940,0.4701972780388,0.2848152737180,419.0506442385525,15.1439384097487
15421,3.4076987982303,0.1602287141940,0.4700896414481,0.2847773163766,419.0506442385525,15.1439384097487
15427,3.4078168596771,0.1601312943634,0.4700389394849,0.2847191277382,419.0506442385525,15.1439384097487
15431,3.4076327476579,0.1601312943634,0.4697055390111,0.2845974509677,419.0506442385525,15.1439384097487
15432,3.4075164836577,0.1600844603432,0.4689972505533,0.2843227739534,419.0506442385525,15.1439384097487
15433,3.4074140479665,0.1600844603432,0.4688993004163,0.2842863423034,419.0506442385525,15.1439384097487
15434,3.4074148037028,0.1600376263229,0.4689157916412,0.2842721709973,419.0506442385525,15.1439384097487
15435,3.4074152077694,0.1600844603432,0.4680402727873,0.2839795631328,419.0506442385525,15.1439384097487
15458,3.4078209905816,0.1596344658987,0.4684989201362,0.2839562527951,419.0506442385525,15.1439384097487
15459,3.4078366150762,0.1596344658987,0.4684363662910,0.2839341332216,419.0506442385525,15.1439384097487
15460,3.4078957186823,0.1595168326791,0.4684884982594,0.2839031738569,419.0506442385525,15.1439384097487
15493,3.4081403940533,0.1590133766027,0.4680992983028,0.2835518691226,402.4562387267059,15.1439384097487
15494,3.4082224633531,0.1590133766027,0.4680521979773,0.2835362088529,402.4562387267059,15.1439384097487
15497,3.4080457296529,0.1590602106230,0.4678388955691,0.2834776003743,402.4562387267059,15.1439384097487
15498,3.4081875831820,0.1590602106230,0.4677697013487,0.2834548953707,402.4562387267059,15.1439384097487
15507,3.4081410522231,0.1590002205458,0.4673423007228,0.2832758838470,402.4562387267059,15.1439384097487
15508,3.4081725062463,0.1590002205458,0.4673180970934,0.2832676847659,402.4562387267059,15.1439384097487
15509,3.4081876582434,0.1590002205458,0.4671666297092,0.2832138036713,402.4562387267059,15.1439384097487
15524,3.4079817867667,0.1589041890428,0.3844755934018,0.2536372212784,402.4562387267059,15.1439384097487
15525,3.4079254583923,0.1588573550226,0.3844633134511,0.2536119668160,402.4562387267059,15.1439384097487
15526,3.4079630103468,0.1588105210023,0.3845090853219,0.2536087735474,402.4562387267059,15.1439384097487
15527,3.4080487722950,0.1588105210023,0.3844931613918,0.2536042999554,402.4562387267059,15.1439384097487
15528,3.4080593419648,0.1586928877827,0.3114489924458,0.2274668320835,402.4562387267059,15.1439384097487
15529,3.4078314098489,0.1586928877827,0.3111487455768,0.2273563758347,402.4562387267059,15.1439384097487
15530,3.4080184304072,0.1586928877827,0.3105922318268,0.2271602672523,402.4562387267059,15.1439384097487
15531,3.4079181052349,0.1586756714184,0.3105705775775,0.2271437355555,402.4562387267059,15.1439384097487
15791,3.4112130377098,0.1545367527563,0.3093440550314,0.2249784925792,371.2128203948724,15.1439384097487
15793,3.4109713323713,0.1545401960292,0.3091958456058,0.2249236162155,371.2128203948724,15.1439384097487
15794,3.4110964993260,0.1545401960292,0.3091121338561,0.2248954902661,371.2128203948724,15.1439384097487
15795,3.4110390969155,0.1545401960292,0.3091027912247,0.2248913413717,371.2128203948724,15.1439384097487
15796,3.4110926699464,0.1545401960292,0.3090717983289,0.2248810305352,371.2128203948724,15.1439384097487
15797,3.4112745328857,0.1545401960292,0.3090179826221,0.2248643839883,371.2128203948724,15.1439384097487
15799,3.4113102340872,0.1545401960292,0.3089734371045,0.2248489800445,371.2128203948724,15.1439384097487
26447,3.5251099951837,0.0294054841762,0.4545215386809,0.2248115416686,8.1536351216307,15.1439384097487
26448,3.5251451965571,0.0293950000989,0.4544632700951,0.2247867363805,8.1536351216307,15.1439384097487
26482,3.5249577155638,0.0292378987084,0.4544234167484,0.2247025210316,8.1536351216307,15.1439384097487
26486,3.5246585911369,0.0291799470487,0.4544339216874,0.2246772037793,8.1536351216307,15.1439384097487
26487,3.5246516099207,0.0291381154153,0.4544294759264,0.2246575893809,8.1536351216307,15.1439384097487
26488,3.5246818678070,0.0290797009798,0.4544889736292,0.2246542319494,8.1536351216307,15.1439384097487
26489,3.5246904933436,0.0290797009798,0.4544632728450,0.2246451751487,8.1536351216307,15.1439384097487
26490,3.5246680555184,0.0289620677602,0.4545837400951,0.2246374674359,8.1536351216307,15.1439384097487
26491,3.5245934896988,0.0289152337399,0.4546267046787,0.2246316851057,8.1536351216307,15.1439384097487
26760,3.5295536476536,0.0277469009553,0.3739271737898,0.1953798959263,7.3702403559609,15.1439384097487
26762,3.5297465419902,0.0277469009553,0.3738374332002,0.1953505751577,7.3702403559609,15.1439384097487
26768,3.5300951776938,0.0276869108780,0.3011101587327,0.1693557717009,7.3702403559609,15.1439384097487
26769,3.5301688876827,0.0276400768578,0.2997356182915,0.1688458356689,7.3702403559609,15.1439384097487
26770,3.5302727016416,0.0276869108780,0.2996705486149,0.1688441371822,7.3702403559609,15.1439384097487
26771,3.5302680466550,0.0276869108780,0.2995131381655,0.1687878532968,7.3702403559609,15.1439384097487
26773,3.5302133564893,0.0277805789185,0.2992343182303,0.1687276443323,7.3702403559609,15.1439384097487
26824,3.5307431377678,0.0279730716449,0.2987739040592,0.1686532039521,7.2228355488416,15.1439384097487
26825,3.5307782034901,0.0279262376247,0.2987847364856,0.1686374971304,7.2228355488416,15.1439384097487
26826,3.5308541008979,0.0279262376247,0.2987059861371,0.1686104459492,7.2228355488416,15.1439384097487
26827,3.5308566329130,0.0280075209013,0.2985773989310,0.1685993934649,7.2228355488416,15.1439384097487
26828,3.5310286701930,0.0280266379522,0.2985137615260,0.1685872931581,7.2228355488416,15.1439384097487
26830,3.5309828463078,0.0280388519297,0.2980742954302,0.1684349271379,7.2228355488416,15.1439384097487
26831,3.5309723315445,0.0280972663653,0.2977618604710,0.1683482291987,7.2228355488416,15.1439384097487
26836,3.5312864353943,0.0281104224223,0.2975702107708,0.1682898657358,7.2228355488416,15.1439384097487
38643,3.6070616846811,0.0045371868842,0.2834357097467,0.1542112291278,0.1059150185441,15.1439384097487
38644,3.6070627089666,0.0045371868842,0.2834157624348,0.1542041195814,0.1059150185441,15.1439384097487
38645,3.6072135634639,0.0045072772388,0.2832027366196,0.1541173550947,0.1059150185441,15.1439384097487
38668,3.6076744626336,0.0044438108333,0.2830447410445,0.1540402499079,0.1059150185441,15.1439384097487
38671,3.6075464961732,0.0044986442650,0.2829037064209,0.1540115697248,0.1059150185441,15.1439384097487
38672,3.6074276644090,0.0044518102448,0.2829263934223,0.1539979190409,0.1059150185441,15.1439384097487
38674,3.6073650569362,0.0044518102448,0.2828461445201,0.1539683728271,0.1059150185441,15.1439384097487
38688,3.6070688021525,0.0046273620687,0.2826280760676,0.1539615357475,0.1059150185441,15.1439384097487
38690,3.6070471770196,0.0047415520154,0.2824830853297,0.1539583858956,0.1037967181733,15.1439384097487
38855,3.6068754641568,0.0046781021376,0.2239498375843,0.1330240320276,0.0996863681336,15.1439384097487
38856,3.6068427773714,0.0047249361579,0.2233501118924,0.1328294534877,0.0996863681336,15.1439384097487
38857,3.6068223657491,0.0046416144637,0.2234176618664,0.1328175803578,0.0996863681336,15.1439384097487
38859,3.6067766070797,0.0045950889607,0.2234233926364,0.1327990400780,0.0996863681336,15.1439384097487
38860,3.6067981477813,0.0045950889607,0.2233797241422,0.1327837489867,0.0976926407709,15.1439384097487
38864,3.6069072019149,0.0046572717141,0.2222962175412,0.1324249752036,0.0976926407709,15.1439384097487
38866,3.6069057247678,0.0046572717141,0.2208353646949,0.1319032211427,0.0976926407709,15.1439384097487
38933,3.6074637598826,0.0045888359772,0.2208420185881,0.1318841640911,0.0957387879555,15.1439384097487
38945,3.6073746324442,0.0046220346369,0.2204930074495,0.1317724841056,0.0938240121964,15.1439384097487
38946,3.6073508605102,0.0046204755229,0.2203637203407,0.1317253055752,0.0938240121964,15.1439384097487
38947,3.6072838061199,0.0046204755229,0.2201275595427,0.1316400136179,0.0938240121964,15.1439384097487
38948,3.6072819404867,0.0045647165394,0.2201137051369,0.1316111425100,0.0938240121964,15.1439384097487
38950,3.6074161719147,0.0045647165394,0.2200994521482,0.1316079515227,0.0938240121964,15.1439384097487
38952,3.6074062281631,0.0045205379712,0.2200767669039,0.1315807752742,0.0938240121964,15.1439384097487
38958,3.6072217749288,0.0045568879142,0.2199667850879,0.1315544646003,0.0938240121964,15.1439384097487
38959,3.6071866217942,0.0044392546946,0.2200558858800,0.1315353746602,0.0938240121964,15.1439384097487
38960,3.6073101808800,0.0044408138086,0.2199279731687,0.1314921080935,0.0938240121964,15.1439384097487
38969,3.6072342879943,0.0042863513424,0.2199171329440,0.1314209645057,0.0938240121964,15.1439384097487
38971,3.6073786359901,0.0042863513424,0.2198340562282,0.1313933367645,0.0938240121964,15.1439384097487
38972,3.6074722347919,0.0042603642734,0.2197147891036,0.1313409284644,0.0938240121964,15.1439384097487
38974,3.6074028054860,0.0042603642734,0.2196568362009,0.1313192485791,0.0938240121964,15.1439384097487
38988,3.6074934230253,0.0041699687194,0.2193575243031,0.1311748927532,0.0938240121964,15.1439384097487
38989,3.6076319892543,0.0042168027397,0.2191990940112,0.1311403429319,0.0938240121964,15.1439384097487
38990,3.6076332670462,0.0042168027397,0.2191936829509,0.1311384284910,0.0938240121964,15.1439384097487
39032,3.6074756941297,0.0043432066639,0.2190301720709,0.1311319752123,0.0919475319525,15.1439384097487
39033,3.6074485178916,0.0042963726437,0.2190481286470,0.1311179320103,0.0919475319525,15.1439384097487
39040,3.6076357496679,0.0043374329840,0.2187258781360,0.1310230891479,0.0919475319525,15.1439384097487
40852,3.6151264091651,0.0038784419562,0.2176202808588,0.1305375148672,0.0481697617853,15.1439384097487
40964,3.6158666464816,0.0040540103077,0.2173444736565,0.1305247301826,0.0472063665496,15.1439384097487
44050,3.6204498496858,0.0050169532432,0.2160033822047,0.1305233107977,0.0155394175813,15.1439384097487
44052,3.6204505394861,0.0050182038399,0.2159689974132,0.1305115762457,0.0155394175813,15.1439384097487
44053,3.6203400952100,0.0049959685610,0.2159609292785,0.1304976025847,0.0155394175813,15.1439384097487
44054,3.6203137702050,0.0049959685610,0.2159156440311,0.1304810567850,0.0155394175813,15.1439384097487
44055,3.6202964654796,0.0050182038399,0.2158790674464,0.1304772782635,0.0155394175813,15.1439384097487
44056,3.6204557667610,0.0049713698197,0.2152008133295,0.1302172270298,0.0155394175813,15.1439384097487
44057,3.6204013330975,0.0050307263347,0.2150605588622,0.1301918044224,0.0155394175813,15.1439384097487
44058,3.6203960110497,0.0050490555648,0.2147847817216,0.1301010926642,0.0155394175813,15.1439384097487
44059,3.6202865791604,0.0050385714876,0.2147721507638,0.1300905399780,0.0155394175813,15.1439384097487
44067,3.6205101416336,0.0050084910558,0.2145515052573,0.1300020097918,0.0155394175813,15.1439384097487
44321,3.6216254242342,0.0050326104936,0.2143866561038,0.1299692531701,0.0143330640019,15.1439384097487
44322,3.6215329524715,0.0049857764733,0.2138270140651,0.1297480008213,0.0143330640019,15.1439384097487
44324,3.6214832516428,0.0049458289988,0.2138399293394,0.1297347898096,0.0143330640019,15.1439384097487
44325,3.6215388042262,0.0049680642777,0.2137297875988,0.1297057689442,0.0143330640019,15.1439384097487
44337,3.6218868025133,0.0050701945056,0.2131513328983,0.1295478722299,0.0143330640019,15.1439384097487
44412,3.6220269361387,0.0045100704217,0.2137231457370,0.1295140208035,0.0137654746675,15.1439384097487
44460,3.6216138089308,0.0047067777141,0.2129839789912,0.1293284900829,0.0134901651741,15.1439384097487
44574,3.6226315075730,0.0046945802643,0.1635886463569,0.1116964727455,0.0129559546332,15.1439384097487
44588,3.6226039812372,0.0047876147425,0.1634519830835,0.1116871468570,0.0129559546332,15.1439384097487
44589,3.6227472662050,0.0047876147425,0.1631373315891,0.1115767987960,0.0129559546332,15.1439384097487
44592,3.6226685336863,0.0047860556286,0.1628278161850,0.1114644753287,0.0129559546332,15.1439384097487
44593,3.6225595261748,0.0047860556286,0.1627760021470,0.1114444278662,0.0129559546332,15.1439384097487
44594,3.6224558490091,0.0048222513130,0.1624824532042,0.1113536343692,0.0129559546332,15.1439384097487
44595,3.6226855622125,0.0047754172927,0.1618642787875,0.1111160364953,0.0129559546332,15.1439384097487
44598,3.6227355155013,0.0047754172927,0.1617669156296,0.1110819707746,0.0129559546332,15.1439384097487
44600,3.6227487565299,0.0047285832725,0.1615008692949,0.1109670698632,0.0129559546332,15.1439384097487
44602,3.6228188378861,0.0047285832725,0.1613478574683,0.1109134144288,0.0129559546332,15.1439384097487
44639,3.6233151940420,0.0048719115716,0.1610236098560,0.1108660615304,0.0126968355406,15.1439384097487
44640,3.6232258038888,0.0048719115716,0.1604657554793,0.1106655629597,0.0126968355406,15.1439384097487
44641,3.6231661311226,0.0048437152987,0.1603539157992,0.1106126917343,0.0126968355406,15.1439384097487
44740,3.6236769548439,0.0050317179973,0.1600471520922,0.1105909339740,0.0121940408532,15.1439384097487
44741,3.6238415956984,0.0050317179973,0.1600111890519,0.1105804196881,0.0121940408532,15.1439384097487
44786,3.6234977203686,0.0047157522605,0.1191815605206,0.0958581297983,0.0119501600361,15.1439384097487
44787,3.6234538670620,0.0046889773707,0.1190578684473,0.0958018585837,0.0119501600361,15.1439384097487
44790,3.6234179552778,0.0046421433504,0.1190913712075,0.0957932439829,0.0119501600361,15.1439384097487
44791,3.6234631132791,0.0046421433504,0.1190435793324,0.0957768144388,0.0119501600361,15.1439384097487
44792,3.6233044237334,0.0046421433504,0.1190117521929,0.0957632021568,0.0119501600361,15.1439384097487
44793,3.6232489823193,0.0046065977560,0.1190314040301,0.0957542023516,0.0119501600361,15.1439384097487
44794,3.6233719022900,0.0046534317762,0.1188611704786,0.0957152156869,0.0119501600361,15.1439384097487
44796,3.6233327680241,0.0046534317762,0.1184013140288,0.0955504274933,0.0119501600361,15.1439384097487
44805,3.6235617389946,0.0046780305176,0.1181373022601,0.0954699198176,0.0119501600361,15.1439384097487
44806,3.6236156386835,0.0046311964973,0.1181709758973,0.0954626370706,0.0119501600361,15.1439384097487
44807,3.6236765809441,0.0046311964973,0.1181523181987,0.0954568359357,0.0119501600361,15.1439384097487
44808,3.6237179468202,0.0046780305176,0.1180434227752,0.0954386017603,0.0119501600361,15.1439384097487
44809,3.6237114479433,0.0047068603526,0.1179859684686,0.0954303460501,0.0119501600361,15.1439384097487
44810,3.6236598592615,0.0047068603526,0.1178163518858,0.0953690387227,0.0119501600361,15.1439384097487
44813,3.6239829339110,0.0047203414546,0.1175501173267,0.0952843040513,0.0119501600361,15.1439384097487
44814,3.6241441226417,0.0047397504950,0.1175002704615,0.0952771005694,0.0119501600361,15.1439384097487
44869,3.6234013116069,0.0048053765213,0.0877998409082,0.0846874190138,0.0117111568354,15.1439384097487
44870,3.6235170238972,0.0047690265783,0.0878321550376,0.0846850185485,0.0117111568354,15.1439384097487
44872,3.6236417601397,0.0047779515415,0.0876560549871,0.0846277156670,0.0117111568354,15.1439384097487
44873,3.6237543547776,0.0048157063399,0.0875583215642,0.0846105847076,0.0117111568354,15.1439384097487
44876,3.6238600926153,0.0050270076000,0.0872895571148,0.0846066512704,0.0117111568354,15.1439384097487
44877,3.6238519534402,0.0050360868219,0.0872410304036,0.0845930962285,0.0117111568354,15.1439384097487
44880,3.6238383262572,0.0050287209725,0.0871400981885,0.0845536993925,0.0117111568354,15.1439384097487
44882,3.6240152473953,0.0050171405572,0.0868902107610,0.0844619942698,0.0114769336987,15.1439384097487
44910,3.6235562044506,0.0048404593399,0.0868833075253,0.0843773128798,0.0114769336987,15.1439384097487
44920,3.6233379956134,0.0046462367132,0.0869733166935,0.0843231331023,0.0114769336987,15.1439384097487
45071,3.6215342605635,0.0047298503969,0.0867361842839,0.0842487546617,0.0108019981817,15.1439384097487
45072,3.6214671090808,0.0047057309591,0.0866236101629,0.0841972625277,0.0108019981817,15.1439384097487
45074,3.6214274980980,0.0047525649794,0.0865137121052,0.0841775244515,0.0108019981817,15.1439384097487
45085,3.6218352147387,0.0047541406210,0.0666097936101,0.0770754265700,0.0108019981817,15.1439384097487
45086,3.6219777697571,0.0047579089388,0.0665600194417,0.0770612822186,0.0108019981817,15.1439384097487
45087,3.6220666753306,0.0048047429591,0.0664114978406,0.0770295685205,0.0108019981817,15.1439384097487
45088,3.6220716736586,0.0048288623969,0.0661866349592,0.0769596679765,0.0108019981817,15.1439384097487
45090,3.6222604643382,0.0047820283766,0.0656746022716,0.0767593988120,0.0108019981817,15.1439384097487
45091,3.6222209838750,0.0048169569366,0.0651345242493,0.0765809245410,0.0108019981817,15.1439384097487
45092,3.6221036881356,0.0047685638024,0.0651186970563,0.0765528723305,0.0108019981817,15.1439384097487
46729,3.6289488252724,0.0046344194007,0.0644623231774,0.0763578208623,0.0061352776199,15.1439384097487
46732,3.6288458003060,0.0046344194007,0.0643955486436,0.0763325150181,0.0061352776199,15.1439384097487
47134,3.6295801641149,0.0037100190844,0.0654305006568,0.0763163603717,0.0052196673323,15.1439384097487
47149,3.6296114145818,0.0038310790492,0.0652220858768,0.0762942515558,0.0052196673323,15.1439384097487
47150,3.6296701477634,0.0038779130694,0.0650104252558,0.0762395612704,0.0052196673323,15.1439384097487
47152,3.6295221604855,0.0039247470897,0.0635613081402,0.0757399971563,0.0052196673323,15.1439384097487
47153,3.6294144151775,0.0039269397658,0.0635599634761,0.0757389320486,0.0052196673323,15.1439384097487
47170,3.6291465781977,0.0037209659375,0.0637990463960,0.0757322544325,0.0052196673323,15.1439384097487
47195,3.6290551306837,0.0037585499495,0.0625676065839,0.0753072679571,0.0051152739856,15.1439384097487
47499,3.6302368159424,0.0043387331638,0.0616637690584,0.0752498395571,0.0046238025369,15.1439384097487
47500,3.6302351946322,0.0042918991436,0.0616960495159,0.0752412736275,0.0046238025369,15.1439384097487
47528,3.6298197343070,0.0043078979666,0.0615969376421,0.0752068544324,0.0046238025369,15.1439384097487
47530,3.6298354115755,0.0043379618707,0.0614961592845,0.0751839685245,0.0046238025369,15.1439384097487
47532,3.6296864590515,0.0043835452942,0.0613702999336,0.0751564468410,0.0046238025369,15.1439384097487
47533,3.6296788280690,0.0043835452942,0.0611669073145,0.0750836986420,0.0045313264862,15.1439384097487
47535,3.6297255014512,0.0042963010236,0.0611674440166,0.0750471603449,0.0045313264862,15.1439384097487
47540,3.6301602945285,0.0042117287328,0.0612115914993,0.0750328343284,0.0045313264862,15.1439384097487
47541,3.6301032949394,0.0043293619524,0.0610611184923,0.0750287016654,0.0045313264862,15.1439384097487
48223,3.6328308046875,0.0043025540072,0.0609374414627,0.0750116362585,0.0035558076744,15.1439384097487
48229,3.6327256472905,0.0040912527471,0.0610718305982,0.0749675867253,0.0035558076744,15.1439384097487
48440,3.6343874782634,0.0037906522711,0.0612267104470,0.0749175869786,0.0033466977367,15.1439384097487
48441,3.6342902924536,0.0038147717089,0.0610263399655,0.0748549878216,0.0033466977367,15.1439384097487
48445,3.6343090523617,0.0037199908027,0.0610452390465,0.0748213825564,0.0033466977367,15.1439384097487
48447,3.6343225649273,0.0037224919961,0.0609550661084,0.0747904410776,0.0033466977367,15.1439384097487
48470,3.6345151086090,0.0037085811737,0.0606126321296,0.0746649059272,0.0032797637820,15.1439384097487
48472,3.6346499215502,0.0036730355792,0.0605273260277,0.0746211132301,0.0032797637820,15.1439384097487
48474,3.6346853326689,0.0036730355792,0.0604455237034,0.0745923991793,0.0032797637820,15.1439384097487
48475,3.6346842356578,0.0037198695995,0.0603395839073,0.0745746197381,0.0032797637820,15.1439384097487
50541,3.6460819419604,0.0045020875379,0.0588932648934,0.0745545902734,0.0015848249169,15.1439384097487
50542,3.6461642104758,0.0045020875379,0.0585934292111,0.0744486701951,0.0015848249169,15.1439384097487
50545,3.6462093599826,0.0046574755558,0.0581731958902,0.0743658205935,0.0015848249169,15.1439384097487
50546,3.6461201669259,0.0046524731690,0.0579572982390,0.0742853083337,0.0015848249169,15.1439384097487
50547,3.6461174066836,0.0047701063886,0.0577619075036,0.0742659011079,0.0015848249169,15.1439384097487
50548,3.6461622829629,0.0047701063886,0.0576838962899,0.0742386749565,0.0015848249169,15.1439384097487
50550,3.6460280958128,0.0046829998490,0.0577774795123,0.0742328674226,0.0015848249169,15.1439384097487
50609,3.6458583463098,0.0046131427290,0.0578458008453,0.0742249271889,0.0015531284185,15.1439384097487
50612,3.6457938209701,0.0045663087088,0.0577263330884,0.0741612753807,0.0015531284185,15.1439384097487
51066,3.6452012971230,0.0037677834301,0.0586852326744,0.0741531302263,0.0013213442278,15.1439384097487
51067,3.6453420799638,0.0037677834301,0.0586537341159,0.0741438728089,0.0013213442278,15.1439384097487
51069,3.6454619863806,0.0037914400920,0.0585459834520,0.0741172256661,0.0013213442278,15.1439384097487
51070,3.6453944529107,0.0038196363648,0.0584792429249,0.0741045182864,0.0013213442278,15.1439384097487
51071,3.6453524982395,0.0037959797029,0.0584819411795,0.0740947497236,0.0013213442278,15.1439384097487
51077,3.6453895503566,0.0036554776422,0.0586165611706,0.0740831374079,0.0013213442278,15.1439384097487
51081,3.6453037076847,0.0037032537419,0.0584862131643,0.0740558453518,0.0013213442278,15.1439384097487
51082,3.6454944935740,0.0037500877621,0.0582909423901,0.0740088771201,0.0013213442278,15.1439384097487
51084,3.6454172919785,0.0037500877621,0.0582854421650,0.0740058203566,0.0013213442278,15.1439384097487
51085,3.6453358549029,0.0037870547396,0.0575317932041,0.0737513506746,0.0013213442278,15.1439384097487
51086,3.6453760975414,0.0037402207194,0.0575186357305,0.0737271492846,0.0013213442278,15.1439384097487
51322,3.6453136346238,0.0040765210484,0.0570702214547,0.0737102461953,0.0012187658441,15.1439384097487
51327,3.6449972447690,0.0041217794270,0.0570258775098,0.0737093286248,0.0012187658441,15.1439384097487
51329,3.6450930116144,0.0041217794270,0.0568662161726,0.0736536618131,0.0012187658441,15.1439384097487
51330,3.6451652219579,0.0040605387531,0.0569356099439,0.0736532210712,0.0012187658441,15.1439384097487
51335,3.6454064363894,0.0039555822869,0.0569775792830,0.0736266419463,0.0012187658441,15.1439384097487
51336,3.6454323674936,0.0039886432156,0.0568209395435,0.0735852350751,0.0012187658441,15.1439384097487
51337,3.6453060640102,0.0041014117793,0.0566371492220,0.0735661378732,0.0012187658441,15.1439384097487
51340,3.6451128489099,0.0041104910012,0.0566022597269,0.0735548344535,0.0012187658441,15.1439384097487
51341,3.6449467461449,0.0041573250215,0.0565384920237,0.0735497816538,0.0011943905272,15.1439384097487
51342,3.6448977702445,0.0041272611174,0.0565286168537,0.0735326772713,0.0011943905272,15.1439384097487
51343,3.6448549663864,0.0041272611174,0.0563930628904,0.0734836594699,0.0011943905272,15.1439384097487
51344,3.6448757842455,0.0041050258385,0.0564123044521,0.0734812966223,0.0011943905272,15.1439384097487
52417,3.6446430430587,0.0037793638454,0.0568025045984,0.0734777911195,0.0008302630543,15.1439384097487
52463,3.6454529853686,0.0034952745515,0.0571079698235,0.0734765939177,0.0008136577932,15.1439384097487
52470,3.6454984767182,0.0035560524495,0.0569925288207,0.0734620563583,0.0008136577932,15.1439384097487
52530,3.6454814536570,0.0032377563057,0.0569381502485,0.0733059819314,0.0008136577932,15.1439384097487
52535,3.6454239393993,0.0033582322914,0.0567726177649,0.0732976819296,0.0007814369446,15.1439384097487
52536,3.6452772028406,0.0033113982711,0.0568308802117,0.0732963419109,0.0007814369446,15.1439384097487
52537,3.6452076786153,0.0032645642509,0.0568033687830,0.0732654609146,0.0007814369446,15.1439384097487
52559,3.6456259698026,0.0030460844555,0.0570225557043,0.0732560265522,0.0007814369446,15.1439384097487
52561,3.6458192827728,0.0030891501579,0.0569419164273,0.0732484189056,0.0007814369446,15.1439384097487
52562,3.6459052238241,0.0030891501579,0.0569244554349,0.0732433988970,0.0007814369446,15.1439384097487
52565,3.6459608019839,0.0031134238544,0.0568389000738,0.0732240328508,0.0007814369446,15.1439384097487
52566,3.6459244359616,0.0031134238544,0.0567415550019,0.0731887521770,0.0007814369446,15.1439384097487
52587,3.6455490890980,0.0029584986123,0.0568522368101,0.0731565737289,0.0007814369446,15.1439384097487
52595,3.6456724730333,0.0028591780951,0.0569528184485,0.0731516756810,0.0007814369446,15.1439384097487
52596,3.6458481240360,0.0029060121153,0.0568230782568,0.0731278970712,0.0007814369446,15.1439384097487
52601,3.6461222496275,0.0028934896205,0.0568257985948,0.0731273806958,0.0007814369446,15.1439384097487
52602,3.6461043621279,0.0028884872337,0.0568170868822,0.0731218723828,0.0007814369446,15.1439384097487
58599,3.6586645777851,0.0042453405852,0.0545563495293,0.0730737009750,0.0001079069352,15.1439384097487
58600,3.6585798477976,0.0042110290597,0.0545690267441,0.0730623246885,0.0001079069352,15.1439384097487
58941,3.6586700512237,0.0040813857043,0.0546696348927,0.0730439711046,0.0000975393228,15.1439384097487
58946,3.6586516561798,0.0041276026901,0.0545885449668,0.0730345574077,0.0000975393228,15.1439384097487
58954,3.6586222735147,0.0041260435761,0.0542247236655,0.0729035372743,0.0000975393228,15.1439384097487
59108,3.6585118343228,0.0038279608213,0.0545411546160,0.0728872358688,0.0000918032303,15.1439384097487
60583,3.6635315169229,0.0037120575020,0.0544617262176,0.0728802239051,0.0000600627970,15.1439384097487
61427,3.6635333886923,0.0035266221077,0.0546787255002,0.0728782778224,0.0000480941646,15.1439384097487
61428,3.6634781486372,0.0034797880874,0.0547362834371,0.0728779808625,0.0000480941646,15.1439384097487
61429,3.6634999593376,0.0034329540672,0.0546762679613,0.0728367836610,0.0000480941646,15.1439384097487
61436,3.6634820912412,0.0035980383416,0.0544291569098,0.0728190272849,0.0000471322813,15.1439384097487
61438,3.6633900349422,0.0035638976024,0.0544006944334,0.0727929277790,0.0000471322813,15.1439384097487
61456,3.6631549688975,0.0035866287126,0.0543523313042,0.0727820709684,0.0000471322813,15.1439384097487
61478,3.6634651073058,0.0037523300214,0.0541197407102,0.0727744061835,0.0000471322813,15.1439384097487
62330,3.6627339519257,0.0039806933872,0.0536457244102,0.0726926388620,0.0000385105054,15.1439384097487
62371,3.6628020799343,0.0040588419082,0.0535339089099,0.0726871609848,0.0000377402953,15.1439384097487
63219,3.6613820580395,0.0032184849961,0.0545694167782,0.0726767390464,0.0000308365690,15.1439384097487
63220,3.6615115547531,0.0032184849961,0.0544007968624,0.0726183500177,0.0000308365690,15.1439384097487
63229,3.6616231291555,0.0033121530365,0.0542566019619,0.0726085740552,0.0000308365690,15.1439384097487
63230,3.6616158413118,0.0033071506497,0.0542406825383,0.0726006415442,0.0000308365690,15.1439384097487
63236,3.6617624969569,0.0032603166295,0.0542484439525,0.0725854169225,0.0000308365690,15.1439384097487
63238,3.6616385280075,0.0032653190163,0.0541875458720,0.0725640573357,0.0000308365690,15.1439384097487
63243,3.6617444346107,0.0032899012300,0.0536959596446,0.0724005246317,0.0000302198376,15.1439384097487
63246,3.6616432086811,0.0032430672097,0.0536814859902,0.0723738514064,0.0000302198376,15.1439384097487
63248,3.6615844860806,0.0032842652809,0.0535802003351,0.0723545033535,0.0000302198376,15.1439384097487
64098,3.6617388519129,0.0036318209803,0.0529948906079,0.0722966008740,0.0000246918075,15.1439384097487
64104,3.6617443228231,0.0036318209803,0.0528655087143,0.0722504704678,0.0000246918075,15.1439384097487
64205,3.6620948549437,0.0034877379158,0.0529614416085,0.0722279423370,0.0000241979714,15.1439384097487
64210,3.6618008480157,0.0034877379158,0.0529525431287,0.0722206041302,0.0000241979714,15.1439384097487
64211,3.6618857371850,0.0034409038956,0.0529576104429,0.0722035433383,0.0000241979714,15.1439384097487
64303,3.6622401678951,0.0036356058258,0.0526332493275,0.0721761589380,0.0000237140120,15.1439384097487
64305,3.6622116718218,0.0036356058258,0.0525940304270,0.0721617489703,0.0000237140120,15.1439384097487
64838,3.6602122202479,0.0036255845245,0.0526716006190,0.0721568656610,0.0000214355886,15.1439384097487
64873,3.6602487417911,0.0035652859300,0.0526195310696,0.0721129439160,0.0000210068768,15.1439384097487
64875,3.6601693397046,0.0036089851947,0.0525287942902,0.0720981426454,0.0000210068768,15.1439384097487
64927,3.6602206489383,0.0035677871235,0.0525425784216,0.0720861352555,0.0000210068768,15.1439384097487
64929,3.6601523883733,0.0035790755492,0.0524917811850,0.0720718653996,0.0000210068768,15.1439384097487
64965,3.6605276390781,0.0034744441279,0.0525553949466,0.0720550523349,0.0000205867393,15.1439384097487
65052,3.6603806117934,0.0035004477246,0.0525019048353,0.0720450126960,0.0000205867393,15.1439384097487
65096,3.6601999896904,0.0035503999728,0.0524310986210,0.0720385770780,0.0000201750045,15.1439384097487
65229,3.6600784664327,0.0034676953131,0.0524404148117,0.0720047398889,0.0000197715044,15.1439384097487
65946,3.6598759446688,0.0035491163207,0.0522928721591,0.0719840751325,0.0000168208649,15.1439384097487
66094,3.6596029410559,0.0033997058244,0.0524732692376,0.0719806066079,0.0000164844476,15.1439384097487
66141,3.6596352719820,0.0033705674721,0.0524907208890,0.0719748089557,0.0000161547586,15.1439384097487
66436,3.6602441925553,0.0032132952952,0.0526393285268,0.0719690969359,0.0000155150302,15.1439384097487
66494,3.6603289110869,0.0032602835741,0.0525744188011,0.0719672514863,0.0000152047296,15.1439384097487
66534,3.6607033550110,0.0032897304436,0.0525094515966,0.0719619673567,0.0000149006350,15.1439384097487
66539,3.6607701877764,0.0032695335823,0.0525174534802,0.0719571150537,0.0000149006350,15.1439384097487
66569,3.6607667604920,0.0033029030283,0.0524402486719,0.0719437946032,0.0000149006350,15.1439384097487
66570,3.6609414890649,0.0032762658694,0.0524361043457,0.0719333709590,0.0000149006350,15.1439384097487
66598,3.6610260232646,0.0032762658694,0.0524127987350,0.0719262436799,0.0000149006350,15.1439384097487
66918,3.6610950492311,0.0032183142097,0.0524510785384,0.0719160553255,0.0000140243584,15.1439384097487
66921,3.6610081968835,0.0032183142097,0.0524042660291,0.0718981076173,0.0000140243584,15.1439384097487
67029,3.6609402127090,0.0031714801895,0.0524491318454,0.0718930974286,0.0000137438713,15.1439384097487
67060,3.6609207099509,0.0033212157307,0.0522671735450,0.0718920087334,0.0000137438713,15.1439384097487
67098,3.6608759947071,0.0032743817105,0.0523211608272,0.0718905854650,0.0000137438713,15.1439384097487
67385,3.6614038763773,0.0033345425740,0.0522011101977,0.0718809629577,0.0000129356217,15.1439384097487
67418,3.6614452647070,0.0033044786700,0.0522318536448,0.0718796438720,0.0000129356217,15.1439384097487
67452,3.6614170823197,0.0033887424436,0.0520720986156,0.0718583027714,0.0000129356217,15.1439384097487
67459,3.6614691172198,0.0033500620935,0.0520521526025,0.0718353381927,0.0000129356217,15.1439384097487
67562,3.6615025346286,0.0033088640223,0.0520972753381,0.0718342699933,0.0000126769092,15.1439384097487
68655,3.6617282380056,0.0034256928934,0.0518994504760,0.0718168814607,0.0000105693447,15.1439384097487
68817,3.6619043162879,0.0033530260628,0.0519446474001,0.0718043717878,0.0000101507987,15.1439384097487
68882,3.6618173245129,0.0033226205861,0.0518790561778,0.0717666845049,0.0000099477827,15.1439384097487
68898,3.6618407331598,0.0032729603275,0.0519243996349,0.0717619268595,0.0000099477827,15.1439384097487
68935,3.6617050405055,0.0032894053987,0.0519015029388,0.0717588773137,0.0000099477827,15.1439384097487
68944,3.6618572372417,0.0031789672420,0.0519735747893,0.0717394401954,0.0000099477827,15.1439384097487
68966,3.6620547528723,0.0032153171850,0.0519186690650,0.0717382043881,0.0000099477827,15.1439384097487
68988,3.6621021603559,0.0031731770344,0.0518449160278,0.0716944747658,0.0000099477827,15.1439384097487
69007,3.6620294145959,0.0031310534114,0.0518813119730,0.0716883909888,0.0000099477827,15.1439384097487
69010,3.6620740300762,0.0031778874317,0.0518187595908,0.0716867538813,0.0000099477827,15.1439384097487
69015,3.6620987347251,0.0032247214519,0.0517404984944,0.0716792247818,0.0000099477827,15.1439384097487
69016,3.6620193389220,0.0032598207982,0.0516412709953,0.0716577055209,0.0000099477827,15.1439384097487
69297,3.6619554460110,0.0032226995621,0.0516676820261,0.0716503248503,0.0000093627735,15.1439384097487
69406,3.6614019345559,0.0031933904234,0.0516882660787,0.0716372830882,0.0000091755180,15.1439384097487
69426,3.6614209711433,0.0032402244437,0.0515909073810,0.0716228532142,0.0000089920077,15.1439384097487
69437,3.6614710498677,0.0032107775741,0.0516231041597,0.0716224405873,0.0000089920077,15.1439384097487
69454,3.6615283436402,0.0031792922870,0.0516374759237,0.0716148903688,0.0000089920077,15.1439384097487
69515,3.6615096454156,0.0031741025861,0.0516374601497,0.0716123959991,0.0000089920077,15.1439384097487
69530,3.6613605575494,0.0031272685659,0.0516591572223,0.0715979636473,0.0000089920077,15.1439384097487
69550,3.6613120263876,0.0031266515314,0.0516487439921,0.0715932934805,0.0000088121675,15.1439384097487
69584,3.6613922259808,0.0031589246393,0.0515183806640,0.0715617012998,0.0000088121675,15.1439384097487
69587,3.6613646214529,0.0032179891648,0.0514386744015,0.0715581575434,0.0000088121675,15.1439384097487
69645,3.6613470969822,0.0032067007390,0.0514416069392,0.0715541190114,0.0000088121675,15.1439384097487
69649,3.6611810284781,0.0031976215171,0.0514206865359,0.0715404064855,0.0000088121675,15.1439384097487
69954,3.6618308343888,0.0031790002975,0.0513861442898,0.0715292841564,0.0000082939416,15.1439384097487
70061,3.6617944713988,0.0031457851101,0.0514103498465,0.0715231793839,0.0000081280627,15.1439384097487
70459,3.6615283590214,0.0031313619287,0.0513884436338,0.0715054089008,0.0000076500676,15.1439384097487
70544,3.6614043538819,0.0031481320449,0.0513265084998,0.0714887217383,0.0000076500676,15.1439384097487
70621,3.6613094498671,0.0030986260449,0.0513614469063,0.0714786399980,0.0000074970663,15.1439384097487
70660,3.6612618830009,0.0031230705276,0.0513099546283,0.0714700530376,0.0000074970663,15.1439384097487
70716,3.6613615690502,0.0031586161221,0.0512567339148,0.0714676900171,0.0000074970663,15.1439384097487
70717,3.6613791593886,0.0031080303117,0.0512839056169,0.0714559634655,0.0000074970663,15.1439384097487
70739,3.6611745336539,0.0030334627945,0.0513631576853,0.0714494148278,0.0000072001824,15.1439384097487
70765,3.6612812795047,0.0030802968147,0.0512803330860,0.0714414167834,0.0000072001824,15.1439384097487
70766,3.6613759082302,0.0030627554055,0.0512940230662,0.0714401273053,0.0000072001824,15.1439384097487
70767,3.6614175688213,0.0030760657210,0.0512723712242,0.0714386884202,0.0000072001824,15.1439384097487
70782,3.6614616184299,0.0031048955561,0.0512121741192,0.0714301683967,0.0000072001824,15.1439384097487
70784,3.6614215233258,0.0031048955561,0.0511890244760,0.0714213333239,0.0000072001824,15.1439384097487
70815,3.6613495331784,0.0031048955561,0.0511734587788,0.0714147554906,0.0000072001824,15.1439384097487
70862,3.6612753700966,0.0030923730613,0.0511686549413,0.0714066236482,0.0000072001824,15.1439384097487
70872,3.6612505753497,0.0030455390411,0.0511905776741,0.0713940306287,0.0000072001824,15.1439384097487
70903,3.6613920822149,0.0030679285786,0.0511568176660,0.0713935713117,0.0000070561788,15.1439384097487
70991,3.6611987091629,0.0031324582668,0.0510673664938,0.0713865438294,0.0000070561788,15.1439384097487
70994,3.6611500491314,0.0030856242465,0.0510804249884,0.0713704473183,0.0000070561788,15.1439384097487
71001,3.6609865512730,0.0030856242465,0.0510840050229,0.0713694124183,0.0000070561788,15.1439384097487
71007,3.6610818213441,0.0030845279084,0.0510494464171,0.0713579482651,0.0000070561788,15.1439384097487
71064,3.6611923081101,0.0030281353627,0.0510179324467,0.0713240884221,0.0000067767541,15.1439384097487
71154,3.6611508274411,0.0030281353627,0.0509947828035,0.0713152337437,0.0000067767541,15.1439384097487
71156,3.6612207669775,0.0030030738455,0.0509935425662,0.0713050397913,0.0000067767541,15.1439384097487
71202,3.6612219069151,0.0030408451715,0.0508756673418,0.0712791453381,0.0000067767541,15.1439384097487
71383,3.6612227681661,0.0030565024219,0.0508268237818,0.0712684236463,0.0000066412190,15.1439384097487
71578,3.6612614004030,0.0030309616011,0.0508396923760,0.0712626201503,0.0000062506622,15.1439384097487
71876,3.6612039532978,0.0030309616011,0.0508396923760,0.0712618072776,0.0000061256490,15.1439384097487
72024,3.6612455815981,0.0030442719167,0.0508180405339,0.0712603679355,0.0000058830733,15.1439384097487
72632,3.6616682168230,0.0031052206011,0.0507024719026,0.0712511945492,0.0000053178323,15.1439384097487
72712,3.6615847469235,0.0031052206011,0.0506685880925,0.0712379120949,0.0000053178323,15.1439384097487
72788,3.6612712863530,0.0031174511063,0.0506562310096,0.0712343050501,0.0000052114756,15.1439384097487
72807,3.6611671522754,0.0031219907172,0.0505787726123,0.0712071133941,0.0000052114756,15.1439384097487
73211,3.6612346633033,0.0031219907172,0.0505223779087,0.0711879277050,0.0000049049992,15.1439384097487
73307,3.6611443920678,0.0031216656723,0.0504840565579,0.0711728248714,0.0000048068992,15.1439384097487
73312,3.6612028400032,0.0030748316521,0.0505323719739,0.0711708356885,0.0000048068992,15.1439384097487
73359,3.6612628419592,0.0030748316521,0.0504895685466,0.0711563977739,0.0000048068992,15.1439384097487
73390,3.6612411362056,0.0030352092225,0.0505071322149,0.0711453823364,0.0000048068992,15.1439384097487
73418,3.6613163384102,0.0030627884609,0.0504641941334,0.0711429310870,0.0000047107612,15.1439384097487
73451,3.6614472964354,0.0030204940516,0.0504983092136,0.0711388419161,0.0000046165460,15.1439384097487
73478,3.6615102927872,0.0030189184099,0.0504418406715,0.0711188906988,0.0000046165460,15.1439384097487
73651,3.6616440681336,0.0030543262735,0.0503864568373,0.0711161784688,0.0000045242151,15.1439384097487
73709,3.6615375157945,0.0030657524302,0.0503433841015,0.0711041845647,0.0000045242151,15.1439384097487
73925,3.6614594468496,0.0030657524302,0.0503375289976,0.0711009887858,0.0000043450561,15.1439384097487
74023,3.6614995305540,0.0030189184099,0.0503678267728,0.0710923048786,0.0000042581550,15.1439384097487
74134,3.6615065264211,0.0030535219249,0.0503246865477,0.0710918267243,0.0000041729919,15.1439384097487
74227,3.6615600491148,0.0030535219249,0.0502768992758,0.0710755171840,0.0000041729919,15.1439384097487
74470,3.6614888288749,0.0030657524302,0.0502428237174,0.0710675812252,0.0000039275866,15.1439384097487
74537,3.6614764348456,0.0030381731918,0.0502289319158,0.0710506248192,0.0000039275866,15.1439384097487
74929,3.6614401321352,0.0030503871693,0.0502059507714,0.0710471381485,0.0000037720542,15.1439384097487
75374,3.6614086660571,0.0030972211895,0.0501452923500,0.0710451009066,0.0000034792227,15.1439384097487
75436,3.6614282672690,0.0031440552098,0.0500663540095,0.0710372577210,0.0000034792227,15.1439384097487
76034,3.6611315712490,0.0031370144054,0.0499222441438,0.0709785741954,0.0000031449417,15.1439384097487
76035,3.6611212494958,0.0031833691221,0.0498426744598,0.0709698767061,0.0000031449417,15.1439384097487
76073,3.6609876249284,0.0031495369002,0.0498846999481,0.0709684955068,0.0000031449417,15.1439384097487
76078,3.6609472674821,0.0030319036806,0.0499067777497,0.0709253951437,0.0000031449417,15.1439384097487
76325,3.6609930999569,0.0031130492263,0.0497832302829,0.0709166962373,0.0000030204020,15.1439384097487
76363,3.6609174423013,0.0031431296580,0.0497431583632,0.0709142059003,0.0000029599940,15.1439384097487
76636,3.6608564719364,0.0030962956378,0.0498010669655,0.0709139530945,0.0000029007941,15.1439384097487
76842,3.6609240174139,0.0030962956378,0.0497669800993,0.0709027349777,0.0000027302042,15.1439384097487
76845,3.6608488398659,0.0030958163342,0.0497090530373,0.0708807775681,0.0000027302042,15.1439384097487
77077,3.6608134703446,0.0030376938882,0.0497746988622,0.0708788124095,0.0000026756001,15.1439384097487
77144,3.6607724856669,0.0030569486701,0.0497163274216,0.0708656375854,0.0000026756001,15.1439384097487
77185,3.6607256857127,0.0030214030756,0.0497169453023,0.0708499622146,0.0000026220881,15.1439384097487
77232,3.6606784518981,0.0030384817090,0.0496949228796,0.0708487481227,0.0000026220881,15.1439384097487
77244,3.6606292677000,0.0030488115277,0.0496136925484,0.0708234684021,0.0000026220881,15.1439384097487
77317,3.6606152762560,0.0030610420329,0.0495572630880,0.0708083586905,0.0000025696464,15.1439384097487
77381,3.6605589042465,0.0030886212712,0.0495141588697,0.0708039863402,0.0000025182534,15.1439384097487
77513,3.6606008898915,0.0031354552915,0.0494484930507,0.0708012000791,0.0000025182534,15.1439384097487
77529,3.6606128983826,0.0031822893117,0.0493824903156,0.0707978693160,0.0000024678884,15.1439384097487
77672,3.6608219795656,0.0030646560921,0.0494514771586,0.0707750517219,0.0000024678884,15.1439384097487
77683,3.6608942871292,0.0030646560921,0.0494370683965,0.0707709288827,0.0000024678884,15.1439384097487
77691,3.6610221344087,0.0030646560921,0.0494184106979,0.0707660744493,0.0000024185306,15.1439384097487
77752,3.6610305165153,0.0030178220718,0.0493824903156,0.0707332926246,0.0000024185306,15.1439384097487
77804,3.6609700559866,0.0029279223492,0.0494322036853,0.0707116634345,0.0000024185306,15.1439384097487
77860,3.6609446236511,0.0029512704939,0.0493508016135,0.0706922377479,0.0000023701600,15.1439384097487
78207,3.6609003854158,0.0029512704939,0.0493276940428,0.0706833590760,0.0000022307756,15.1439384097487
78304,3.6609256028232,0.0029981045141,0.0492456606277,0.0706744899753,0.0000022307756,15.1439384097487
78554,3.6608623514016,0.0029554850599,0.0492824978457,0.0706684856409,0.0000020995882,15.1439384097487
78556,3.6608967438087,0.0029554850599,0.0492482266971,0.0706567325952,0.0000020995882,15.1439384097487
78573,3.6609566478689,0.0029095931191,0.0492825528850,0.0706501716118,0.0000020995882,15.1439384097487
78727,3.6609440850990,0.0029239997728,0.0492337530427,0.0706387396145,0.0000020575964,15.1439384097487
78771,3.6609390996038,0.0029072461843,0.0492523493267,0.0706381304908,0.0000020575964,15.1439384097487
78844,3.6609234974773,0.0029277680906,0.0492111995787,0.0706320084859,0.0000020575964,15.1439384097487
79161,3.6608811058445,0.0029540802045,0.0491533647988,0.0706220299888,0.0000019365933,15.1439384097487
79515,3.6606580939484,0.0029863367847,0.0491172717670,0.0706198082656,0.0000018227061,15.1439384097487
79525,3.6605933904285,0.0029863367847,0.0491186164311,0.0706193729523,0.0000018227061,15.1439384097487
79602,3.6606086043088,0.0029562563530,0.0491243585135,0.0706087473578,0.0000017862520,15.1439384097487
79689,3.6607037714338,0.0030085720636,0.0490240925009,0.0705967056948,0.0000017862520,15.1439384097487
79738,3.6607948486867,0.0029172509579,0.0491210614457,0.0705934885812,0.0000017505269,15.1439384097487
79744,3.6608551617052,0.0029437338582,0.0490771438650,0.0705900069705,0.0000017505269,15.1439384097487
79782,3.6607992574860,0.0029905678784,0.0489537399804,0.0705652148365,0.0000017505269,15.1439384097487
79786,3.6606930474341,0.0029905678784,0.0489192737737,0.0705514026119,0.0000017505269,15.1439384097487
79908,3.6607744992707,0.0029905678784,0.0489121571981,0.0705500135158,0.0000016812061,15.1439384097487
80065,3.6608082876742,0.0029905678784,0.0489002398171,0.0705462354119,0.0000016812061,15.1439384097487
80174,3.6607023261810,0.0029741228072,0.0489190431664,0.0705444036581,0.0000016475820,15.1439384097487
80186,3.6606721081700,0.0029741228072,0.0488599213235,0.0705228611314,0.0000016475820,15.1439384097487
80207,3.6607539942393,0.0030209568275,0.0487786171537,0.0705150543332,0.0000016475820,15.1439384097487
80209,3.6607489401745,0.0029156918440,0.0488920419190,0.0705103780990,0.0000016475820,15.1439384097487
80217,3.6608280761892,0.0030209568275,0.0487384344761,0.0705017516316,0.0000016475820,15.1439384097487
80314,3.6607388022690,0.0029741228072,0.0487755721771,0.0704936801533,0.0000016146303,15.1439384097487
80330,3.6606400243085,0.0029944739272,0.0487419791457,0.0704890068491,0.0000015823377,15.1439384097487
80377,3.6607435754537,0.0029476399070,0.0487788527747,0.0704835695211,0.0000015823377,15.1439384097487
80490,3.6607952476513,0.0029938568927,0.0487194856525,0.0704829054152,0.0000015506910,15.1439384097487
80552,3.6605831259312,0.0028910931026,0.0487759557158,0.0704560301625,0.0000015506910,15.1439384097487
80596,3.6606268858892,0.0029261924489,0.0487169950785,0.0704506345695,0.0000015196771,15.1439384097487
80631,3.6605125323239,0.0029323077015,0.0486195132023,0.0704168223410,0.0000015196771,15.1439384097487
80642,3.6604921567183,0.0029440423755,0.0485945772154,0.0704126574639,0.0000015196771,15.1439384097487
80742,3.6603461852687,0.0029200771963,0.0486232667229,0.0704105674393,0.0000015196771,15.1439384097487
80769,3.6601977799386,0.0029200771963,0.0486161713816,0.0704059334633,0.0000014892836,15.1439384097487
80859,3.6601137245143,0.0028954949827,0.0486446709888,0.0704043872814,0.0000014892836,15.1439384097487
81088,3.6601746391840,0.0029219778829,0.0485761007867,0.0703921096765,0.0000014303080,15.1439384097487
81319,3.6601551443407,0.0029171132270,0.0485071936685,0.0703651392881,0.0000013736678,15.1439384097487
81347,3.6600993020458,0.0029639472473,0.0484187203189,0.0703528232215,0.0000013736678,15.1439384097487
81491,3.6600036299763,0.0029171132270,0.0484748530964,0.0703514451657,0.0000013192705,15.1439384097487
81599,3.6601987957260,0.0029639472473,0.0483744226718,0.0703384104622,0.0000013192705,15.1439384097487
81612,3.6601731575294,0.0029603497158,0.0483710575624,0.0703353040594,0.0000012928851,15.1439384097487
81626,3.6602641711508,0.0029681783410,0.0482933808137,0.0703122053251,0.0000012928851,15.1439384097487
81633,3.6602933952724,0.0029274595733,0.0483408238908,0.0703121119002,0.0000012928851,15.1439384097487
81781,3.6603579749124,0.0029595618949,0.0482962569352,0.0703108670658,0.0000012670274,15.1439384097487
81852,3.6604444442080,0.0029595618949,0.0482837265275,0.0703076154549,0.0000012670274,15.1439384097487
81905,3.6604298589895,0.0029517332697,0.0482675222085,0.0702982666931,0.0000012670274,15.1439384097487
81990,3.6603968480736,0.0029985672900,0.0482072847271,0.0702963579277,0.0000012168531,15.1439384097487
82138,3.6604692728822,0.0030454013102,0.0481187190792,0.0702858238683,0.0000011925161,15.1439384097487
82212,3.6604783972387,0.0030454013102,0.0480980569665,0.0702785736513,0.0000011925161,15.1439384097487
82381,3.6605365044061,0.0030922353304,0.0480375926655,0.0702778731936,0.0000011686657,15.1439384097487
82412,3.6604949557011,0.0029763154834,0.0481708992068,0.0702752148268,0.0000011686657,15.1439384097487
82422,3.6604638062517,0.0029017479662,0.0482414426262,0.0702680106352,0.0000011686657,15.1439384097487
82423,3.6605019232695,0.0029017479662,0.0482294480034,0.0702642661945,0.0000011686657,15.1439384097487
82474,3.6604798324086,0.0029485819864,0.0481294756448,0.0702483209195,0.0000011452924,15.1439384097487
82637,3.6604597901371,0.0029319826566,0.0480599301092,0.0702160856329,0.0000010999388,15.1439384097487
82668,3.6604189807436,0.0029675282510,0.0480163857877,0.0702151904655,0.0000010999388,15.1439384097487
82724,3.6603446463303,0.0030143622713,0.0479509409282,0.0702108371974,0.0000010999388,15.1439384097487
82726,3.6603945476366,0.0029142704609,0.0480165926665,0.0701920938568,0.0000010999388,15.1439384097487
82728,3.6603447493101,0.0029611044812,0.0479509409282,0.0701880138874,0.0000010999388,15.1439384097487
82829,3.6604249524133,0.0029698751858,0.0479145761825,0.0701799202202,0.0000010779401,15.1439384097487
82965,3.6604265257191,0.0029293106768,0.0479543957743,0.0701767789756,0.0000010563813,15.1439384097487
83021,3.6604850988383,0.0028849943777,0.0479098342555,0.0701427002535,0.0000010563813,15.1439384097487
83071,3.6604125031590,0.0029142869887,0.0478489163153,0.0701324705984,0.0000010563813,15.1439384097487
83247,3.6604013855837,0.0028691663410,0.0478678271705,0.0701197297419,0.0000010145486,15.1439384097487
83302,3.6604679073119,0.0029142869887,0.0478068907706,0.0701182454404,0.0000009942576,15.1439384097487
83592,3.6605466745723,0.0029432710823,0.0477645826943,0.0701166717190,0.0000009743724,15.1439384097487
83693,3.6604725742110,0.0028981504347,0.0477034194748,0.0700744417765,0.0000009548850,15.1439384097487
83753,3.6604875671621,0.0028981504347,0.0476873386488,0.0700689107736,0.0000009548850,15.1439384097487
83777,3.6605761204522,0.0029449844549,0.0476217830315,0.0700668227992,0.0000009548850,15.1439384097487
83878,3.6605616197993,0.0029584655568,0.0475621602296,0.0700511013732,0.0000009170716,15.1439384097487
84002,3.6604857836175,0.0029318283979,0.0475934973038,0.0700498041833,0.0000008987301,15.1439384097487
84093,3.6604626072876,0.0029116315366,0.0476026519614,0.0700440899627,0.0000008987301,15.1439384097487
84143,3.6603787625514,0.0028765321903,0.0476375683513,0.0700403311275,0.0000008987301,15.1439384097487
84179,3.6604138966203,0.0028765321903,0.0476173414833,0.0700336043908,0.0000008807555,15.1439384097487
84384,3.6603117179229,0.0029420039579,0.0475386824403,0.0700321253827,0.0000008631404,15.1439384097487
84387,3.6602339295053,0.0029377728642,0.0474767227002,0.0700070828773,0.0000008458776,15.1439384097487
84391,3.6601434059600,0.0029377728642,0.0474340767133,0.0699905712656,0.0000008458776,15.1439384097487
84439,3.6602208918095,0.0029676825097,0.0473523848910,0.0699753104539,0.0000008458776,15.1439384097487
84602,3.6602540689217,0.0029233662105,0.0473893675174,0.0699699952890,0.0000008289600,15.1439384097487
84607,3.6603250165653,0.0029702002308,0.0473076572356,0.0699618886728,0.0000008289600,15.1439384097487
84732,3.6602533956901,0.0029413703957,0.0473402345976,0.0699601543708,0.0000008123808,15.1439384097487
85001,3.6602399034800,0.0029673905201,0.0472486682927,0.0699384126871,0.0000007646064,15.1439384097487
85053,3.6602475345332,0.0029673905201,0.0472257217430,0.0699303254697,0.0000007646064,15.1439384097487
85190,3.6602678774280,0.0030493238867,0.0471209974502,0.0699283260870,0.0000007493142,15.1439384097487
85238,3.6602559115062,0.0029440589032,0.0472339791842,0.0699233938250,0.0000007493142,15.1439384097487
85263,3.6602025044419,0.0029595618949,0.0471889453009,0.0699131987282,0.0000007493142,15.1439384097487
85351,3.6602811376804,0.0030063959152,0.0471180881789,0.0699090769912,0.0000007196414,15.1439384097487
85428,3.6603552908141,0.0029595618949,0.0471306828541,0.0698945526284,0.0000007196414,15.1439384097487
85571,3.6603554370407,0.0029595618949,0.0471007614830,0.0698838684935,0.0000007052486,15.1439384097487
85598,3.6603354776915,0.0029244625486,0.0470906754720,0.0698649413463,0.0000007052486,15.1439384097487
85672,3.6603739438826,0.0028992467728,0.0471152157473,0.0698634432633,0.0000007052486,15.1439384097487
85796,3.6603373609384,0.0028777993147,0.0471356527692,0.0698610327857,0.0000006911436,15.1439384097487
85797,3.6604309318101,0.0029066126221,0.0470902333828,0.0698584841582,0.0000006911436,15.1439384097487
86050,3.6604328192958,0.0028948779482,0.0471005517830,0.0698571668629,0.0000006504988,15.1439384097487
86117,3.6604403133115,0.0029066126221,0.0470699125555,0.0698513594675,0.0000006504988,15.1439384097487
86550,3.6605095581446,0.0029534466423,0.0470071985180,0.0698500131296,0.0000005999994,15.1439384097487
86609,3.6605034862273,0.0029684868582,0.0469793330356,0.0698464210612,0.0000005999994,15.1439384097487
86628,3.6605586119286,0.0029937026341,0.0469093918334,0.0698330288465,0.0000005999994,15.1439384097487
86662,3.6605542822390,0.0029669277442,0.0469281374946,0.0698281875079,0.0000005999994,15.1439384097487
86667,3.6605957818089,0.0029669277442,0.0468998112211,0.0698186581978,0.0000005999994,15.1439384097487
86696,3.6606781909771,0.0029200937240,0.0469346876958,0.0698122084429,0.0000005999994,15.1439384097487
86779,3.6606351154233,0.0029200937240,0.0469166519030,0.0698051575721,0.0000005879994,15.1439384097487
86817,3.6606314396230,0.0029200937240,0.0468982860425,0.0697985463239,0.0000005879994,15.1439384097487
87003,3.6605672924997,0.0029669277442,0.0468281241189,0.0697926525395,0.0000005647146,15.1439384097487
87268,3.6606186012791,0.0029669277442,0.0468100883261,0.0697869372007,0.0000005423519,15.1439384097487
87857,3.6605255254550,0.0030137617645,0.0467464247869,0.0697829549287,0.0000005002482,15.1439384097487
87860,3.6604170973699,0.0030435171513,0.0467115298525,0.0697817105106,0.0000005002482,15.1439384097487
87865,3.6603766944186,0.0029908763957,0.0467286358269,0.0697646877643,0.0000005002482,15.1439384097487
87888,3.6603717951655,0.0029452929722,0.0467736814522,0.0697611704106,0.0000005002482,15.1439384097487
87908,3.6603471541655,0.0029452929722,0.0467675783596,0.0697586420661,0.0000004902432,15.1439384097487
87951,3.6604056088913,0.0029185180824,0.0466396168667,0.0697022937107,0.0000004902432,15.1439384097487
88060,3.6603658950004,0.0029355967158,0.0466104500015,0.0696986344385,0.0000004902432,15.1439384097487
88188,3.6603156052078,0.0029355967158,0.0465850822190,0.0696888629190,0.0000004708296,15.1439384097487
88413,3.6602456182786,0.0028878206161,0.0465208305191,0.0696444501017,0.0000004521847,15.1439384097487
88446,3.6602247735650,0.0029346546363,0.0464333418996,0.0696329809378,0.0000004521847,15.1439384097487
88482,3.6602760172414,0.0028926687443,0.0464586912224,0.0696247654082,0.0000004521847,15.1439384097487
88740,3.6601984445210,0.0029116315366,0.0463942127029,0.0696087666277,0.0000004431410,15.1439384097487
89043,3.6602542842665,0.0028908011131,0.0464144173356,0.0696078453723,0.0000004170808,15.1439384097487
89149,3.6602570060774,0.0028632384024,0.0464112951518,0.0695949562298,0.0000004087392,15.1439384097487
89404,3.6602127111340,0.0029100724227,0.0463510324350,0.0695928787834,0.0000003925531,15.1439384097487
89438,3.6601427983468,0.0029569064429,0.0462863455555,0.0695888587882,0.0000003847020,15.1439384097487
89479,3.6602051927298,0.0029100724227,0.0463212958688,0.0695821521963,0.0000003847020,15.1439384097487
89485,3.6602826735628,0.0029569064429,0.0462554633569,0.0695798086564,0.0000003847020,15.1439384097487
89486,3.6603471918963,0.0030037404631,0.0461905681174,0.0695776164382,0.0000003847020,15.1439384097487
89693,3.6603818486504,0.0029188431273,0.0462193321561,0.0695519951275,0.0000003770080,15.1439384097487
89986,3.6603253771547,0.0029534466423,0.0461603707601,0.0695449684960,0.0000003548369,15.1439384097487
90043,3.6603822187223,0.0029656771475,0.0460999683121,0.0695294421426,0.0000003548369,15.1439384097487
90300,3.6602897442460,0.0029946612412,0.0460573095027,0.0695253201003,0.0000003407854,15.1439384097487
90734,3.6602401245892,0.0030173758237,0.0460315925753,0.0695251681896,0.0000003207445,15.1439384097487
90954,3.6601849456722,0.0029581570396,0.0460896983405,0.0695197599918,0.0000003080430,15.1439384097487
90959,3.6601394609028,0.0029822764774,0.0460287734591,0.0695076944010,0.0000003080430,15.1439384097487
91021,3.6601359632752,0.0029232119519,0.0459936867766,0.0694698005837,0.0000003080430,15.1439384097487
91044,3.6602032735631,0.0029232119519,0.0459901157022,0.0694694776361,0.0000003080430,15.1439384097487
91083,3.6602468746690,0.0029700459722,0.0458926581299,0.0694553600359,0.0000003080430,15.1439384097487
91240,3.6602551598885,0.0029532923837,0.0458845393993,0.0694453976153,0.0000002958445,15.1439384097487
91299,3.6602273681842,0.0029114772780,0.0459288937348,0.0694429244390,0.0000002899276,15.1439384097487
91378,3.6602857464975,0.0029114772780,0.0458760756062,0.0694248868709,0.0000002899276,15.1439384097487
92145,3.6603261539408,0.0029583112982,0.0458149300033,0.0694236926412,0.0000002568301,15.1439384097487
92265,3.6604195433965,0.0029114772780,0.0458499356954,0.0694174444056,0.0000002516935,15.1439384097487
92688,3.6603809148925,0.0028599328605,0.0458654966191,0.0694003648230,0.0000002368919,15.1439384097487
92704,3.6604715614946,0.0028790499114,0.0458235566035,0.0693948619112,0.0000002368919,15.1439384097487
92821,3.6605233231573,0.0028792041701,0.0457969383303,0.0693861539199,0.0000002275110,15.1439384097487
92822,3.6604753363251,0.0028323701498,0.0458528361449,0.0693853666917,0.0000002275110,15.1439384097487
92860,3.6603646764597,0.0028792041701,0.0457532416924,0.0693683031377,0.0000002275110,15.1439384097487
93430,3.6603109539754,0.0029069211393,0.0457092625228,0.0693637148230,0.0000002098489,15.1439384097487
93711,3.6603002757309,0.0029019187525,0.0456879481926,0.0693538075857,0.0000002015389,15.1439384097487
94079,3.6603001330800,0.0028624505816,0.0457259192802,0.0693504517395,0.0000001896868,15.1439384097487
94105,3.6602893665660,0.0028206189482,0.0457660034949,0.0693466873421,0.0000001896868,15.1439384097487
94114,3.6603389407402,0.0028552224632,0.0456999255233,0.0693386196156,0.0000001896868,15.1439384097487
94424,3.6603677160406,0.0028831102188,0.0456285976746,0.0693255044478,0.0000001821752,15.1439384097487
94684,3.6603580662951,0.0029249418522,0.0455362629183,0.0693103190488,0.0000001749611,15.1439384097487
94709,3.6603829888674,0.0029717758724,0.0454435175401,0.0692976200751,0.0000001714618,15.1439384097487
94790,3.6603767420947,0.0029561186221,0.0454531186116,0.0692942503876,0.0000001714618,15.1439384097487
95065,3.6603426642475,0.0029233827383,0.0454671821624,0.0692847612206,0.0000001646720,15.1439384097487
95213,3.6603032377525,0.0029702167585,0.0454047122302,0.0692819643712,0.0000001581510,15.1439384097487
95216,3.6603211574063,0.0029512704939,0.0453951921491,0.0692706980764,0.0000001581510,15.1439384097487
95317,3.6601929363290,0.0029512704939,0.0453974055551,0.0692696742589,0.0000001581510,15.1439384097487
95325,3.6601819795958,0.0029569064429,0.0453664485964,0.0692608785719,0.0000001581510,15.1439384097487
95403,3.6600976959021,0.0029223029279,0.0454112792055,0.0692608668173,0.0000001549879,15.1439384097487
95584,3.6600328348756,0.0029691369481,0.0453293104887,0.0692507462193,0.0000001518882,15.1439384097487
95593,3.6600262673702,0.0030159709684,0.0452355539664,0.0692372405403,0.0000001518882,15.1439384097487
95602,3.6602354576801,0.0030628049886,0.0451557801959,0.0692317816598,0.0000001518882,15.1439384097487
95626,3.6602292239135,0.0030035862045,0.0452138305822,0.0692270462544,0.0000001488504,15.1439384097487
95638,3.6602016922224,0.0030504202247,0.0451411350539,0.0692207657170,0.0000001488504,15.1439384097487
95652,3.6602204393014,0.0030350714916,0.0451531296767,0.0692187367523,0.0000001488504,15.1439384097487
95850,3.6602435631468,0.0030228409864,0.0450899975800,0.0691912751307,0.0000001458734,15.1439384097487
95950,3.6603147990685,0.0029760069661,0.0451427347182,0.0691910460835,0.0000001429559,15.1439384097487
96049,3.6602970409779,0.0029291729459,0.0451523568906,0.0691741595749,0.0000001429559,15.1439384097487
96054,3.6603901870393,0.0029291729459,0.0451367911934,0.0691699184078,0.0000001400968,15.1439384097487
96131,3.6604276632759,0.0029291729459,0.0451150389334,0.0691626800298,0.0000001400968,15.1439384097487
96132,3.6604450798982,0.0029291729459,0.0451024442582,0.0691584283755,0.0000001400968,15.1439384097487
96203,3.6604631303234,0.0029995093694,0.0450157328569,0.0691578596117,0.0000001400968,15.1439384097487
96427,3.6604461570473,0.0029526753492,0.0450365668304,0.0691449884229,0.0000001318580,15.1439384097487
96539,3.6604315606970,0.0029097639054,0.0450710041519,0.0691386903101,0.0000001318580,15.1439384097487
96751,3.6605244840897,0.0029565979256,0.0450050608821,0.0691365257251,0.0000001241037,15.1439384097487
96798,3.6606577946562,0.0028983212210,0.0450539642021,0.0691309018015,0.0000001241037,15.1439384097487
96827,3.6605618051960,0.0029526753492,0.0449311316946,0.0691089694308,0.0000001241037,15.1439384097487
96942,3.6605954621749,0.0029526753492,0.0449172642746,0.0691044930248,0.0000001216216,15.1439384097487
97271,3.6605950813255,0.0029995093694,0.0448226248662,0.0690907595701,0.0000001168054,15.1439384097487
97293,3.6606573352908,0.0030463433897,0.0447562895665,0.0690880210040,0.0000001144693,15.1439384097487
97351,3.6607193612443,0.0029995093694,0.0447982672539,0.0690838189753,0.0000001144693,15.1439384097487
97492,3.6606261613190,0.0030463433897,0.0447345875832,0.0690798291860,0.0000001121799,15.1439384097487
97581,3.6606907885983,0.0030931774099,0.0446680439235,0.0690770497879,0.0000001099363,15.1439384097487
97767,3.6606669103675,0.0030731348072,0.0446881210075,0.0690752926128,0.0000001077376,15.1439384097487
97806,3.6606641668958,0.0030339751535,0.0446572388088,0.0690474417275,0.0000001055828,15.1439384097487
98231,3.6607006540298,0.0030339751535,0.0446285425378,0.0690377093498,0.0000000993737,15.1439384097487
98458,3.6607395279817,0.0030808091738,0.0445645275550,0.0690354686427,0.0000000954385,15.1439384097487
98511,3.6608365648524,0.0029982587727,0.0446202961521,0.0690213803207,0.0000000954385,15.1439384097487
98570,3.6608834466383,0.0029742935936,0.0446390758778,0.0690184799487,0.0000000954385,15.1439384097487
98579,3.6609657766934,0.0029050535081,0.0447007738164,0.0690120055692,0.0000000954385,15.1439384097487
98657,3.6608410911532,0.0029518875284,0.0445639302181,0.0689814402864,0.0000000916592,15.1439384097487
98659,3.6608322683970,0.0029658314062,0.0445436632338,0.0689800531840,0.0000000916592,15.1439384097487
98662,3.6607762074976,0.0030126654264,0.0444527156560,0.0689668503712,0.0000000916592,15.1439384097487
98770,3.6607168887311,0.0029810258807,0.0444472398797,0.0689504955749,0.0000000916592,15.1439384097487
