0,3.12456,0.555358,0.320124,0.396553,100000.000000
1,3.1246555679910,0.5553115894196,0.3201509803643,0.3965439840485,100000.0000000000000,15.1439384097487
2,3.1246055825620,0.5553115894196,0.3201349910747,0.3965375662974,100000.0000000000000,15.1439384097487
3,3.1248235987490,0.5553115894196,0.3201069113810,0.3965306227498,100000.0000000000000,15.1439384097487
4,3.1248239950817,0.5553115894196,0.3200096948059,0.3964959081525,100000.0000000000000,15.1439384097487
5,3.1248134631175,0.5551939562000,0.3199890738175,0.3964379802502,100000.0000000000000,15.1439384097487
6,3.1249118883526,0.5550763229804,0.3196720332830,0.3962757299614,100000.0000000000000,15.1439384097487
7,3.1248945706668,0.5549586897607,0.3195635241612,0.3961863174225,100000.0000000000000,15.1439384097487
8,3.1248847062301,0.5548410565411,0.3194204512827,0.3960846661478,100000.0000000000000,15.1439384097487
9,3.1248834705154,0.5548410565411,0.3193218028433,0.3960494170770,100000.0000000000000,15.1439384097487
10,3.1248523943496,0.5548410565411,0.3192069071657,0.3960079431808,100000.0000000000000,15.1439384097487
11,3.1247934845867,0.5548410565411,0.3189610244055,0.3959192943401,100000.0000000000000,15.1439384097487
12,3.1248524023511,0.5547234233215,0.3189592628421,0.3958690846558,100000.0000000000000,15.1439384097487
13,3.1248572769577,0.5547234233215,0.3186921202188,0.3957737455514,100000.0000000000000,15.1439384097487
14,3.1247611519052,0.5547234233215,0.3186520073583,0.3957580593667,100000.0000000000000,15.1439384097487
15,3.1246899834364,0.5546765893013,0.3186078710399,0.3957212176438,100000.0000000000000,15.1439384097487
16,3.1246900080094,0.5546765893013,0.3185766262136,0.3957100591250,100000.0000000000000,15.1439384097487
17,3.1247358388077,0.5546765893013,0.3185525805239,0.3957021198814,100000.0000000000000,15.1439384097487
18,3.1247231366301,0.5547234233215,0.3182417502128,0.3956110010440,100000.0000000000000,15.1439384097487
19,3.1246972684189,0.5546765893013,0.3182198819894,0.3955827532078,100000.0000000000000,15.1439384097487
20,3.1247357612729,0.5545589560816,0.3182675573758,0.3955499105659,100000.0000000000000,15.1439384097487
21,3.1247726595196,0.5544413228620,0.3183238355959,0.3955201178009,100000.0000000000000,15.1439384097487
22,3.1248458580255,0.5543236896424,0.3182206040830,0.3954338709204,100000.0000000000000,15.1439384097487
23,3.1249771321709,0.5543236896424,0.3178345199318,0.3952978412439,100000.0000000000000,15.1439384097487
24,3.1248569459172,0.5543236896424,0.3177580381594,0.3952688256978,100000.0000000000000,15.1439384097487
25,3.1248346181657,0.5542768556222,0.3178054506837,0.3952653710830,100000.0000000000000,15.1439384097487
26,3.1248591938281,0.5542768556222,0.3178016638901,0.3952643664007,100000.0000000000000,15.1439384097487
27,3.1248848254521,0.5541592224025,0.3178048520795,0.3952154534885,100000.0000000000000,15.1439384097487
28,3.1249992142530,0.5541123883823,0.3178375008302,0.3952086606276,100000.0000000000000,15.1439384097487
29,3.1249017522618,0.5541123883823,0.3178228175511,0.3952020375187,100000.0000000000000,15.1439384097487
30,3.1248782309873,0.5539947551627,0.3178282078879,0.3951532155775,100000.0000000000000,15.1439384097487
31,3.1247457662823,0.5539947551627,0.3174637627950,0.3950211822491,100000.0000000000000,15.1439384097487
32,3.1248434427134,0.5539479211425,0.3174696520937,0.3950045959620,100000.0000000000000,15.1439384097487
33,3.1249935959982,0.5539479211425,0.3171671883865,0.3948986978684,100000.0000000000000,15.1439384097487
34,3.1249773581291,0.5539479211425,0.3170766161953,0.3948661208925,100000.0000000000000,15.1439384097487
14795,3.3761234606743,0.1588546995705,0.6784997350638,0.3581738403461,512.8681810312974,15.1439384097487
14796,3.3761609758307,0.1588546995705,0.6784835236638,0.3581685813973,512.8681810312974,15.1439384097487
14797,3.3760792372164,0.1588546995705,0.6784199295897,0.3581447126321,512.8681810312974,15.1439384097487
14798,3.3760343152956,0.1589015335908,0.6782775766870,0.3581133083905,512.8681810312974,15.1439384097487
14799,3.3761287182124,0.1587839003711,0.6783992201976,0.3581076740594,512.8681810312974,15.1439384097487
14802,3.3762537600486,0.1585600600886,0.6786307707981,0.3580962084863,512.8681810312974,15.1439384097487
14803,3.3762745590103,0.1585486339319,0.6785930343478,0.3580781285623,512.8681810312974,15.1439384097487
14804,3.3763809236572,0.1585486339319,0.6785634564550,0.3580690700818,512.8681810312974,15.1439384097487
14805,3.3764132423273,0.1585954679521,0.6783884815956,0.3580271080905,512.8681810312974,15.1439384097487
14806,3.3764597436765,0.1585954679521,0.6780092909107,0.3578923408369,512.8681810312974,15.1439384097487
14809,3.3766751899924,0.1585954679521,0.6776892035702,0.3577810724805,512.8681810312974,15.1439384097487
14811,3.3768769849185,0.1585954679521,0.6776534698056,0.3577711658064,512.8681810312974,15.1439384097487
14812,3.3769449321656,0.1585954679521,0.6776475955344,0.3577700293014,512.8681810312974,15.1439384097487
14813,3.3769011945816,0.1585486339319,0.6775065560464,0.3576989674489,512.8681810312974,15.1439384097487
14827,3.3775135187560,0.1585154187445,0.6773989490143,0.3576549656317,512.8681810312974,15.1439384097487
14828,3.3776140999577,0.1584853548405,0.6767385436117,0.3574076452463,512.8681810312974,15.1439384097487
14829,3.3775806399497,0.1584853548405,0.6766784186536,0.3573856985901,512.8681810312974,15.1439384097487
14830,3.3776384444418,0.1584853548405,0.6766229460853,0.3573667048883,512.8681810312974,15.1439384097487
14832,3.3776772766869,0.1584853548405,0.6757213119890,0.3570452421847,512.8681810312974,15.1439384097487
14836,3.3777377643922,0.1584507513254,0.6756546449732,0.3570074583553,512.8681810312974,15.1439384097487
14837,3.3776458494450,0.1584039173052,0.6755549520980,0.3569504814437,512.8681810312974,15.1439384097487
14838,3.3777455503665,0.1582862840856,0.6756509024512,0.3569357459514,512.8681810312974,15.1439384097487
14839,3.3778347133143,0.1581686508660,0.6756704291596,0.3568935671886,512.8681810312974,15.1439384097487
14840,3.3779707698264,0.1581686508660,0.6756489193969,0.3568878103210,512.8681810312974,15.1439384097487
14843,3.3779187822070,0.1582394500654,0.6745794247013,0.3565354548224,512.8681810312974,15.1439384097487
14844,3.3779192799394,0.1581218168457,0.6745427075783,0.3564719343701,512.8681810312974,15.1439384097487
14845,3.3778960412876,0.1581218168457,0.6745427075783,0.3564716055447,512.8681810312974,15.1439384097487
14846,3.3778649915478,0.1581686508660,0.5701982191980,0.3192253492087,512.8681810312974,15.1439384097487
14847,3.3779163767057,0.1581686508660,0.5694342007826,0.3189532125855,512.8681810312974,15.1439384097487
14851,3.3782483782392,0.1582154848862,0.5691973403078,0.3188933890812,512.8681810312974,15.1439384097487
14852,3.3783486116854,0.1582154848862,0.5684152924135,0.3186155045583,512.8681810312974,15.1439384097487
14853,3.3784551701337,0.1582154848862,0.5683907689256,0.3186082539647,512.8681810312974,15.1439384097487
14854,3.3783891419353,0.1581686508660,0.5683495205560,0.3185725163866,512.8681810312974,15.1439384097487
14856,3.3783877635476,0.1581686508660,0.5682286208666,0.3185293184220,512.8681810312974,15.1439384097487
14857,3.3783703814971,0.1582862840856,0.5680477787696,0.3185149002409,512.8681810312974,15.1439384097487
14858,3.3783739287087,0.1582862840856,0.5679641220295,0.3184850730266,512.8681810312974,15.1439384097487
21359,3.4702933395988,0.0600506402416,0.6619455718955,0.3112495398394,50.2347748808232,15.1439384097487
21360,3.4702679089641,0.0600038062214,0.6614884652562,0.3110658559035,50.2347748808232,15.1439384097487
21362,3.4701910553482,0.0600038062214,0.6614812309092,0.3110621847346,50.2347748808232,15.1439384097487
21890,3.4783280009726,0.0540892385702,0.6631541201542,0.3092399677072,41.8831311379982,15.1439384097487
21891,3.4783123722765,0.0541360725904,0.6629269766804,0.3091786956159,41.8831311379982,15.1439384097487
21895,3.4784507802266,0.0539716053506,0.6630829129497,0.3091658596440,41.8831311379982,15.1439384097487
21896,3.4784749699032,0.0539716053506,0.6629233197729,0.3091092043632,41.8831311379982,15.1439384097487
21906,3.4786929912106,0.0538185807951,0.5586979529054,0.2718233620879,41.8831311379982,15.1439384097487
21916,3.4786047814968,0.0534896463154,0.5589642579200,0.2717762509402,41.8831311379982,15.1439384097487
21931,3.4789300512201,0.0531065284938,0.5593977937494,0.2717714943577,40.2245591449334,15.1439384097487
21932,3.4788130572206,0.0531065284938,0.5590612998140,0.2716496624950,40.2245591449334,15.1439384097487
21935,3.4785460756194,0.0530128604534,0.5585240269327,0.2714138581054,40.2245591449334,15.1439384097487
21936,3.4784996568048,0.0529660264331,0.5584919088458,0.2713816588140,40.2245591449334,15.1439384097487
21937,3.4785873084041,0.0529630294084,0.5581806097281,0.2712704363828,40.2245591449334,15.1439384097487
21941,3.4787135287494,0.0529172917263,0.4644671458817,0.2377835262976,40.2245591449334,15.1439384097487
21942,3.4787987837059,0.0529172917263,0.4644045920365,0.2377623919905,40.2245591449334,15.1439384097487
21943,3.4789346506723,0.0529172917263,0.4639773378160,0.2376117237060,40.2245591449334,15.1439384097487
21947,3.4789876726083,0.0529641257465,0.4638727066569,0.2375951774146,40.2245591449334,15.1439384097487
21949,3.4789826625332,0.0529691281333,0.4625484295689,0.2371242942996,40.2245591449334,15.1439384097487
21951,3.4788525555122,0.0529586440561,0.4624352675580,0.2370775451142,40.2245591449334,15.1439384097487
21952,3.4789059520737,0.0530054780763,0.4623351684639,0.2370626227184,40.2245591449334,15.1439384097487
21953,3.4789897822514,0.0530054780763,0.4621915171604,0.2370125048729,40.2245591449334,15.1439384097487
21957,3.4788376011062,0.0528878448567,0.4623085958324,0.2370017510943,40.2245591449334,15.1439384097487
21962,3.4786792785726,0.0528878448567,0.4621497986557,0.2369427975636,40.2245591449334,15.1439384097487
21963,3.4786912872631,0.0528878448567,0.4621133513006,0.2369299505733,40.2245591449334,15.1439384097487
21987,3.4786586000577,0.0526958314339,0.4621802686339,0.2368710956322,40.2245591449334,15.1439384097487
21991,3.4787598574974,0.0526958314339,0.4621426225992,0.2368590834058,40.2245591449334,15.1439384097487
21992,3.4786500791390,0.0526958314339,0.4621327490080,0.2368540037668,40.2245591449334,15.1439384097487
21997,3.4785810759801,0.0526857936049,0.4618587705711,0.2367508760082,40.2245591449334,15.1439384097487
21998,3.4784949832033,0.0527158575089,0.4616830602124,0.2366997886320,40.2245591449334,15.1439384097487
21999,3.4784558565794,0.0527158575089,0.4616488781714,0.2366870271211,40.2245591449334,15.1439384097487
22001,3.4783180978332,0.0527158575089,0.4615704995726,0.2366570854874,40.2245591449334,15.1439384097487
22002,3.4782232811959,0.0527158575089,0.4615378071791,0.2366440679835,40.2245591449334,15.1439384097487
22061,3.4795577982139,0.0519483547414,0.4606121215909,0.2360034195566,39.4200679620348,15.1439384097487
22062,3.4796060561555,0.0519483547414,0.4605778022325,0.2359918454895,39.4200679620348,15.1439384097487
22063,3.4796718504335,0.0519483547414,0.4605691756259,0.2359896955432,39.4200679620348,15.1439384097487
22064,3.4796592019359,0.0519015207212,0.4605177082115,0.2359510636255,39.4200679620348,15.1439384097487
22065,3.4796603700547,0.0519015207212,0.4604391639509,0.2359230286326,39.4200679620348,15.1439384097487
22066,3.4797342420928,0.0519315846252,0.4603059476654,0.2358893812025,39.4200679620348,15.1439384097487
22073,3.4797081427714,0.0518797482182,0.4602904249989,0.2358612524864,39.4200679620348,15.1439384097487
22074,3.4796441548485,0.0518329141980,0.4602833341874,0.2358377429059,39.4200679620348,15.1439384097487
22075,3.4797050293595,0.0518101996155,0.4602064481649,0.2358014101613,39.4200679620348,15.1439384097487
22076,3.4795750864385,0.0518072025908,0.4601212100226,0.2357678448449,39.4200679620348,15.1439384097487
22077,3.4796283670080,0.0517771386867,0.4601344066728,0.2357604273204,39.4200679620348,15.1439384097487
22081,3.4796750480324,0.0515783599214,0.4603639051691,0.2357578607031,39.4200679620348,15.1439384097487
22082,3.4796841793344,0.0515783599214,0.4602110272671,0.2357033906596,39.4200679620348,15.1439384097487
27562,3.5313597646738,0.0154357570346,0.4576757390448,0.2200394497005,5.4434318059830,15.1439384097487
33432,3.5628628420028,0.0068909145593,0.4507090699961,0.2143350446995,0.6794516895000,15.1439384097487
33433,3.5629379831235,0.0068909145593,0.4506438147370,0.2143128024917,0.6794516895000,15.1439384097487
33434,3.5630040630007,0.0068440805390,0.4506384036767,0.2142917332730,0.6794516895000,15.1439384097487
33441,3.5629948591875,0.0067128284866,0.4507807563927,0.2142861924157,0.6794516895000,15.1439384097487
33451,3.5630890034448,0.0067447765496,0.3683059087625,0.1848459138526,0.6794516895000,15.1439384097487
33452,3.5629065257106,0.0067447765496,0.3676987648778,0.1846264947032,0.6794516895000,15.1439384097487
33453,3.5628285408919,0.0066979425293,0.3675011156115,0.1845347304766,0.6794516895000,15.1439384097487
33465,3.5629009883133,0.0067190649424,0.3671354617991,0.1844142174183,0.6794516895000,15.1439384097487
33467,3.5626548944563,0.0066874253967,0.3671615437978,0.1844064904009,0.6794516895000,15.1439384097487
33515,3.5626131665307,0.0067170265249,0.3668537014931,0.1843086424711,0.6525454025958,15.1439384097487
33516,3.5625816715664,0.0067417795248,0.3666356406365,0.1842409263706,0.6525454025958,15.1439384097487
33517,3.5625881588123,0.0066391865211,0.3666345043605,0.1841966439217,0.6525454025958,15.1439384097487
33525,3.5626809334395,0.0066703467633,0.3665781271807,0.1841911763589,0.6525454025958,15.1439384097487
33526,3.5626213376578,0.0066584413030,0.3665861956906,0.1841881123531,0.6525454025958,15.1439384097487
33625,3.5631687570408,0.0063310989927,0.2943085640776,0.1582421288774,0.6394944945439,15.1439384097487
33626,3.5631699214807,0.0063310989927,0.2942204436070,0.1582106737575,0.6394944945439,15.1439384097487
33627,3.5633037433879,0.0063310989927,0.2940811089874,0.1581628049644,0.6394944945439,15.1439384097487
33628,3.5632318542599,0.0063310989927,0.2935689074495,0.1579788586173,0.6394944945439,15.1439384097487
33630,3.5632006389888,0.0062367973900,0.2936035251997,0.1579503654330,0.6394944945439,15.1439384097487
33631,3.5632763468711,0.0062367973900,0.2932234834645,0.1578157075033,0.6394944945439,15.1439384097487
33632,3.5631892548990,0.0062367973900,0.2931019847591,0.1577710827630,0.6394944945439,15.1439384097487
33633,3.5631833430966,0.0061899633697,0.2931231032494,0.1577584697064,0.6394944945439,15.1439384097487
33634,3.5631746792302,0.0061899633697,0.2929848829959,0.1577089827369,0.6394944945439,15.1439384097487
33636,3.5632550904211,0.0061794792925,0.2929742659391,0.1577018355680,0.6394944945439,15.1439384097487
37903,3.5828485956168,0.0053305720452,0.2916171972822,0.1571305975851,0.1405375851785,15.1439384097487
37904,3.5827553415902,0.0053396512671,0.2916001578167,0.1571270836186,0.1405375851785,15.1439384097487
37905,3.5827662857020,0.0054236065234,0.2913092183004,0.1570593123311,0.1405375851785,15.1439384097487
37906,3.5829073230997,0.0054704405437,0.2909383981773,0.1569489439655,0.1405375851785,15.1439384097487
37907,3.5827930321532,0.0054649423256,0.2908884036135,0.1569271151757,0.1405375851785,15.1439384097487
37946,3.5825926435467,0.0050711696405,0.2319481353588,0.1357054241629,0.1349722968055,15.1439384097487
37947,3.5825686859281,0.0051180036607,0.2318079577446,0.1356750934535,0.1349722968055,15.1439384097487
37949,3.5824628073522,0.0050978067994,0.2317241958659,0.1356350245244,0.1349722968055,15.1439384097487
37957,3.5828443281273,0.0051949181127,0.2312429857751,0.1355101814054,0.1349722968055,15.1439384097487
37958,3.5827240139362,0.0052417521329,0.2311172992671,0.1354836626520,0.1349722968055,15.1439384097487
37960,3.5828793311783,0.0052585222491,0.2310468627745,0.1354678916830,0.1349722968055,15.1439384097487
37963,3.5830093710054,0.0053664426846,0.2304952539909,0.1353189802161,0.1349722968055,15.1439384097487
37964,3.5832179064147,0.0054132767048,0.2299904731474,0.1351617238284,0.1349722968055,15.1439384097487
37965,3.5831246122888,0.0053664426846,0.2300098845437,0.1351472646414,0.1349722968055,15.1439384097487
37966,3.5832111338131,0.0054132767048,0.2298537875058,0.1351128116960,0.1349722968055,15.1439384097487
37967,3.5831302623829,0.0054132767048,0.2298245804121,0.1351012362658,0.1349722968055,15.1439384097487
37982,3.5831428278606,0.0053808493383,0.2286920002622,0.1346830237130,0.1349722968055,15.1439384097487
37984,3.5830916345383,0.0053340153181,0.2284951693263,0.1345919308451,0.1349722968055,15.1439384097487
37985,3.5830653343351,0.0053808493383,0.2283796636123,0.1345703783812,0.1349722968055,15.1439384097487
37986,3.5830121501349,0.0054276833585,0.2279315441586,0.1344296548893,0.1349722968055,15.1439384097487
37987,3.5830490486288,0.0054276833585,0.2279228323619,0.1344270656446,0.1349722968055,15.1439384097487
38006,3.5832375980678,0.0052008791067,0.1791772114876,0.1169233814720,0.1322728508694,15.1439384097487
38008,3.5832137984147,0.0052256321067,0.1790981550548,0.1169054186968,0.1322728508694,15.1439384097487
38128,3.5848036665083,0.0050806069627,0.1404409726064,0.1030596250020,0.1270348459749,15.1439384097487
38130,3.5848920455918,0.0050806069627,0.1400039208017,0.1029047856299,0.1270348459749,15.1439384097487
38131,3.5848803136424,0.0050776264657,0.1400015997254,0.1029025133119,0.1270348459749,15.1439384097487
38132,3.5846643787867,0.0051189622679,0.1399317757000,0.1028922360400,0.1270348459749,15.1439384097487
38133,3.5846209170078,0.0051639286569,0.1394341473520,0.1027331679583,0.1270348459749,15.1439384097487
38134,3.5845355000107,0.0051589262701,0.1393616679362,0.1027039299278,0.1270348459749,15.1439384097487
38138,3.5845290919669,0.0052009121621,0.1392810033234,0.1026930244179,0.1270348459749,15.1439384097487
38140,3.5844549966122,0.0052009121621,0.1392656279284,0.1026864847611,0.1270348459749,15.1439384097487
39527,3.5876359811129,0.0046474873099,0.1288829569415,0.0987862166182,0.0782255602028,15.1439384097487
39528,3.5876866331014,0.0046474873099,0.1286365154473,0.0986989185211,0.0782255602028,15.1439384097487
39529,3.5877490336030,0.0046247727275,0.1284423485066,0.0986207213270,0.0782255602028,15.1439384097487
39539,3.5883665181968,0.0046454488924,0.1283846435291,0.0986177109856,0.0782255602028,15.1439384097487
39542,3.5880930804442,0.0046490464239,0.1283873993169,0.0986163678689,0.0766610489988,15.1439384097487
39543,3.5880542596244,0.0046958804441,0.1282546939436,0.0985884955037,0.0766610489988,15.1439384097487
39547,3.5880043072890,0.0046144263812,0.1282902563860,0.0985655806696,0.0766610489988,15.1439384097487
39549,3.5881431753861,0.0046376037395,0.1282130867451,0.0985499182114,0.0766610489988,15.1439384097487
39550,3.5880152372116,0.0046376037395,0.1282171904743,0.0985495735124,0.0766610489988,15.1439384097487
39559,3.5882818093769,0.0045114918047,0.1283137185629,0.0985337718360,0.0766610489988,15.1439384097487
39560,3.5884018013147,0.0044848546458,0.1283210920742,0.0985266871855,0.0766610489988,15.1439384097487
39561,3.5883337886061,0.0044848546458,0.1279631347638,0.0983978829137,0.0766610489988,15.1439384097487
39562,3.5883044652319,0.0044848546458,0.1279408125897,0.0983894957849,0.0766610489988,15.1439384097487
39915,3.5885651599728,0.0046018708310,0.0998121813876,0.0883973946766,0.0679096061646,15.1439384097487
39916,3.5885008595979,0.0045865220978,0.0994411566966,0.0882573979839,0.0679096061646,15.1439384097487
39918,3.5883885913152,0.0046075233077,0.0992565264958,0.0881988705563,0.0679096061646,15.1439384097487
39920,3.5882606030694,0.0046075233077,0.0989893582168,0.0881016422887,0.0679096061646,15.1439384097487
39924,3.5884778528843,0.0045570917560,0.0987082695457,0.0879827140257,0.0679096061646,15.1439384097487
39925,3.5885771892449,0.0046747249756,0.0985577965387,0.0879807935059,0.0679096061646,15.1439384097487
39926,3.5886194546646,0.0046747249756,0.0984745537266,0.0879516619830,0.0679096061646,15.1439384097487
39942,3.5882776305918,0.0044922204952,0.0986904315589,0.0879457082152,0.0679096061646,15.1439384097487
39944,3.5882267107748,0.0045271490551,0.0981970216227,0.0877837392517,0.0679096061646,15.1439384097487
39945,3.5881268631022,0.0045739830754,0.0981207145889,0.0877751456247,0.0679096061646,15.1439384097487
39946,3.5881982312954,0.0045739830754,0.0980148631625,0.0877383513990,0.0679096061646,15.1439384097487
39947,3.5881842058057,0.0045739830754,0.0978220790605,0.0876693014743,0.0679096061646,15.1439384097487
39948,3.5881914692715,0.0045739830754,0.0972544968193,0.0874666963085,0.0679096061646,15.1439384097487
39949,3.5881700001188,0.0045739830754,0.0970879301827,0.0874069044370,0.0679096061646,15.1439384097487
39950,3.5880533615739,0.0045739830754,0.0970524019507,0.0873925653551,0.0679096061646,15.1439384097487
39953,3.5880962863950,0.0045517477965,0.0970558206979,0.0873848643143,0.0665514140413,15.1439384097487
39965,3.5886469834536,0.0045985818167,0.0965128466740,0.0872188090696,0.0665514140413,15.1439384097487
39966,3.5886953944656,0.0045517477965,0.0965437766432,0.0872104687767,0.0665514140413,15.1439384097487
39968,3.5890042716173,0.0045649203812,0.0964951046643,0.0872031019116,0.0652203857605,15.1439384097487
40124,3.5892939849661,0.0042703855747,0.0960598633258,0.0869255287981,0.0626376584844,15.1439384097487
40125,3.5893996759308,0.0042835416317,0.0958515429910,0.0868582625088,0.0626376584844,15.1439384097487
40317,3.5900118254541,0.0038647074293,0.0961922334218,0.0868090991649,0.0577749818029,15.1439384097487
40318,3.5899724083690,0.0039115414496,0.0961313076174,0.0868068539229,0.0577749818029,15.1439384097487
40319,3.5900170369881,0.0039699558851,0.0959457511850,0.0867662500185,0.0577749818029,15.1439384097487
40631,3.5909863320151,0.0041404337021,0.0956902358019,0.0867617719059,0.0522240075864,15.1439384097487
40632,3.5909098188222,0.0042544693902,0.0955056056011,0.0867436223296,0.0522240075864,15.1439384097487
40641,3.5908498221796,0.0042854753737,0.0954173312783,0.0867245351160,0.0522240075864,15.1439384097487
40642,3.5908778310580,0.0042386413535,0.0954224987673,0.0867067052485,0.0522240075864,15.1439384097487
40643,3.5909422376974,0.0042652785124,0.0952872068784,0.0866707139917,0.0522240075864,15.1439384097487
40648,3.5907140269491,0.0042868802291,0.0948991316207,0.0865381443971,0.0511795274347,15.1439384097487
40656,3.5908649890772,0.0043027082658,0.0935928989404,0.0860805522739,0.0511795274347,15.1439384097487
40657,3.5908583804910,0.0042558742455,0.0935339017861,0.0860393166276,0.0511795274347,15.1439384097487
40658,3.5909295725086,0.0042922241886,0.0934155722862,0.0860136420012,0.0511795274347,15.1439384097487
43015,3.5966609668544,0.0040328052561,0.0934769180095,0.0860054704918,0.0223545213306,15.1439384097487
43018,3.5968211731544,0.0040796392763,0.0933228645064,0.0859727900149,0.0223545213306,15.1439384097487
43021,3.5970889019498,0.0041264732966,0.0932314118049,0.0859639884033,0.0223545213306,15.1439384097487
45612,3.6098820506055,0.0046022124036,0.0886075343304,0.0846975139764,0.0090061418105,15.1439384097487
45613,3.6098409053856,0.0046351025461,0.0881873644239,0.0845609668687,0.0090061418105,15.1439384097487
45619,3.6099555588290,0.0047792021383,0.0879851556324,0.0845521287498,0.0090061418105,15.1439384097487
45621,3.6100582491787,0.0047629113257,0.0879428413892,0.0845314878049,0.0090061418105,15.1439384097487
45622,3.6100488883192,0.0047160773054,0.0879349801202,0.0845084760303,0.0090061418105,15.1439384097487
45625,3.6101847591825,0.0046759755723,0.0878256916278,0.0844541805324,0.0090061418105,15.1439384097487
47191,3.6131778181098,0.0040718271789,0.0851699211693,0.0832891219263,0.0051152739856,15.1439384097487
47255,3.6130347291688,0.0041349520117,0.0665110581145,0.0766502710647,0.0051152739856,15.1439384097487
47265,3.6130896008677,0.0041958841683,0.0658566792837,0.0764434545517,0.0050129685059,15.1439384097487
47267,3.6131459570572,0.0042021536796,0.0654685951874,0.0763083374585,0.0050129685059,15.1439384097487
47268,3.6131138441836,0.0042021536796,0.0650908611441,0.0761729780480,0.0050129685059,15.1439384097487
47269,3.6129989081977,0.0042189237958,0.0650320889979,0.0761575488519,0.0050129685059,15.1439384097487
47276,3.6130874372842,0.0043180569989,0.0638454647204,0.0757774928062,0.0049127091358,15.1439384097487
47288,3.6132397078915,0.0042614936669,0.0636927932251,0.0757008804631,0.0049127091358,15.1439384097487
47289,3.6132159165540,0.0042021206242,0.0637098761061,0.0756811992564,0.0049127091358,15.1439384097487
47290,3.6131987894305,0.0042021206242,0.0635828504643,0.0756355906081,0.0049127091358,15.1439384097487
47291,3.6132107944667,0.0042021206242,0.0634184623054,0.0755770504218,0.0049127091358,15.1439384097487
47295,3.6129881349996,0.0043589134974,0.0631654973515,0.0755507521246,0.0049127091358,15.1439384097487
47297,3.6131519881822,0.0044057475177,0.0629967875421,0.0755128888558,0.0049127091358,15.1439384097487
47298,3.6131358813239,0.0044057475177,0.0629308737301,0.0754891202976,0.0049127091358,15.1439384097487
47299,3.6130161399681,0.0043589134974,0.0623584831216,0.0752629290252,0.0049127091358,15.1439384097487
48241,3.6180493071829,0.0043878975911,0.0620922832101,0.0752514983617,0.0035558076744,15.1439384097487
48242,3.6180675503659,0.0044347316114,0.0619475393966,0.0752201340054,0.0035558076744,15.1439384097487
48275,3.6178329379870,0.0041826950560,0.0622175240210,0.0752052216695,0.0035558076744,15.1439384097487
48276,3.6177632200960,0.0042295290762,0.0620879526957,0.0751780314156,0.0035558076744,15.1439384097487
48300,3.6176083347866,0.0042771674450,0.0620036901937,0.0751661624919,0.0034846915209,15.1439384097487
48301,3.6175476712591,0.0042303334247,0.0619521906586,0.0751268396930,0.0034846915209,15.1439384097487
48302,3.6176505643337,0.0042303334247,0.0618884229554,0.0751055214434,0.0034846915209,15.1439384097487
48303,3.6176283888346,0.0042303334247,0.0618847754737,0.0751039049895,0.0034846915209,15.1439384097487
48484,3.6172167145512,0.0044086068115,0.0614490205700,0.0750188559547,0.0032141685063,15.1439384097487
48485,3.6173597629927,0.0044086068115,0.0613878341205,0.0749990277772,0.0032141685063,15.1439384097487
48487,3.6173360489832,0.0043655411091,0.0613725335926,0.0749747710217,0.0032141685063,15.1439384097487
48489,3.6173269233997,0.0043658496263,0.0612863259199,0.0749439856624,0.0032141685063,15.1439384097487
48490,3.6173251217901,0.0043190156061,0.0612765223025,0.0749203871549,0.0032141685063,15.1439384097487
48491,3.6172799550618,0.0042721815858,0.0613137204403,0.0749129613749,0.0032141685063,15.1439384097487
49129,3.6191028165990,0.0049098371562,0.0603836167679,0.0748798558193,0.0026262096833,15.1439384097487
49130,3.6191466313909,0.0049098371562,0.0603771545897,0.0748781678749,0.0026262096833,15.1439384097487
49454,3.6205519266076,0.0044284786278,0.0605809349925,0.0747645349113,0.0023264078385,15.1439384097487
49456,3.6205515259876,0.0044416346848,0.0601372313662,0.0746117019718,0.0023264078385,15.1439384097487
49457,3.6206442888677,0.0044416346848,0.0599747096876,0.0745549711037,0.0023264078385,15.1439384097487
49458,3.6206881914686,0.0044884687050,0.0598750713794,0.0745400789355,0.0023264078385,15.1439384097487
49459,3.6207247010652,0.0044884687050,0.0597045580489,0.0744796979258,0.0023264078385,15.1439384097487
49460,3.6207938509046,0.0044884687050,0.0596664368894,0.0744670616916,0.0023264078385,15.1439384097487
49471,3.6207560001893,0.0043839750147,0.0596845272359,0.0744282039343,0.0022798796817,15.1439384097487
50255,3.6192725307865,0.0041676713678,0.0598968162505,0.0743903288839,0.0017532785201,15.1439384097487
50256,3.6192887730295,0.0042141968708,0.0596705889640,0.0743297027523,0.0017532785201,15.1439384097487
50258,3.6192891093544,0.0043084984734,0.0595409748634,0.0743238317337,0.0017532785201,15.1439384097487
50262,3.6194614026152,0.0042632235672,0.0595058011780,0.0742943041100,0.0017532785201,15.1439384097487
50263,3.6194699608003,0.0042632235672,0.0594247035225,0.0742654617594,0.0017532785201,15.1439384097487
50420,3.6202963504099,0.0042350603497,0.0593695328940,0.0742453813708,0.0016501717168,15.1439384097487
50421,3.6202070177427,0.0042651242538,0.0591938225354,0.0741942481503,0.0016501717168,15.1439384097487
50515,3.6205499210701,0.0043193406510,0.0586948301900,0.0740441242564,0.0015848249169,15.1439384097487
50518,3.6207579559226,0.0043661746713,0.0585793017547,0.0740258795031,0.0015848249169,15.1439384097487
51567,3.6222941168651,0.0049717444478,0.0577437741737,0.0740087432743,0.0011016677929,15.1439384097487
51598,3.6228289522549,0.0048564581629,0.0577870892040,0.0739823724051,0.0011016677929,15.1439384097487
51599,3.6227472893799,0.0048605184703,0.0577692270844,0.0739765776842,0.0011016677929,15.1439384097487
51613,3.6228323455997,0.0050096204493,0.0574917140357,0.0739425702690,0.0011016677929,15.1439384097487
51622,3.6230169757032,0.0050234265962,0.0574064246434,0.0739206391955,0.0011016677929,15.1439384097487
51624,3.6229821174878,0.0049765925760,0.0574152609429,0.0739032300523,0.0011016677929,15.1439384097487
51625,3.6229318101816,0.0049297585557,0.0574690255724,0.0739016481378,0.0011016677929,15.1439384097487
51626,3.6229631927584,0.0049313176697,0.0574486282294,0.0738954756255,0.0011016677929,15.1439384097487
52351,3.6267256748440,0.0050428025813,0.0571397801792,0.0738861908678,0.0008644971411,15.1439384097487
52352,3.6267377401987,0.0049251693616,0.0572216843293,0.0738651988369,0.0008644971411,15.1439384097487
52418,3.6269720440462,0.0049361162147,0.0569281759391,0.0737683813041,0.0008302630543,15.1439384097487
52419,3.6269106982891,0.0050537494344,0.0567128055474,0.0737410095057,0.0008302630543,15.1439384097487
52420,3.6269339467013,0.0050069154141,0.0566699824884,0.0737059727965,0.0008302630543,15.1439384097487
52421,3.6269705781474,0.0050236855303,0.0565544087763,0.0736724019959,0.0008302630543,15.1439384097487
52422,3.6269207524020,0.0050705195505,0.0564114871215,0.0736407252398,0.0008302630543,15.1439384097487
52430,3.6267140197833,0.0052846139936,0.0561126841464,0.0736228394001,0.0008302630543,15.1439384097487
53084,3.6322345421488,0.0040864927667,0.0573235599425,0.0736199295375,0.0006515213038,15.1439384097487
53085,3.6321971386029,0.0040864927667,0.0573168739325,0.0736170124191,0.0006515213038,15.1439384097487
53086,3.6321951791827,0.0041118628011,0.0571842661253,0.0735804976343,0.0006515213038,15.1439384097487
53087,3.6321366629152,0.0041442736400,0.0571187840943,0.0735701735529,0.0006515213038,15.1439384097487
53287,3.6325392075616,0.0043191368093,0.0568804370731,0.0735656869548,0.0006132066390,15.1439384097487
53288,3.6324154142630,0.0043009618378,0.0567700605695,0.0735167258345,0.0006132066390,15.1439384097487
53365,3.6323482099207,0.0041039295005,0.0569247741480,0.0734865873168,0.0006009425062,15.1439384097487
53513,3.6350836247762,0.0044603771077,0.0563876826833,0.0734862381338,0.0005771451830,15.1439384097487
53515,3.6351820116638,0.0044619362216,0.0562314390140,0.0734324971829,0.0005771451830,15.1439384097487
53522,3.6351156735532,0.0043523024135,0.0563519144113,0.0734275995129,0.0005656022793,15.1439384097487
53538,3.6354243319976,0.0043617066804,0.0562780185972,0.0734096060471,0.0005656022793,15.1439384097487
53539,3.6353533545064,0.0042644411084,0.0563834974073,0.0734045874789,0.0005656022793,15.1439384097487
53540,3.6352548626166,0.0043820743281,0.0561986014365,0.0733875737869,0.0005656022793,15.1439384097487
53541,3.6352199575664,0.0043820743281,0.0561850849857,0.0733822525789,0.0005656022793,15.1439384097487
54891,3.6388277814402,0.0041814940424,0.0562097622093,0.0733561533597,0.0003626476071,15.1439384097487
54892,3.6387686079942,0.0042037293212,0.0561725640715,0.0733515604154,0.0003626476071,15.1439384097487
55180,3.6393786019824,0.0038732026722,0.0564395941014,0.0733139053791,0.0003278047140,15.1439384097487
55183,3.6392520625964,0.0039054757801,0.0563866013891,0.0733070202186,0.0003278047140,15.1439384097487
55697,3.6396557689486,0.0046791103279,0.0554318085200,0.0733032928465,0.0002733064467,15.1439384097487
55698,3.6398071177058,0.0047209419613,0.0553294761117,0.0732868149755,0.0002733064467,15.1439384097487
55748,3.6404616325296,0.0043562580454,0.0556345781628,0.0732487482279,0.0002733064467,15.1439384097487
55832,3.6405098994969,0.0043584341939,0.0555454650377,0.0732185377212,0.0002624835114,15.1439384097487
55833,3.6406020961071,0.0043116001736,0.0554243826117,0.0731565268505,0.0002624835114,15.1439384097487
55982,3.6410196972249,0.0038268149001,0.0558432126048,0.0731042529015,0.0002470473811,15.1439384097487
55983,3.6410502448806,0.0038268149001,0.0558329319085,0.0731010134715,0.0002470473811,15.1439384097487
55984,3.6410002104702,0.0038268149001,0.0556590933250,0.0730382202796,0.0002470473811,15.1439384097487
55985,3.6408713647040,0.0037538230245,0.0556726770539,0.0730099662200,0.0002470473811,15.1439384097487
55988,3.6408755671351,0.0038006570448,0.0555273116872,0.0729781812047,0.0002470473811,15.1439384097487
55990,3.6408568839747,0.0038006570448,0.0554030383455,0.0729335335029,0.0002470473811,15.1439384097487
56379,3.6401193062069,0.0036982678828,0.0551327104729,0.0727826700887,0.0002188450402,15.1439384097487
56380,3.6402003931456,0.0036982678828,0.0551206326263,0.0727795039468,0.0002188450402,15.1439384097487
56385,3.6401904231062,0.0035511712659,0.0551678792363,0.0727331952534,0.0002188450402,15.1439384097487
56387,3.6402847525115,0.0035511712659,0.0551141586452,0.0727153440828,0.0002188450402,15.1439384097487
56388,3.6402701334984,0.0035347261947,0.0551274391614,0.0727128323786,0.0002188450402,15.1439384097487
56389,3.6402456132544,0.0035815602149,0.0550545226468,0.0727065155294,0.0002188450402,15.1439384097487
56390,3.6403087937836,0.0035815602149,0.0549768842998,0.0726796815486,0.0002188450402,15.1439384097487
56400,3.6406060251917,0.0035419377854,0.0549410237989,0.0726540989901,0.0002188450402,15.1439384097487
56402,3.6405543902950,0.0035887718056,0.0548175836063,0.0726293542997,0.0002188450402,15.1439384097487
56403,3.6406711598944,0.0036252594795,0.0547515225770,0.0726230509315,0.0002188450402,15.1439384097487
59407,3.6458127919947,0.0036222459271,0.0544933067944,0.0726022932365,0.0000846763767,15.1439384097487
59417,3.6456640631363,0.0037174730815,0.0543683707741,0.0725963803635,0.0000846763767,15.1439384097487
59420,3.6458271421519,0.0037279571588,0.0543338648038,0.0725908575358,0.0000846763767,15.1439384097487
59607,3.6450339562652,0.0036349557359,0.0544103152017,0.0725670799695,0.0000796967283,15.1439384097487
59677,3.6450260215065,0.0035542729661,0.0544257506225,0.0725379020135,0.0000781027937,15.1439384097487
59704,3.6446046379580,0.0034707970133,0.0545301155626,0.0725334372491,0.0000781027937,15.1439384097487
60802,3.6477248114479,0.0035987765793,0.0542201219211,0.0725217238656,0.0000576843103,15.1439384097487
60934,3.6472865664040,0.0036014485590,0.0541683433780,0.0724981755250,0.0000554000116,15.1439384097487
60935,3.6473425286827,0.0035713846549,0.0541546122294,0.0724811788755,0.0000554000116,15.1439384097487
60969,3.6469496779937,0.0035016817936,0.0541624554705,0.0724485485672,0.0000542920114,15.1439384097487
61048,3.6461517980477,0.0036539681114,0.0537604209889,0.0723589404408,0.0000532061711,15.1439384097487
61049,3.6460716225180,0.0036539681114,0.0537295239450,0.0723467713039,0.0000532061711,15.1439384097487
61051,3.6460230211291,0.0036442553273,0.0537338742843,0.0723434746683,0.0000532061711,15.1439384097487
61053,3.6460606175205,0.0035266221077,0.0538588790705,0.0723382369842,0.0000532061711,15.1439384097487
61058,3.6459820796459,0.0034797880874,0.0539097283559,0.0723352144147,0.0000532061711,15.1439384097487
61060,3.6459922533775,0.0034031986804,0.0538513649445,0.0722816902652,0.0000532061711,15.1439384097487
61436,3.6463729071202,0.0033464645620,0.0537479606241,0.0722258317536,0.0000480941646,15.1439384097487
61440,3.6465089452539,0.0033837400568,0.0536713169292,0.0722163591479,0.0000480941646,15.1439384097487
61443,3.6464736635704,0.0033420792097,0.0535846845266,0.0721670651220,0.0000480941646,15.1439384097487
62162,3.6493730607487,0.0030294190149,0.0538274764593,0.0721608055760,0.0000400984021,15.1439384097487
62163,3.6492947534845,0.0030746939211,0.0536770034523,0.0721253607051,0.0000400984021,15.1439384097487
62164,3.6492077146014,0.0030825225463,0.0536231921765,0.0721082659230,0.0000400984021,15.1439384097487
62165,3.6491616486821,0.0030775201595,0.0536217464073,0.0721049538671,0.0000400984021,15.1439384097487
62206,3.6487831448238,0.0031619381917,0.0535076562008,0.0720950307173,0.0000392964341,15.1439384097487
62277,3.6488900846847,0.0033110401708,0.0532760786164,0.0720777384771,0.0000385105054,15.1439384097487
62280,3.6487693816897,0.0032759573522,0.0531956193477,0.0720322595911,0.0000385105054,15.1439384097487
62281,3.6489633891605,0.0032759573522,0.0531818850804,0.0720300996883,0.0000385105054,15.1439384097487
62282,3.6488716469894,0.0032759573522,0.0531293439354,0.0720100368481,0.0000385105054,15.1439384097487
62303,3.6495093371295,0.0030725012450,0.0532486010128,0.0719744564597,0.0000385105054,15.1439384097487
63181,3.6511736513347,0.0031658277128,0.0530014418306,0.0719497323154,0.0000308365690,15.1439384097487
63182,3.6511685100785,0.0031658277128,0.0528284186488,0.0718878655734,0.0000308365690,15.1439384097487
63545,3.6501687153624,0.0031598832465,0.0527299549333,0.0718360053041,0.0000284426694,15.1439384097487
63552,3.6503340999617,0.0031219741895,0.0527501723154,0.0718293192400,0.0000284426694,15.1439384097487
63557,3.6503688555743,0.0031565942323,0.0527038972161,0.0718281213696,0.0000284426694,15.1439384097487
63735,3.6506267895177,0.0029586363432,0.0529037576590,0.0718183107519,0.0000273163397,15.1439384097487
63740,3.6504900006863,0.0030054703634,0.0528355346869,0.0718120815748,0.0000273163397,15.1439384097487
63742,3.6505001173550,0.0030291270253,0.0527627084022,0.0717963539070,0.0000273163397,15.1439384097487
63749,3.6505476762913,0.0030291270253,0.0526713746109,0.0717644076516,0.0000273163397,15.1439384097487
65368,3.6504588754599,0.0031171591168,0.0525348647455,0.0717521256416,0.0000189885528,15.1439384097487
65406,3.6503830160535,0.0029827557810,0.0526735049914,0.0717429651800,0.0000189885528,15.1439384097487
65407,3.6503640386907,0.0029781996423,0.0526710413137,0.0717398641359,0.0000189885528,15.1439384097487
65408,3.6503036229855,0.0029781996423,0.0526722342251,0.0717394352975,0.0000189885528,15.1439384097487
65522,3.6506088846348,0.0030690579721,0.0525300940443,0.0717319296633,0.0000186087818,15.1439384097487
65976,3.6514233482193,0.0031696290860,0.0523676897799,0.0717285546514,0.0000168208649,15.1439384097487
65989,3.6513426388918,0.0032448136377,0.0522784748913,0.0717277721103,0.0000168208649,15.1439384097487
65990,3.6512778430479,0.0032679909961,0.0522013052503,0.0717092278210,0.0000168208649,15.1439384097487
66006,3.6512646483845,0.0032575069188,0.0521906881936,0.0717007561355,0.0000168208649,15.1439384097487
66013,3.6512836189178,0.0032106728986,0.0522246201776,0.0716930714100,0.0000168208649,15.1439384097487
66020,3.6512174455126,0.0032512208799,0.0521568162916,0.0716852970935,0.0000168208649,15.1439384097487
66024,3.6513605472562,0.0032043868597,0.0521768074090,0.0716743899354,0.0000168208649,15.1439384097487
66439,3.6522380682757,0.0031771161385,0.0521513296045,0.0716660201312,0.0000158316634,15.1439384097487
66699,3.6524741427261,0.0030652731266,0.0521826406898,0.0716326103800,0.0000149006350,15.1439384097487
66723,3.6524382247049,0.0030539847008,0.0521855732275,0.0716283115805,0.0000149006350,15.1439384097487
66917,3.6527037256509,0.0029720843897,0.0522406432381,0.0716166361287,0.0000143105698,15.1439384097487
66934,3.6526871938539,0.0029827392533,0.0521855880337,0.0716013060020,0.0000143105698,15.1439384097487
66950,3.6527286783246,0.0029319991843,0.0522322530170,0.0715968133261,0.0000143105698,15.1439384097487
66956,3.6527258407842,0.0029319991843,0.0522161721911,0.0715910300229,0.0000143105698,15.1439384097487
66957,3.6526130469291,0.0029205564999,0.0522038087412,0.0715801144721,0.0000143105698,15.1439384097487
67405,3.6523534021746,0.0029918184751,0.0520918115707,0.0715669823732,0.0000131996140,15.1439384097487
67409,3.6524415409967,0.0030386524954,0.0520296211382,0.0715660903859,0.0000131996140,15.1439384097487
67424,3.6524177532248,0.0030073214669,0.0519833890264,0.0715358147384,0.0000131996140,15.1439384097487
67425,3.6524747592953,0.0029947989721,0.0519838906643,0.0715314337434,0.0000131996140,15.1439384097487
68176,3.6528364775379,0.0029631594264,0.0519974185098,0.0715278236003,0.0000114589219,15.1439384097487
68183,3.6530009626577,0.0028694913860,0.0520979329828,0.0715259056339,0.0000114589219,15.1439384097487
68185,3.6530006258504,0.0028694913860,0.0520783858764,0.0715189197587,0.0000114589219,15.1439384097487
68481,3.6527535299031,0.0029579862533,0.0519234081604,0.0714980005550,0.0000110051486,15.1439384097487
68848,3.6528339337201,0.0030226702000,0.0518372356908,0.0714960840731,0.0000103579578,15.1439384097487
68882,3.6528854644901,0.0030181140614,0.0518358321364,0.0714943593298,0.0000101507987,15.1439384097487
68890,3.6527967333874,0.0030181140614,0.0518125265257,0.0714847803582,0.0000101507987,15.1439384097487
68940,3.6527302379708,0.0030405035989,0.0517853897124,0.0714837432496,0.0000101507987,15.1439384097487
69048,3.6529336840982,0.0029964958170,0.0518207186025,0.0714803789815,0.0000099477827,15.1439384097487
69089,3.6530900578879,0.0029669112165,0.0518456726737,0.0714788247139,0.0000099477827,15.1439384097487
69090,3.6532039752035,0.0029669112165,0.0518324010635,0.0714756967755,0.0000099477827,15.1439384097487
69092,3.6531641143337,0.0029669112165,0.0517976334986,0.0714627157594,0.0000099477827,15.1439384097487
69093,3.6532165369299,0.0029150582818,0.0517842843188,0.0714364672851,0.0000099477827,15.1439384097487
69107,3.6532384204590,0.0028682242615,0.0518219622390,0.0714301616127,0.0000099477827,15.1439384097487
69125,3.6533203372395,0.0028727804002,0.0517190901719,0.0713965333365,0.0000099477827,15.1439384097487
69126,3.6533216053242,0.0028599493882,0.0517284887043,0.0713944088934,0.0000099477827,15.1439384097487
69301,3.6532643988058,0.0028532005734,0.0517355141355,0.0713932161584,0.0000095538505,15.1439384097487
69505,3.6532266313268,0.0028845316018,0.0516329049759,0.0713694632062,0.0000093627735,15.1439384097487
69507,3.6532147953560,0.0028878206161,0.0515883249272,0.0713547838596,0.0000093627735,15.1439384097487
69976,3.6532490085223,0.0028588365224,0.0516154163773,0.0713525217371,0.0000086359242,15.1439384097487
70194,3.6531532461705,0.0028220403312,0.0516368089729,0.0713430371227,0.0000082939416,15.1439384097487
70284,3.6532581301562,0.0028688743515,0.0515507787634,0.0713338678723,0.0000081280627,15.1439384097487
70412,3.6530949208320,0.0028906633822,0.0515214095682,0.0713304076289,0.0000079655015,15.1439384097487
70447,3.6531050145649,0.0029569064429,0.0514329628184,0.0713273522129,0.0000079655015,15.1439384097487
70580,3.6529758810421,0.0029243413454,0.0514308070671,0.0713107986006,0.0000078061914,15.1439384097487
70582,3.6530292480510,0.0029243413454,0.0514028088601,0.0713015543806,0.0000078061914,15.1439384097487
70597,3.6530280462870,0.0028879914024,0.0514000559340,0.0712849756408,0.0000078061914,15.1439384097487
70651,3.6529598810780,0.0029348254226,0.0512872409018,0.0712637917477,0.0000078061914,15.1439384097487
70777,3.6529985784446,0.0029226114451,0.0512999094574,0.0712636292352,0.0000074970663,15.1439384097487
70812,3.6531661012859,0.0028480439279,0.0513799546752,0.0712626297426,0.0000074970663,15.1439384097487
70821,3.6530675509403,0.0028948779482,0.0512683681124,0.0712414546409,0.0000074970663,15.1439384097487
70898,3.6530418158443,0.0028948779482,0.0512541229274,0.0712360029249,0.0000073471249,15.1439384097487
70937,3.6529848106166,0.0028948779482,0.0511998845065,0.0712158254402,0.0000073471249,15.1439384097487
70950,3.6528851357741,0.0028948779482,0.0511636321636,0.0712014677825,0.0000073471249,15.1439384097487
70979,3.6528121138262,0.0028948779482,0.0510846908274,0.0711722411925,0.0000073471249,15.1439384097487
71114,3.6526892148338,0.0029142869887,0.0510483205748,0.0711658309642,0.0000070561788,15.1439384097487
71159,3.6526698676706,0.0029142869887,0.0510292866182,0.0711587593615,0.0000070561788,15.1439384097487
71240,3.6525651106779,0.0028591450396,0.0510754334768,0.0711501258142,0.0000069150552,15.1439384097487
71382,3.6525815386667,0.0028336207465,0.0510786505818,0.0711405682524,0.0000069150552,15.1439384097487
71521,3.6525795131814,0.0028336207465,0.0509881225920,0.0711082081670,0.0000067767541,15.1439384097487
71697,3.6525002270393,0.0028682407893,0.0509431921568,0.0711058768506,0.0000066412190,15.1439384097487
71766,3.6527251694769,0.0028804547668,0.0508761874454,0.0710903640787,0.0000065083946,15.1439384097487
72461,3.6526788775790,0.0029070753980,0.0508108243315,0.0710777739242,0.0000057654118,15.1439384097487
72462,3.6526760925244,0.0029539094182,0.0507292806306,0.0710686834885,0.0000057654118,15.1439384097487
72525,3.6525083215005,0.0030071672083,0.0506312499590,0.0710541233528,0.0000057654118,15.1439384097487
72854,3.6526271981338,0.0029514082248,0.0506880788899,0.0710522047887,0.0000054263595,15.1439384097487
74192,3.6527891150596,0.0029539259459,0.0505832734277,0.0710181444035,0.0000044337308,15.1439384097487
74258,3.6526884414055,0.0029070919257,0.0506174300249,0.0710088469398,0.0000044337308,15.1439384097487
74286,3.6527585356228,0.0029349796813,0.0505758762534,0.0710069500308,0.0000044337308,15.1439384097487
74392,3.6526579681313,0.0029075547015,0.0506121214446,0.0710067181559,0.0000043450561,15.1439384097487
74405,3.6525990153138,0.0029543887218,0.0505573259470,0.0710063858799,0.0000043450561,15.1439384097487
74507,3.6526266656443,0.0029426375201,0.0505681280216,0.0710055987848,0.0000042581550,15.1439384097487
74565,3.6525811510841,0.0029543887218,0.0505366751478,0.0709987578168,0.0000041729919,15.1439384097487
74600,3.6525490187191,0.0029778911251,0.0505037802023,0.0709966274098,0.0000041729919,15.1439384097487
74601,3.6525259998560,0.0029349796813,0.0505523483108,0.0709952568287,0.0000041729919,15.1439384097487
74658,3.6525788781534,0.0029506534594,0.0505026624357,0.0709849774311,0.0000040895321,15.1439384097487
74659,3.6524826425823,0.0029107059849,0.0505377772183,0.0709790363518,0.0000040895321,15.1439384097487
74891,3.6524592135650,0.0029022272698,0.0505143404657,0.0709667008289,0.0000040077414,15.1439384097487
74946,3.6524211467907,0.0029022272698,0.0504595265085,0.0709465857733,0.0000040077414,15.1439384097487
74998,3.6523730927649,0.0028828182293,0.0504093991904,0.0709196850383,0.0000039275866,15.1439384097487
75081,3.6523768768899,0.0028828182293,0.0503764167081,0.0709079591254,0.0000039275866,15.1439384097487
75094,3.6524232093198,0.0028828182293,0.0503573827515,0.0709018168846,0.0000038490349,15.1439384097487
75180,3.6523927005206,0.0029407698889,0.0502524325865,0.0708887394109,0.0000037720542,15.1439384097487
75381,3.6522990721941,0.0029703710171,0.0501988240272,0.0708809548601,0.0000036966131,15.1439384097487
75418,3.6522905009700,0.0029703710171,0.0501826197082,0.0708750463210,0.0000036966131,15.1439384097487
75473,3.6522429066190,0.0029086675673,0.0502042589358,0.0708556568241,0.0000036966131,15.1439384097487
75574,3.6522724840454,0.0028771657525,0.0502207814763,0.0708484754723,0.0000035502272,15.1439384097487
75705,3.6523553146995,0.0029045907323,0.0501844809062,0.0708484365939,0.0000034792227,15.1439384097487
75756,3.6523816243184,0.0029239997728,0.0501298120013,0.0708376024246,0.0000034792227,15.1439384097487
75929,3.6525090470015,0.0028494322555,0.0501006321423,0.0707970265614,0.0000034096382,15.1439384097487
75930,3.6524602707299,0.0028962662758,0.0500377289885,0.0707939426913,0.0000034096382,15.1439384097487
75996,3.6523848969283,0.0029431002960,0.0499586030560,0.0707846886184,0.0000033414455,15.1439384097487
76009,3.6523633871516,0.0029509454489,0.0499392745914,0.0707808434418,0.0000033414455,15.1439384097487
76019,3.6523033903986,0.0029106894572,0.0499733535429,0.0707749129780,0.0000033414455,15.1439384097487
76024,3.6522675653523,0.0029185180824,0.0498762110252,0.0707430674248,0.0000033414455,15.1439384097487
76384,3.6520904054087,0.0028962828035,0.0499082550463,0.0707424755114,0.0000031449417,15.1439384097487
76632,3.6521577672426,0.0029241540314,0.0498644225618,0.0707397190301,0.0000030820429,15.1439384097487
76637,3.6521830373427,0.0029241540314,0.0498163472857,0.0707229068588,0.0000030820429,15.1439384097487
76773,3.6521267407432,0.0029709880516,0.0497605538294,0.0707222557543,0.0000030204020,15.1439384097487
76833,3.6521472390889,0.0029515790111,0.0497799174981,0.0707211432403,0.0000029599940,15.1439384097487
76910,3.6521428782313,0.0029047449909,0.0498354949213,0.0707208588912,0.0000029007941,15.1439384097487
76914,3.6521762285570,0.0029241540314,0.0497962938157,0.0707156485614,0.0000029007941,15.1439384097487
77013,3.6522152279059,0.0029709880516,0.0497263613857,0.0707112962547,0.0000028427782,15.1439384097487
77252,3.6523060426348,0.0029984130313,0.0496782051192,0.0707071361732,0.0000027859227,15.1439384097487
77445,3.6524078773594,0.0030139160231,0.0496416758816,0.0707021751108,0.0000026756001,15.1439384097487
77576,3.6524609917685,0.0029179010479,0.0497368485943,0.0706957676555,0.0000026220881,15.1439384097487
77706,3.6522925919005,0.0029445382068,0.0496322353774,0.0706674388707,0.0000025696464,15.1439384097487
77775,3.6522679443811,0.0029445382068,0.0496295713400,0.0706661386681,0.0000025696464,15.1439384097487
77787,3.6522904815419,0.0029606582330,0.0495946146878,0.0706608816314,0.0000025696464,15.1439384097487
77797,3.6522875314001,0.0029639472473,0.0495749024351,0.0706552093744,0.0000025182534,15.1439384097487
78177,3.6521790333395,0.0030107812675,0.0494737478544,0.0706376192211,0.0000024185306,15.1439384097487
78351,3.6520891465778,0.0028932857788,0.0495904274314,0.0706276633975,0.0000023227568,15.1439384097487
78374,3.6521729339830,0.0028932857788,0.0495855726696,0.0706271151401,0.0000022763017,15.1439384097487
78592,3.6521657964634,0.0028464517585,0.0496411500927,0.0706267915014,0.0000022307756,15.1439384097487
78595,3.6520033730763,0.0029316576116,0.0495168772859,0.0706166268703,0.0000022307756,15.1439384097487
78596,3.6518845704600,0.0029784916318,0.0494143780411,0.0705984106710,0.0000022307756,15.1439384097487
78841,3.6517994523278,0.0030059166116,0.0493778928747,0.0705959294013,0.0000021861601,15.1439384097487
78855,3.6518215200792,0.0030059166116,0.0493064965855,0.0705707429838,0.0000021861601,15.1439384097487
78859,3.6519489971427,0.0029268094834,0.0493592685762,0.0705574908603,0.0000021861601,15.1439384097487
78895,3.6518301912750,0.0029261924489,0.0493172832678,0.0705405505689,0.0000020995882,15.1439384097487
78897,3.6518287930615,0.0028793584287,0.0493728606909,0.0705403081410,0.0000020995882,15.1439384097487
78911,3.6516275297286,0.0029827392533,0.0492054379395,0.0705219725062,0.0000020995882,15.1439384097487
78988,3.6518165601137,0.0029359052330,0.0492500546027,0.0705205100731,0.0000020995882,15.1439384097487
79145,3.6517831771538,0.0029393650336,0.0491686728826,0.0704924555781,0.0000020575964,15.1439384097487
79161,3.6518759993088,0.0029661399234,0.0491318083757,0.0704920780628,0.0000020575964,15.1439384097487
79348,3.6518147687748,0.0029761612248,0.0490597382542,0.0704697671692,0.0000020164445,15.1439384097487
79665,3.6517898851030,0.0030208025688,0.0489802340215,0.0704601527027,0.0000018978614,15.1439384097487
79741,3.6517775194943,0.0030173427683,0.0489600675723,0.0704512926552,0.0000018599042,15.1439384097487
79778,3.6517866891301,0.0029739685486,0.0490025761250,0.0704480150796,0.0000018599042,15.1439384097487
79785,3.6516817469703,0.0030035862045,0.0489454915050,0.0704388360719,0.0000018599042,15.1439384097487
79886,3.6516039988130,0.0029299607667,0.0490319188153,0.0704370490782,0.0000018599042,15.1439384097487
79911,3.6517022328831,0.0029471771311,0.0489980956448,0.0704337378218,0.0000018227061,15.1439384097487
80015,3.6516691855217,0.0030063959152,0.0488929401485,0.0704210941483,0.0000017862520,15.1439384097487
80022,3.6516728824736,0.0030436714099,0.0488360008083,0.0704167861933,0.0000017862520,15.1439384097487
80070,3.6517744344860,0.0029968373897,0.0488728653152,0.0704113173199,0.0000017862520,15.1439384097487
80140,3.6517020374969,0.0029833728155,0.0488054234742,0.0703804360038,0.0000017505269,15.1439384097487
80167,3.6516977063270,0.0028890712128,0.0489013316934,0.0703742126808,0.0000017505269,15.1439384097487
80171,3.6517172369033,0.0029005138972,0.0488856907382,0.0703738069894,0.0000017505269,15.1439384097487
80174,3.6517404579022,0.0029005138972,0.0488672334129,0.0703675436631,0.0000017505269,15.1439384097487
80176,3.6517079925627,0.0029058413290,0.0488510124057,0.0703635742489,0.0000017505269,15.1439384097487
80220,3.6517245576215,0.0029186888687,0.0487298999886,0.0703260602971,0.0000017505269,15.1439384097487
80458,3.6516731081859,0.0029125736161,0.0486530943582,0.0702952808862,0.0000016812061,15.1439384097487
80636,3.6516816758754,0.0028657395958,0.0486750878778,0.0702831852239,0.0000016146303,15.1439384097487
80899,3.6516252960419,0.0028245580523,0.0486808843768,0.0702668083983,0.0000015823377,15.1439384097487
81004,3.6516237204383,0.0028245580523,0.0486646800577,0.0702609988468,0.0000015196771,15.1439384097487
81432,3.6515784787896,0.0028618335471,0.0485894068853,0.0702494506167,0.0000014303080,15.1439384097487
81473,3.6514818889119,0.0029013017180,0.0485261771824,0.0702424167700,0.0000014303080,15.1439384097487
81682,3.6514043796966,0.0029013017180,0.0484686093242,0.0702207600705,0.0000013736678,15.1439384097487
81726,3.6514945909040,0.0029041114287,0.0484109068118,0.0702026326746,0.0000013736678,15.1439384097487
81814,3.6514932097663,0.0029509454489,0.0483537775712,0.0702022815543,0.0000013461944,15.1439384097487
81875,3.6514738785979,0.0029664484407,0.0482959404045,0.0701879960280,0.0000013461944,15.1439384097487
81952,3.6514819037843,0.0029481357382,0.0482828147998,0.0701755735668,0.0000012928851,15.1439384097487
82023,3.6515896266748,0.0029481357382,0.0482458579947,0.0701638989795,0.0000012928851,15.1439384097487
82424,3.6515362557847,0.0029013017180,0.0482581225594,0.0701474522637,0.0000012416869,15.1439384097487
82569,3.6515627363408,0.0029013017180,0.0482369913489,0.0701402801009,0.0000012168531,15.1439384097487
82645,3.6514764421470,0.0028699706895,0.0482640266101,0.0701352869107,0.0000011686657,15.1439384097487
82646,3.6515041875356,0.0028536798769,0.0482700888871,0.0701308628282,0.0000011686657,15.1439384097487
82657,3.6514092139618,0.0028536798769,0.0482652668474,0.0701277968014,0.0000011686657,15.1439384097487
82667,3.6513113915934,0.0028970540966,0.0482156629534,0.0701272858963,0.0000011686657,15.1439384097487
82685,3.6513370052614,0.0028926687443,0.0482116129445,0.0701243224595,0.0000011686657,15.1439384097487
82810,3.6513350347953,0.0028943986446,0.0481978746839,0.0701201294418,0.0000011452924,15.1439384097487
82843,3.6513191621718,0.0028503908627,0.0482326769072,0.0701134737327,0.0000011452924,15.1439384097487
83163,3.6512224415751,0.0028760694144,0.0481742033884,0.0701022268368,0.0000010779401,15.1439384097487
83186,3.6512288925308,0.0028760694144,0.0481532556204,0.0700948367717,0.0000010779401,15.1439384097487
83564,3.6511589922019,0.0028876663575,0.0481411994157,0.0700945120177,0.0000010352536,15.1439384097487
83882,3.6510104674348,0.0028442921378,0.0481908033097,0.0700915371274,0.0000009743724,15.1439384097487
83982,3.6511670830795,0.0028442921378,0.0481837079684,0.0700912191778,0.0000009548850,15.1439384097487
83984,3.6511975568764,0.0028911261580,0.0480879597465,0.0700775263094,0.0000009548850,15.1439384097487
84059,3.6511263058985,0.0028795292150,0.0481000159512,0.0700758537818,0.0000009548850,15.1439384097487
84140,3.6510227286021,0.0029263632353,0.0480415239729,0.0700735699007,0.0000009548850,15.1439384097487
84214,3.6509986868076,0.0029636387300,0.0479845846326,0.0700688694443,0.0000009357873,15.1439384097487
84314,3.6510939780359,0.0029636387300,0.0479680554356,0.0700643145241,0.0000009170716,15.1439384097487
84354,3.6510966106951,0.0029926062960,0.0478972196171,0.0700514679406,0.0000008987301,15.1439384097487
84416,3.6511298643168,0.0029457722757,0.0479179349959,0.0700392651037,0.0000008987301,15.1439384097487
84420,3.6512086479418,0.0028765321903,0.0479946419985,0.0700381009225,0.0000008987301,15.1439384097487
84422,3.6512281320197,0.0028296981701,0.0480266749791,0.0700297452482,0.0000008987301,15.1439384097487
84489,3.6511469028384,0.0028989382555,0.0479331995982,0.0700248861184,0.0000008987301,15.1439384097487
84509,3.6511528929263,0.0029457722757,0.0478517368878,0.0700159487755,0.0000008807555,15.1439384097487
84520,3.6510540650334,0.0028954784549,0.0478146621730,0.0699797549033,0.0000008807555,15.1439384097487
84709,3.6511101606838,0.0029229034347,0.0477558216107,0.0699712877292,0.0000008631404,15.1439384097487
84757,3.6511778185979,0.0028760694144,0.0478007232059,0.0699682096452,0.0000008631404,15.1439384097487
84764,3.6511510458875,0.0028760694144,0.0477465784009,0.0699484933828,0.0000008458776,15.1439384097487
84766,3.6511705025184,0.0028425457098,0.0477784214812,0.0699457739195,0.0000008458776,15.1439384097487
84931,3.6512204682544,0.0028637011783,0.0477339524951,0.0699396657799,0.0000008289600,15.1439384097487
85554,3.6511643255056,0.0028893797300,0.0476890693596,0.0699338467661,0.0000007493142,15.1439384097487
85628,3.6510911945452,0.0029157083717,0.0476518142044,0.0699307902589,0.0000007493142,15.1439384097487
85669,3.6510425661444,0.0029625423919,0.0475800601010,0.0699245474278,0.0000007493142,15.1439384097487
85670,3.6510388781923,0.0029747563694,0.0475177030722,0.0699074594379,0.0000007493142,15.1439384097487
85717,3.6510917627082,0.0029747563694,0.0474972200827,0.0699008923968,0.0000007343279,15.1439384097487
85786,3.6511980884537,0.0029163254062,0.0475519889730,0.0698969153756,0.0000007196414,15.1439384097487
85847,3.6511205901625,0.0029039571700,0.0475649577601,0.0698951498170,0.0000007196414,15.1439384097487
85852,3.6509693478137,0.0029039571700,0.0475416521495,0.0698846863155,0.0000007052486,15.1439384097487
85858,3.6510665850307,0.0029056705426,0.0474826584733,0.0698657273481,0.0000007052486,15.1439384097487
85879,3.6510118562593,0.0029525045629,0.0473791349954,0.0698480519919,0.0000007052486,15.1439384097487
85883,3.6509931377471,0.0029261759212,0.0473709604115,0.0698335839284,0.0000007052486,15.1439384097487
85989,3.6508942377012,0.0029730099414,0.0473117158864,0.0698310974634,0.0000007052486,15.1439384097487
85992,3.6508020930936,0.0029987050209,0.0472659482367,0.0698244602111,0.0000007052486,15.1439384097487
86286,3.6507534839996,0.0029952617480,0.0472198980552,0.0698058502139,0.0000006773207,15.1439384097487
86358,3.6507522898174,0.0029747563694,0.0472418320461,0.0698048788651,0.0000006637743,15.1439384097487
86451,3.6506812745630,0.0029525045629,0.0472545186347,0.0697988684400,0.0000006504988,15.1439384097487
86453,3.6506501318515,0.0029056705426,0.0473036143578,0.0697958902365,0.0000006504988,15.1439384097487
86512,3.6506397712496,0.0029279223492,0.0472372173094,0.0697815668917,0.0000006504988,15.1439384097487
86514,3.6506770826336,0.0029128821333,0.0471733625494,0.0697528437670,0.0000006504988,15.1439384097487
86525,3.6506776690060,0.0029128821333,0.0471514285585,0.0697450184960,0.0000006504988,15.1439384097487
86635,3.6506307585140,0.0029374643470,0.0470920124599,0.0697336699149,0.0000006374888,15.1439384097487
86730,3.6505587377729,0.0029128821333,0.0470546280872,0.0697087640301,0.0000006122443,15.1439384097487
86900,3.6505189230556,0.0029597161536,0.0469773530256,0.0697006741412,0.0000005999994,15.1439384097487
86902,3.6504702071827,0.0029146120336,0.0470293407012,0.0696992215047,0.0000005999994,15.1439384097487
86970,3.6503832041986,0.0028677780134,0.0470736435505,0.0696937411416,0.0000005999994,15.1439384097487
87074,3.6504843095835,0.0028677780134,0.0470345913830,0.0696812245733,0.0000005879994,15.1439384097487
87096,3.6504531489368,0.0028215610276,0.0470522787725,0.0696672932974,0.0000005879994,15.1439384097487
87206,3.6504383820484,0.0028683950479,0.0469926726407,0.0696658681657,0.0000005762394,15.1439384097487
87345,3.6504733061220,0.0028683950479,0.0469800598906,0.0696618577854,0.0000005647146,15.1439384097487
87469,3.6504916317380,0.0028683950479,0.0469484067107,0.0696508123845,0.0000005534203,15.1439384097487
87670,3.6503776920887,0.0028250043005,0.0469647583087,0.0696364439680,0.0000005423519,15.1439384097487
87762,3.6503813831971,0.0028250043005,0.0469423595393,0.0696284966364,0.0000005208748,15.1439384097487
87894,3.6503132835002,0.0028513329422,0.0469049197877,0.0696254453940,0.0000005104573,15.1439384097487
87938,3.6502608766335,0.0028513329422,0.0468923070376,0.0696201992867,0.0000005104573,15.1439384097487
88030,3.6502977680845,0.0028981669624,0.0468277034121,0.0696177202978,0.0000005104573,15.1439384097487
88245,3.6503332638564,0.0029293272045,0.0467218886358,0.0695937859586,0.0000004902432,15.1439384097487
88262,3.6503654030391,0.0028824931843,0.0467752192949,0.0695932156669,0.0000004902432,15.1439384097487
88273,3.6505079313741,0.0028824931843,0.0467671013544,0.0695923331688,0.0000004902432,15.1439384097487
88303,3.6503895302031,0.0029315198807,0.0466328221606,0.0695637123865,0.0000004902432,15.1439384097487
88306,3.6504170018912,0.0028870493230,0.0466747637805,0.0695600214486,0.0000004902432,15.1439384097487
88325,3.6504270403526,0.0028870493230,0.0466420741334,0.0695484886182,0.0000004804383,15.1439384097487
88404,3.6504085646570,0.0028278305389,0.0466843954402,0.0695379624619,0.0000004708296,15.1439384097487
88484,3.6504311168429,0.0028746645591,0.0465640090449,0.0695153581556,0.0000004708296,15.1439384097487
88949,3.6503908776929,0.0028138866611,0.0465835624774,0.0694957244724,0.0000004342782,15.1439384097487
88999,3.6503347474337,0.0027896129647,0.0466140719255,0.0694954234518,0.0000004342782,15.1439384097487
89010,3.6503049729349,0.0028364469849,0.0465161164883,0.0694800897828,0.0000004342782,15.1439384097487
89030,3.6502445971808,0.0028162501236,0.0465240782346,0.0694734231531,0.0000004342782,15.1439384097487
89202,3.6501097155589,0.0028630841438,0.0464254199352,0.0694563512032,0.0000004255926,15.1439384097487
89380,3.6500592928247,0.0028992633005,0.0463519341846,0.0694448981668,0.0000004087392,15.1439384097487
89607,3.6500809330193,0.0029460973207,0.0462864476729,0.0694418880572,0.0000003925531,15.1439384097487
89626,3.6499744958440,0.0028992633005,0.0463467509724,0.0694418471480,0.0000003925531,15.1439384097487
89970,3.6499503548379,0.0029460973207,0.0462861798533,0.0694399447348,0.0000003694678,15.1439384097487
90010,3.6499378029304,0.0029020895388,0.0463022605303,0.0694266497471,0.0000003694678,15.1439384097487
90139,3.6500846306434,0.0028074794189,0.0463790639384,0.0694156099438,0.0000003620785,15.1439384097487
90148,3.6500626652760,0.0028159416063,0.0463123437676,0.0693950971546,0.0000003620785,15.1439384097487
90208,3.6499818957012,0.0028327117225,0.0462804818052,0.0693897621909,0.0000003620785,15.1439384097487
90214,3.6499881184961,0.0028627756266,0.0461532243051,0.0693572856662,0.0000003620785,15.1439384097487
90255,3.6499875029425,0.0029096096468,0.0460916710696,0.0693553653807,0.0000003620785,15.1439384097487
90422,3.6499640992254,0.0028381768852,0.0460296638616,0.0693022747476,0.0000003477402,15.1439384097487
90429,3.6498747497422,0.0027919764272,0.0460585556705,0.0692915287652,0.0000003477402,15.1439384097487
90479,3.6498456327177,0.0028388104474,0.0459905584900,0.0692869037769,0.0000003407854,15.1439384097487
90560,3.6499124558645,0.0027954197000,0.0460129987640,0.0692772676690,0.0000003407854,15.1439384097487
90642,3.6498796966743,0.0027954197000,0.0460014786643,0.0692726898073,0.0000003339697,15.1439384097487
90787,3.6499023841815,0.0028398902578,0.0459393101764,0.0692698666131,0.0000003272903,15.1439384097487
90879,3.6499411822567,0.0028867242780,0.0458710922744,0.0692661237898,0.0000003272903,15.1439384097487
91014,3.6499028949835,0.0028392566956,0.0458023895789,0.0692207021008,0.0000003207445,15.1439384097487
91174,3.6499285016933,0.0027924226753,0.0458133815345,0.0692049184095,0.0000003080430,15.1439384097487
91192,3.6499212321578,0.0028392566956,0.0457332020898,0.0691962517531,0.0000003080430,15.1439384097487
91332,3.6499279758040,0.0028627590988,0.0456696846213,0.0691837348236,0.0000003018821,15.1439384097487
91427,3.6499972468899,0.0028651225613,0.0456320018985,0.0691722698020,0.0000003018821,15.1439384097487
91449,3.6498975340443,0.0029119565816,0.0455715639447,0.0691693456114,0.0000003018821,15.1439384097487
91460,3.6498686406117,0.0028718548485,0.0455884391927,0.0691577771885,0.0000003018821,15.1439384097487
91463,3.6497751032259,0.0027969788140,0.0456326682034,0.0691401599870,0.0000002958445,15.1439384097487
91546,3.6498994617833,0.0028438128342,0.0455411253139,0.0691292974861,0.0000002958445,15.1439384097487
91580,3.6498619305462,0.0028690451378,0.0454362075004,0.0691021096183,0.0000002899276,15.1439384097487
91659,3.6498659736145,0.0029158791580,0.0453720461593,0.0690993237857,0.0000002841290,15.1439384097487
91663,3.6498847028776,0.0028906468545,0.0452967663278,0.0690618893050,0.0000002841290,15.1439384097487
91808,3.6498122450857,0.0028790499114,0.0453112227023,0.0690610569046,0.0000002784465,15.1439384097487
91982,3.6497230565375,0.0029028608320,0.0452610453038,0.0690520790733,0.0000002728775,15.1439384097487
91998,3.6496487658459,0.0028560268117,0.0452105853735,0.0690129347384,0.0000002728775,15.1439384097487
92027,3.6496431804351,0.0028560268117,0.0452000687329,0.0690090997622,0.0000002728775,15.1439384097487
92046,3.6495948111989,0.0028091927915,0.0452198341203,0.0689954026847,0.0000002728775,15.1439384097487
92118,3.6496236570146,0.0028080964534,0.0451965163758,0.0689870132260,0.0000002674200,15.1439384097487
92583,3.6496090168793,0.0027636258957,0.0452503753767,0.0689869826160,0.0000002516935,15.1439384097487
92669,3.6496000679086,0.0027636258957,0.0452384579957,0.0689825997812,0.0000002466597,15.1439384097487
92803,3.6495936981422,0.0028104599159,0.0451574651887,0.0689736553699,0.0000002417265,15.1439384097487
92824,3.6496151644360,0.0028572939362,0.0450761354654,0.0689649845097,0.0000002368919,15.1439384097487
92829,3.6495784804869,0.0028721633657,0.0450180541640,0.0689500947250,0.0000002368919,15.1439384097487
92846,3.6495722827167,0.0028253293455,0.0450663448312,0.0689471819709,0.0000002368919,15.1439384097487
92980,3.6495747084991,0.0028716840621,0.0449675573144,0.0689318013467,0.0000002368919,15.1439384097487
93054,3.6495936545760,0.0028740475246,0.0449546893236,0.0689284866339,0.0000002321541,15.1439384097487
93140,3.6496610599347,0.0029208815448,0.0448749173037,0.0689210221311,0.0000002321541,15.1439384097487
93152,3.6496243969682,0.0028796834736,0.0448896421770,0.0689081059196,0.0000002321541,15.1439384097487
93159,3.6496057669143,0.0028773200111,0.0448764291237,0.0689021104455,0.0000002321541,15.1439384097487
93186,3.6495448522899,0.0029014559766,0.0448147977412,0.0688895812848,0.0000002275110,15.1439384097487
93304,3.6496150233923,0.0028546219564,0.0448395240569,0.0688793333053,0.0000002275110,15.1439384097487
93364,3.6496688951210,0.0027518581663,0.0448975447299,0.0688567756313,0.0000002185016,15.1439384097487
93365,3.6496314356387,0.0027590697570,0.0448771910165,0.0688520670805,0.0000002185016,15.1439384097487
93371,3.6495089915504,0.0027763026491,0.0448395240569,0.0688442675444,0.0000002185016,15.1439384097487
93384,3.6496830826908,0.0027986921866,0.0447634532967,0.0688291583098,0.0000002185016,15.1439384097487
93483,3.6496112571909,0.0027542216288,0.0448016567377,0.0688227272594,0.0000002185016,15.1439384097487
93605,3.6496771645106,0.0027766276940,0.0447500297615,0.0688148242372,0.0000002141316,15.1439384097487
93654,3.6496335797245,0.0028026312907,0.0446981202536,0.0688068128040,0.0000002141316,15.1439384097487
93718,3.6497334349975,0.0028181342825,0.0446739220820,0.0688062276846,0.0000002098489,15.1439384097487
93723,3.6498360325541,0.0027713002623,0.0446774725003,0.0687888757167,0.0000002098489,15.1439384097487
94179,3.6499082521903,0.0027713002623,0.0445976081823,0.0687613746490,0.0000001975081,15.1439384097487
94205,3.6499340791672,0.0028009013904,0.0445154884321,0.0687450978146,0.0000001935580,15.1439384097487
94240,3.6498487174612,0.0028461597690,0.0444635420050,0.0687447341047,0.0000001935580,15.1439384097487
94298,3.6498158481403,0.0028461597690,0.0444535323621,0.0687406941336,0.0000001935580,15.1439384097487
94414,3.6498642488500,0.0028477354107,0.0444330317658,0.0687347326338,0.0000001896868,15.1439384097487
94639,3.6498923749954,0.0028828182293,0.0443807562990,0.0687314963011,0.0000001821752,15.1439384097487
94716,3.6498352640395,0.0029296522495,0.0443042408156,0.0687234329494,0.0000001785317,15.1439384097487
94756,3.6498015778142,0.0029764862697,0.0442454163591,0.0687220192801,0.0000001785317,15.1439384097487
94761,3.6496953018706,0.0029125901438,0.0442595602593,0.0686981828216,0.0000001785317,15.1439384097487
95122,3.6497585491340,0.0028433500583,0.0443316321098,0.0686951433904,0.0000001680326,15.1439384097487
95207,3.6496155058822,0.0028601201745,0.0443020737682,0.0686897499800,0.0000001646720,15.1439384097487
95208,3.6495209395312,0.0028901840786,0.0442385997602,0.0686786271142,0.0000001646720,15.1439384097487
95244,3.6494871381005,0.0028433500583,0.0442530614388,0.0686632419885,0.0000001646720,15.1439384097487
95247,3.6495261768047,0.0028901840786,0.0441799522507,0.0686577556822,0.0000001646720,15.1439384097487
95324,3.6495446303372,0.0028901840786,0.0441658448901,0.0686529784554,0.0000001646720,15.1439384097487
95385,3.6495700842995,0.0028616792885,0.0441965154669,0.0686520760661,0.0000001613785,15.1439384097487
95411,3.6494933672242,0.0029053785531,0.0441437768237,0.0686508835511,0.0000001613785,15.1439384097487
95528,3.6494926583328,0.0029354424571,0.0440986538239,0.0686476426936,0.0000001613785,15.1439384097487
95842,3.6494152337615,0.0029354424571,0.0440845099237,0.0686414957482,0.0000001518882,15.1439384097487
95857,3.6493639000819,0.0029354424571,0.0440761679083,0.0686377900888,0.0000001518882,15.1439384097487
95922,3.6494225036400,0.0028901840786,0.0441140280756,0.0686327443656,0.0000001488504,15.1439384097487
96005,3.6494508120457,0.0028901840786,0.0440896187934,0.0686244273269,0.0000001458734,15.1439384097487
96118,3.6494917018540,0.0029370180988,0.0440151892452,0.0686184956564,0.0000001429559,15.1439384097487
96214,3.6495421466834,0.0028721633657,0.0440571582963,0.0686064035085,0.0000001429559,15.1439384097487
96229,3.6495602673477,0.0028364469849,0.0440863427718,0.0686017759213,0.0000001400968,15.1439384097487
96231,3.6494299952061,0.0027878995921,0.0441197900315,0.0685910720037,0.0000001400968,15.1439384097487
96355,3.6494674320333,0.0028347336123,0.0440446116177,0.0685848240217,0.0000001400968,15.1439384097487
96463,3.6494896472206,0.0028815676326,0.0439628249456,0.0685760005624,0.0000001372949,15.1439384097487
96644,3.6495692325387,0.0029284016528,0.0438683626079,0.0685634618630,0.0000001345490,15.1439384097487
96872,3.6495399322098,0.0028621585921,0.0438942234019,0.0685438933800,0.0000001292208,15.1439384097487
97051,3.6495216150392,0.0029257462008,0.0438185601945,0.0685438634515,0.0000001266364,15.1439384097487
97097,3.6496826346842,0.0029257462008,0.0437937705348,0.0685372884188,0.0000001216216,15.1439384097487
97130,3.6497624366597,0.0028098263537,0.0438610836405,0.0685127780719,0.0000001216216,15.1439384097487
97152,3.6497584435164,0.0028107684332,0.0437394474594,0.0684696838243,0.0000001216216,15.1439384097487
97199,3.6496621831676,0.0028576024534,0.0436772405405,0.0684661767130,0.0000001216216,15.1439384097487
97404,3.6496572356183,0.0028807798117,0.0436391814731,0.0684624473350,0.0000001191892,15.1439384097487
97425,3.6496580662485,0.0028339457915,0.0436809611122,0.0684573086651,0.0000001168054,15.1439384097487
97665,3.6496689676819,0.0027871117713,0.0437064554419,0.0684464963144,0.0000001121799,15.1439384097487
97848,3.6496051639117,0.0028084049707,0.0436427216044,0.0684319570674,0.0000001099363,15.1439384097487
97979,3.6496177902414,0.0028525835389,0.0435731215371,0.0684262122343,0.0000001077376,15.1439384097487
98057,3.6496123502241,0.0028525835389,0.0435554272186,0.0684198158590,0.0000001077376,15.1439384097487
98084,3.6496433084941,0.0028810883290,0.0434787510736,0.0684050859175,0.0000001077376,15.1439384097487
98085,3.6496612521714,0.0028810883290,0.0434698003413,0.0684021431293,0.0000001077376,15.1439384097487
98107,3.6496113939426,0.0029279223492,0.0434148752834,0.0684018932695,0.0000001055828,15.1439384097487
98184,3.6496179152499,0.0029279223492,0.0434075380436,0.0683993651028,0.0000001055828,15.1439384097487
98606,3.6495585277229,0.0029747563694,0.0433525945260,0.0683989738113,0.0000000973862,15.1439384097487
98770,3.6494884337835,0.0028864157608,0.0432973684767,0.0683403981369,0.0000000973862,15.1439384097487
98854,3.6495287914916,0.0029116480643,0.0432370577102,0.0683302434807,0.0000000954385,15.1439384097487
