0,3.12456,0.555358,0.320124,0.396553,100000.000000
1,3.1244761331048,0.5553584234398,0.3200866964847,0.3965385582514,100000.0000000000000,15.1439384097487
2,3.1245276264041,0.5552407902202,0.3199026307777,0.3964231348886,100000.0000000000000,15.1439384097487
3,3.1245802213140,0.5551231570006,0.3199521201584,0.3963911396449,100000.0000000000000,15.1439384097487
4,3.1246472236882,0.5551231570006,0.3199032195882,0.3963746232347,100000.0000000000000,15.1439384097487
5,3.1247666361723,0.5551231570006,0.3198893410635,0.3963713562973,100000.0000000000000,15.1439384097487
6,3.1247281408305,0.5551231570006,0.3197858197424,0.3963338396904,100000.0000000000000,15.1439384097487
7,3.1247812901354,0.5550055237810,0.3197209493253,0.3962610095064,100000.0000000000000,15.1439384097487
8,3.1247385567685,0.5550055237810,0.3196975379830,0.3962520436385,100000.0000000000000,15.1439384097487
9,3.1247667167008,0.5548878905614,0.3196390207183,0.3961811288395,100000.0000000000000,15.1439384097487
10,3.1247673694312,0.5548878905614,0.3193724709095,0.3960859417154,100000.0000000000000,15.1439384097487
11,3.1247592267984,0.5547702573417,0.3193288397515,0.3960198297042,100000.0000000000000,15.1439384097487
12,3.1246761475882,0.5547702573417,0.3193101924969,0.3960119944052,100000.0000000000000,15.1439384097487
13,3.1246797379804,0.5547702573417,0.3192953903690,0.3960067587348,100000.0000000000000,15.1439384097487
14,3.1246747435894,0.5547702573417,0.3192254130055,0.3959816961489,100000.0000000000000,15.1439384097487
15,3.1245632203886,0.5546526241221,0.3191786344156,0.3959129972269,100000.0000000000000,15.1439384097487
16,3.1247559859147,0.5546057901019,0.3191225359817,0.3958756179682,100000.0000000000000,15.1439384097487
17,3.1248904307852,0.5546057901019,0.3189867175670,0.3958290137775,100000.0000000000000,15.1439384097487
18,3.1249249016372,0.5546057901019,0.3189007222688,0.3957987889312,100000.0000000000000,15.1439384097487
19,3.1248867529633,0.5546057901019,0.3187953003092,0.3957605984302,100000.0000000000000,15.1439384097487
20,3.1249829385100,0.5545589560816,0.3187310579995,0.3957189440442,100000.0000000000000,15.1439384097487
21,3.1248958003852,0.5546057901019,0.3184435634094,0.3956351061292,100000.0000000000000,15.1439384097487
22,3.1249172986061,0.5546057901019,0.3184403902900,0.3956342770707,100000.0000000000000,15.1439384097487
23,3.1249464592427,0.5545589560816,0.3184397298357,0.3956143820923,100000.0000000000000,15.1439384097487
24,3.1248782638047,0.5545589560816,0.3182747161288,0.3955544836646,100000.0000000000000,15.1439384097487
25,3.1249952464958,0.5545589560816,0.3182478922291,0.3955465589977,100000.0000000000000,15.1439384097487
26,3.1251255342458,0.5545589560816,0.3179475759414,0.3954411467436,100000.0000000000000,15.1439384097487
27,3.1252156120898,0.5544413228620,0.3179574506738,0.3953955337922,100000.0000000000000,15.1439384097487
28,3.1252180865162,0.5543236896424,0.3178973621066,0.3953236943656,100000.0000000000000,15.1439384097487
29,3.1252826143047,0.5542060564228,0.3177999541355,0.3952394046314,100000.0000000000000,15.1439384097487
30,3.1252277838859,0.5542060564228,0.3175729928800,0.3951575711934,100000.0000000000000,15.1439384097487
31,3.1252275592924,0.5542060564228,0.3175231411487,0.3951397638257,100000.0000000000000,15.1439384097487
32,3.1253487304436,0.5542060564228,0.3173514940481,0.3950801758534,100000.0000000000000,15.1439384097487
33,3.1253726746124,0.5542060564228,0.3172489706272,0.3950438991543,100000.0000000000000,15.1439384097487
34,3.1253432723429,0.5542060564228,0.3171539672244,0.3950095533275,100000.0000000000000,15.1439384097487
35,3.1254285354459,0.5540884232032,0.3171011158252,0.3949414700580,100000.0000000000000,15.1439384097487
36,3.1254237805281,0.5539707899835,0.3171164575122,0.3948964677132,100000.0000000000000,15.1439384097487
37,3.1254567860156,0.5538531567639,0.3170251859816,0.3948139235264,100000.0000000000000,15.1439384097487
38,3.1254670539336,0.5538063227437,0.3169396948973,0.3947634645637,100000.0000000000000,15.1439384097487
39,3.1255059200741,0.5536886895241,0.3169114189043,0.3947035017111,100000.0000000000000,15.1439384097487
40,3.1253863358024,0.5535710563044,0.3166235011066,0.3945485675798,100000.0000000000000,15.1439384097487
41,3.1254444036250,0.5535710563044,0.3166195331745,0.3945479721170,100000.0000000000000,15.1439384097487
42,3.1254633854577,0.5535242222842,0.3166129307640,0.3945258109819,100000.0000000000000,15.1439384097487
43,3.1254254983269,0.5535242222842,0.3164859044132,0.3944799083277,100000.0000000000000,15.1439384097487
44,3.1255709678527,0.5535242222842,0.3164184780289,0.3944578858602,100000.0000000000000,15.1439384097487
45,3.1255529440038,0.5534773882640,0.3164107823498,0.3944348106442,100000.0000000000000,15.1439384097487
46,3.1255334594702,0.5534305542437,0.3164023942471,0.3944114674654,100000.0000000000000,15.1439384097487
47,3.1255874798486,0.5534305542437,0.3160408696567,0.3942831159250,100000.0000000000000,15.1439384097487
48,3.1254943911483,0.5533129210241,0.3155139839395,0.3940432110187,100000.0000000000000,15.1439384097487
49,3.1254820754556,0.5533129210241,0.3155088747042,0.3940412120256,100000.0000000000000,15.1439384097487
50,3.1255029764346,0.5533129210241,0.3154451319948,0.3940187425197,100000.0000000000000,15.1439384097487
51,3.1255837126402,0.5533129210241,0.3154193487282,0.3940106766221,100000.0000000000000,15.1439384097487
52,3.1255945942178,0.5533129210241,0.3153074784928,0.3939708769402,100000.0000000000000,15.1439384097487
53,3.1256554008474,0.5531952878045,0.3148143812701,0.3937452169620,100000.0000000000000,15.1439384097487
54,3.1257292955621,0.5531952878045,0.3146901861183,0.3937019071559,100000.0000000000000,15.1439384097487
55,3.1257571824202,0.5531952878045,0.3145686508103,0.3936588962859,100000.0000000000000,15.1439384097487
56,3.1255466093667,0.5531952878045,0.3143796256090,0.3935884076909,100000.0000000000000,15.1439384097487
14757,3.3900565706952,0.1586432605795,0.6695526523148,0.3550849895132,534.0151822483314,15.1439384097487
14759,3.3902376387224,0.1586647080376,0.6694249703560,0.3550511426819,534.0151822483314,15.1439384097487
14760,3.3903801971400,0.1586178740173,0.6693573812448,0.3550089491827,534.0151822483314,15.1439384097487
14761,3.3904113176904,0.1585002407977,0.6694189667192,0.3549809701117,534.0151822483314,15.1439384097487
14762,3.3903882252551,0.1585002407977,0.6693346738072,0.3549505387439,534.0151822483314,15.1439384097487
14763,3.3905571292096,0.1584419806208,0.6693817741327,0.3549447816211,534.0151822483314,15.1439384097487
14764,3.3906389659664,0.1584419806208,0.6691972637477,0.3548800430396,534.0151822483314,15.1439384097487
14765,3.3906189139704,0.1584419806208,0.6690370471679,0.3548225390982,534.0151822483314,15.1439384097487
15518,3.4011497394320,0.1450928634716,0.6679046715648,0.3488460795081,402.4562387267059,15.1439384097487
15520,3.4011334110812,0.1450460294513,0.6675681776295,0.3487056003346,402.4562387267059,15.1439384097487
15521,3.4012974399873,0.1450311600218,0.6675488116087,0.3486946322840,402.4562387267059,15.1439384097487
15527,3.4010596116621,0.1448513440488,0.6677507913349,0.3486863386572,402.4562387267059,15.1439384097487
15529,3.4012796711259,0.1447337108292,0.6678329968840,0.3486683973716,402.4562387267059,15.1439384097487
15545,3.4017121635206,0.1443872184125,0.6682092435400,0.3486603941657,402.4562387267059,15.1439384097487
15546,3.4017939941269,0.1443872184125,0.6679474636677,0.3485680592517,402.4562387267059,15.1439384097487
15548,3.4016493026085,0.1443045137528,0.6674147665433,0.3483403180493,402.4562387267059,15.1439384097487
15549,3.4017268479717,0.1442576797326,0.6674597623913,0.3483374135337,402.4562387267059,15.1439384097487
15551,3.4017722896351,0.1441251770834,0.6674030400209,0.3482610116912,402.4562387267059,15.1439384097487
15552,3.4019207513110,0.1440783430632,0.6671942615423,0.3481684769486,402.4562387267059,15.1439384097487
15554,3.4020029634152,0.1440315090429,0.6672134246828,0.3481564125002,402.4562387267059,15.1439384097487
15559,3.4020967116107,0.1440315090429,0.6669473374244,0.3480627078672,394.4071139521718,15.1439384097487
15560,3.4021418857438,0.1439846750227,0.6669454600470,0.3480426048632,394.4071139521718,15.1439384097487
15561,3.4021728013160,0.1439846750227,0.6669324808889,0.3480384069029,394.4071139521718,15.1439384097487
15569,3.4019024173301,0.1438281741389,0.6670258441769,0.3480008532117,394.4071139521718,15.1439384097487
15570,3.4018432122555,0.1437105409193,0.6671239330137,0.3479846329543,394.4071139521718,15.1439384097487
15572,3.4017060677514,0.1437105409193,0.6668653405323,0.3478903379111,394.4071139521718,15.1439384097487
15573,3.4016756106891,0.1437105409193,0.6667229876296,0.3478390666234,394.4071139521718,15.1439384097487
15574,3.4016827841607,0.1436637068991,0.6667366738342,0.3478239843348,394.4071139521718,15.1439384097487
15575,3.4017351925191,0.1436637068991,0.6667198256317,0.3478187086944,394.4071139521718,15.1439384097487
15576,3.4017555267001,0.1437105409193,0.6663961058341,0.3477234539312,394.4071139521718,15.1439384097487
15577,3.4018027771013,0.1435929076997,0.6665267680051,0.3477203733453,394.4071139521718,15.1439384097487
15578,3.4016983552699,0.1435929076997,0.6665162015495,0.3477151220492,394.4071139521718,15.1439384097487
15580,3.4016156888585,0.1435929076997,0.6665111178731,0.3477121367263,394.4071139521718,15.1439384097487
15603,3.4015823514729,0.1429128199891,0.6672425170264,0.3476814128262,394.4071139521718,15.1439384097487
15607,3.4015212534209,0.1428659859689,0.6672869226246,0.3476763357121,394.4071139521718,15.1439384097487
15609,3.4015971385993,0.1428310574089,0.6672611693287,0.3476532424938,394.4071139521718,15.1439384097487
15610,3.4014711265446,0.1429486906286,0.6670506811059,0.3476266993033,394.4071139521718,15.1439384097487
15611,3.4014832953510,0.1429486906286,0.6669763459798,0.3476003232318,394.4071139521718,15.1439384097487
15612,3.4016482757762,0.1429486906286,0.6668160161298,0.3475453970331,394.4071139521718,15.1439384097487
15613,3.4017955640518,0.1428310574089,0.6668110126655,0.3474952799638,394.4071139521718,15.1439384097487
15641,3.4025203239357,0.1420975080665,0.5653380819683,0.3109508245861,378.7885922396657,15.1439384097487
15642,3.4026150833099,0.1420506740463,0.5653599326955,0.3109398975331,378.7885922396657,15.1439384097487
15643,3.4026089363374,0.1420975080665,0.5652344782516,0.3109150771183,378.7885922396657,15.1439384097487
15646,3.4025864521100,0.1419596779856,0.5651008080439,0.3108079495734,378.7885922396657,15.1439384097487
15647,3.4027091909476,0.1419596779856,0.5650733220374,0.3107998698888,378.7885922396657,15.1439384097487
15648,3.4026533807875,0.1419596779856,0.5646664907997,0.3106537833082,378.7885922396657,15.1439384097487
15658,3.4027878070004,0.1416420319316,0.5650386654596,0.3106524709284,378.7885922396657,15.1439384097487
15659,3.4027675985262,0.1416420319316,0.5648312302012,0.3105781009590,378.7885922396657,15.1439384097487
15661,3.4027515611313,0.1415712327322,0.5635086840658,0.3100751936114,378.7885922396657,15.1439384097487
15662,3.4027272998751,0.1415712327322,0.5634793567826,0.3100643762865,378.7885922396657,15.1439384097487
15663,3.4028855537729,0.1415712327322,0.5633442634636,0.3100183679546,378.7885922396657,15.1439384097487
15667,3.4028341784058,0.1415243987120,0.5633039925046,0.3099831867883,378.7885922396657,15.1439384097487
15668,3.4027456087260,0.1415243987120,0.5632075173664,0.3099474781268,378.7885922396657,15.1439384097487
15669,3.4027484278024,0.1414368293964,0.5632760733438,0.3099344725875,378.7885922396657,15.1439384097487
15670,3.4028530054693,0.1414025178710,0.5617439482293,0.3093740598741,378.7885922396657,15.1439384097487
15671,3.4029353301079,0.1412848846514,0.5618774077541,0.3093724746412,378.7885922396657,15.1439384097487
15672,3.4030566949062,0.1412848846514,0.5617986574056,0.3093460668205,378.7885922396657,15.1439384097487
15673,3.4028634242753,0.1412015629572,0.5618693727561,0.3093328782389,378.7885922396657,15.1439384097487
15675,3.4030238864862,0.1411547289370,0.5616979415745,0.3092538516235,378.7885922396657,15.1439384097487
15676,3.4029177044606,0.1411547289370,0.5616593402129,0.3092385629543,378.7885922396657,15.1439384097487
15677,3.4028742085842,0.1411547289370,0.5616269577896,0.3092263823394,378.7885922396657,15.1439384097487
15678,3.4028582907471,0.1411547289370,0.5616248243596,0.3092253951638,378.7885922396657,15.1439384097487
15679,3.4027471130198,0.1412383591484,0.5614425272540,0.3091945574165,378.7885922396657,15.1439384097487
15680,3.4027809225355,0.1412383591484,0.5613810514859,0.3091730801874,378.7885922396657,15.1439384097487
15683,3.4026943844522,0.1411915251281,0.5612259173608,0.3090963789117,378.7885922396657,15.1439384097487
15686,3.4026327947452,0.1411915251281,0.5608404290046,0.3089578330085,378.7885922396657,15.1439384097487
15720,3.4031843881913,0.1403992528329,0.5617001198940,0.3089331252100,378.7885922396657,15.1439384097487
15721,3.4033531355966,0.1403992528329,0.5616592582200,0.3089209195194,378.7885922396657,15.1439384097487
15762,3.4050740531232,0.1397195948428,0.5623337770316,0.3088948879670,371.2128203948724,15.1439384097487
15763,3.4051306582930,0.1398182652701,0.5621315181105,0.3088657409233,371.2128203948724,15.1439384097487
15764,3.4050747128468,0.1398182652701,0.5620853859866,0.3088484735405,371.2128203948724,15.1439384097487
15765,3.4053386534718,0.1398182652701,0.5619953512873,0.3088200530329,371.2128203948724,15.1439384097487
15766,3.4053279420085,0.1398182652701,0.5619499219822,0.3088036767146,371.2128203948724,15.1439384097487
15777,3.4056540771492,0.1398228048810,0.5618034548496,0.3087579273623,371.2128203948724,15.1439384097487
15778,3.4058925873414,0.1397759708608,0.5615956170480,0.3086670027563,371.2128203948724,15.1439384097487
15780,3.4059440285079,0.1396583376412,0.5615818267764,0.3086123913114,371.2128203948724,15.1439384097487
15781,3.4059982872465,0.1396115036210,0.5615456828722,0.3085801788088,371.2128203948724,15.1439384097487
15783,3.4060062008255,0.1396115036210,0.5615372424290,0.3085772763414,371.2128203948724,15.1439384097487
15788,3.4062297912169,0.1395786134785,0.5614666295969,0.3085411254865,371.2128203948724,15.1439384097487
15805,3.4060614747259,0.1394260516989,0.5616107744418,0.3085248405014,371.2128203948724,15.1439384097487
15806,3.4061023197268,0.1393792176787,0.5616089509943,0.3085046955012,371.2128203948724,15.1439384097487
15813,3.4063406688277,0.1392374650213,0.5613065827397,0.3083393283238,356.5127927072354,15.1439384097487
15817,3.4064285285878,0.1392374650213,0.5612833556502,0.3083322761444,356.5127927072354,15.1439384097487
15830,3.4068401639180,0.1388994678474,0.5615857940699,0.3083012585464,356.5127927072354,15.1439384097487
15831,3.4068738006614,0.1388994678474,0.5614596657909,0.3082566886901,356.5127927072354,15.1439384097487
15833,3.4068065169710,0.1389115275663,0.4683350689856,0.2750021205080,356.5127927072354,15.1439384097487
15834,3.4066758197510,0.1389115275663,0.4679067535924,0.2748473013678,356.5127927072354,15.1439384097487
15842,3.4063030156109,0.1388419789636,0.3861410638732,0.2456101876276,356.5127927072354,15.1439384097487
15843,3.4062758077970,0.1388419789636,0.3856555948298,0.2454364208377,356.5127927072354,15.1439384097487
15844,3.4062214339679,0.1388888129839,0.3855962133101,0.2454345154890,356.5127927072354,15.1439384097487
15846,3.4061770175054,0.1388888129839,0.3852850668891,0.2453227632772,356.5127927072354,15.1439384097487
15847,3.4062155542365,0.1388419789636,0.3853277636386,0.2453184856856,356.5127927072354,15.1439384097487
15850,3.4063159782284,0.1387085342350,0.3840762950742,0.2448157630216,356.5127927072354,15.1439384097487
15853,3.4063815763757,0.1386172131293,0.3841586635956,0.2448069709434,356.5127927072354,15.1439384097487
15854,3.4063517267150,0.1386172131293,0.3841534598135,0.2448046900791,356.5127927072354,15.1439384097487
15855,3.4063037036698,0.1386172131293,0.3839181322368,0.2447199649931,356.5127927072354,15.1439384097487
15856,3.4061941970292,0.1385703791091,0.3839577605660,0.2447124967332,356.5127927072354,15.1439384097487
15857,3.4061520876476,0.1385235450888,0.3839441864415,0.2446869812637,356.5127927072354,15.1439384097487
15860,3.4061160670401,0.1383122438288,0.3840790340637,0.2446440737567,356.5127927072354,15.1439384097487
15861,3.4059650515060,0.1383122438288,0.3839838071296,0.2446079272777,356.5127927072354,15.1439384097487
15862,3.4060303699886,0.1382654098085,0.3838376507786,0.2445365811101,356.5127927072354,15.1439384097487
15867,3.4061639446743,0.1383122438288,0.3836873329140,0.2445048579543,356.5127927072354,15.1439384097487
15869,3.4062918639301,0.1382654098085,0.3836633484916,0.2444780304151,356.5127927072354,15.1439384097487
15870,3.4063887154545,0.1382654098085,0.3833602227993,0.2443711416819,356.5127927072354,15.1439384097487
15871,3.4064474404387,0.1382320403625,0.3833378167553,0.2443496692867,356.5127927072354,15.1439384097487
15872,3.4064578234291,0.1381837849592,0.3833753852184,0.2443425526265,356.5127927072354,15.1439384097487
15873,3.4064645688511,0.1381837849592,0.3833091426282,0.2443189900058,356.5127927072354,15.1439384097487
15874,3.4063985572767,0.1381369509390,0.3833188957163,0.2443014674692,356.5127927072354,15.1439384097487
15877,3.4064792971481,0.1379994293753,0.3834612226717,0.2442945031755,356.5127927072354,15.1439384097487
15918,3.4066265729929,0.1370942012023,0.3845415556510,0.2442944653945,349.3825368530907,15.1439384097487
15924,3.4066899243827,0.1369992825652,0.3843297826146,0.2441790491692,349.3825368530907,15.1439384097487
15925,3.4067717313379,0.1369663924227,0.3836837677348,0.2439353913569,349.3825368530907,15.1439384097487
15926,3.4068269221023,0.1369363285187,0.3836352690214,0.2439059668031,349.3825368530907,15.1439384097487
15927,3.4067842663188,0.1369363285187,0.3834011393426,0.2438217454842,349.3825368530907,15.1439384097487
15928,3.4068659779919,0.1369363285187,0.3833848885120,0.2438170978308,349.3825368530907,15.1439384097487
15969,3.4069411189595,0.1361586336635,0.3843131852857,0.2438163978374,349.3825368530907,15.1439384097487
15971,3.4070568391545,0.1361117996433,0.3841821638985,0.2437511701949,349.3825368530907,15.1439384097487
15973,3.4072992456919,0.1360315961770,0.3840566450398,0.2436753991532,349.3825368530907,15.1439384097487
15974,3.4072508963716,0.1360315961770,0.3840053750511,0.2436564043033,349.3825368530907,15.1439384097487
15975,3.4071545268931,0.1359473324034,0.3840724500498,0.2436428829925,349.3825368530907,15.1439384097487
15977,3.4071874159965,0.1359473324034,0.3839904186048,0.2436140514265,349.3825368530907,15.1439384097487
15985,3.4070881141597,0.1357839615016,0.3841320742113,0.2435932214994,335.5469883937083,15.1439384097487
33775,3.5778138406615,0.0057760434064,0.4491338448435,0.2135062179950,0.6018871023087,15.1439384097487
33796,3.5782195459293,0.0054740380752,0.4489709388625,0.2133243471336,0.6018871023087,15.1439384097487
33802,3.5783772603912,0.0055819750384,0.4486870074085,0.2132714333905,0.6018871023087,15.1439384097487
33804,3.5784733376573,0.0055705323540,0.4486866672382,0.2132677673803,0.6018871023087,15.1439384097487
33805,3.5784864121242,0.0055705323540,0.4486276700839,0.2132468819709,0.6018871023087,15.1439384097487
33807,3.5783381708530,0.0055705323540,0.4485865920291,0.2132301136330,0.6018871023087,15.1439384097487
33809,3.5784764286884,0.0055236983338,0.3651175991367,0.1834016436447,0.6018871023087,15.1439384097487
33813,3.5784893428499,0.0056173663742,0.3650037868779,0.1834013225899,0.6018871023087,15.1439384097487
33815,3.5786169229481,0.0055743006718,0.3649476691312,0.1833646290577,0.6018871023087,15.1439384097487
33816,3.5786031676721,0.0055990371441,0.3649158047764,0.1833636556401,0.6018871023087,15.1439384097487
33817,3.5786622099680,0.0055045812828,0.3650188168795,0.1833608000380,0.6018871023087,15.1439384097487
33819,3.5786310830903,0.0055020800894,0.3648832956805,0.1833108872265,0.6018871023087,15.1439384097487
33820,3.5784664953862,0.0055489141096,0.3648259093243,0.1833081349172,0.6018871023087,15.1439384097487
33821,3.5785561729206,0.0055489141096,0.3647980338073,0.1832994483066,0.6018871023087,15.1439384097487
33822,3.5785755784518,0.0055489141096,0.3646621616043,0.1832511971068,0.6018871023087,15.1439384097487
33826,3.5785561714390,0.0055459336126,0.3645035809985,0.1831930092123,0.6018871023087,15.1439384097487
34255,3.5784224982950,0.0050877524426,0.3634311242256,0.1826117341117,0.5120632904132,15.1439384097487
34258,3.5783536676880,0.0050877524426,0.3633724598882,0.1825898086141,0.5120632904132,15.1439384097487
34306,3.5796025441825,0.0046902114397,0.3636765669374,0.1825457150778,0.5018220246049,15.1439384097487
34307,3.5796227523147,0.0047237351443,0.3636265203771,0.1825424945519,0.5018220246049,15.1439384097487
34616,3.5798614821360,0.0046613816046,0.3635479521110,0.1824910895223,0.4445352170460,15.1439384097487
35098,3.5814741959496,0.0033313747630,0.3638157604321,0.1820395522116,0.3781941248981,15.1439384097487
35099,3.5814262632757,0.0033249509931,0.2910187959307,0.1560372050299,0.3781941248981,15.1439384097487
35102,3.5812132904858,0.0033249509931,0.2908747060877,0.1559827308210,0.3781941248981,15.1439384097487
35103,3.5811764044914,0.0033249509931,0.2908577444636,0.1559761511637,0.3781941248981,15.1439384097487
35194,3.5813739867420,0.0031140078334,0.2321749567881,0.1349304042725,0.3559532848011,15.1439384097487
35204,3.5814232672392,0.0032626470366,0.2319230736093,0.1349048458257,0.3559532848011,15.1439384097487
35205,3.5814471004089,0.0033094810568,0.2318594002631,0.1349025143056,0.3559532848011,15.1439384097487
35208,3.5814470115010,0.0032626470366,0.2318587030007,0.1348821923024,0.3559532848011,15.1439384097487
35210,3.5814462682016,0.0032909975680,0.2302927180733,0.1343350516813,0.3559532848011,15.1439384097487
35213,3.5817717103540,0.0032891299368,0.2297324887715,0.1341387743591,0.3559532848011,15.1439384097487
41891,3.6094532529443,0.0039189568820,0.2190143238736,0.1309724761316,0.0334845032959,15.1439384097487
41892,3.6092993072653,0.0039455940409,0.2189581425508,0.1309616489776,0.0334845032959,15.1439384097487
41894,3.6092284201525,0.0038581955117,0.2190049968229,0.1309399230858,0.0334845032959,15.1439384097487
41895,3.6092189927450,0.0039665787231,0.2188614674763,0.1309349791554,0.0334845032959,15.1439384097487
41896,3.6092300489019,0.0039665787231,0.1667507961658,0.1123241815598,0.0334845032959,15.1439384097487
41900,3.6090714170040,0.0040350144600,0.1654915604447,0.1119015394874,0.0334845032959,15.1439384097487
41901,3.6090098486460,0.0040350144600,0.1654540555864,0.1118872737070,0.0334845032959,15.1439384097487
41902,3.6088929447506,0.0040350144600,0.1652593895158,0.1118160959280,0.0334845032959,15.1439384097487
41906,3.6089337307355,0.0039711183340,0.1239033644148,0.0970192800284,0.0334845032959,15.1439384097487
43244,3.6162282533797,0.0038944958716,0.1224152245344,0.0965581803084,0.0206190987074,15.1439384097487
43245,3.6162256146745,0.0039190946129,0.1223329451033,0.0965392997775,0.0206190987074,15.1439384097487
43247,3.6161997075918,0.0039784676556,0.1222155993818,0.0965224695975,0.0206190987074,15.1439384097487
43251,3.6163180551594,0.0040498673618,0.1221052395613,0.0965153298601,0.0206190987074,15.1439384097487
43261,3.6166085858729,0.0041255312171,0.1217398570207,0.0964213744523,0.0206190987074,15.1439384097487
43262,3.6167357743352,0.0041723652374,0.1215958512761,0.0963918152604,0.0206190987074,15.1439384097487
43263,3.6165961235061,0.0041723652374,0.1214586076031,0.0963408236130,0.0206190987074,15.1439384097487
43264,3.6165849253331,0.0041733073168,0.1213460920772,0.0963008847915,0.0206190987074,15.1439384097487
43280,3.6162629803316,0.0043380830739,0.1211204070106,0.0962863456634,0.0206190987074,15.1439384097487
43339,3.6161212075937,0.0040313838731,0.1213474191152,0.0962339728257,0.0202067167333,15.1439384097487
43340,3.6161981273569,0.0040313838731,0.1213402866729,0.0962325139344,0.0202067167333,15.1439384097487
43343,3.6160927908415,0.0040782178933,0.1211927422922,0.0961984007310,0.0202067167333,15.1439384097487
43345,3.6160464431464,0.0041136092291,0.1210851611796,0.0961744908037,0.0202067167333,15.1439384097487
43346,3.6162124061889,0.0041136092291,0.1210618555690,0.0961685157373,0.0202067167333,15.1439384097487
43543,3.6163065402399,0.0044389461774,0.0928962474337,0.0862501320858,0.0186380321329,15.1439384097487
43544,3.6163759676792,0.0044389461774,0.0928031701449,0.0862178725906,0.0186380321329,15.1439384097487
43588,3.6163955493462,0.0044245395237,0.0923934477290,0.0860656459555,0.0182652714902,15.1439384097487
43595,3.6162677751290,0.0042840374630,0.0920875023071,0.0858943565679,0.0182652714902,15.1439384097487
43596,3.6163431186888,0.0042840374630,0.0920646262740,0.0858872526624,0.0182652714902,15.1439384097487
43597,3.6163113824517,0.0043308714832,0.0919944658539,0.0858818180268,0.0182652714902,15.1439384097487
43614,3.6164814043017,0.0039607389323,0.0922707380874,0.0858242642433,0.0182652714902,15.1439384097487
43616,3.6166048461283,0.0040019370035,0.0921207137597,0.0857900871361,0.0182652714902,15.1439384097487
43617,3.6165996646297,0.0040019370035,0.0920398179820,0.0857611224691,0.0182652714902,15.1439384097487
43619,3.6166283628466,0.0040069393903,0.0917645488114,0.0856653620089,0.0182652714902,15.1439384097487
43620,3.6166149414197,0.0041158019053,0.0912009382432,0.0855105379715,0.0182652714902,15.1439384097487
43621,3.6165260281627,0.0041107995185,0.0911465889026,0.0854877254960,0.0182652714902,15.1439384097487
43624,3.6164179300810,0.0041535732314,0.0909504431006,0.0854344754345,0.0182652714902,15.1439384097487
43626,3.6163788236070,0.0041535732314,0.0909265960608,0.0854254052806,0.0182652714902,15.1439384097487
43627,3.6164390205173,0.0041626524532,0.0908818723414,0.0854141754010,0.0182652714902,15.1439384097487
43660,3.6160969004009,0.0042292370866,0.0703254109306,0.0780962773347,0.0178999660604,15.1439384097487
43661,3.6160573211242,0.0041239721032,0.0703264031114,0.0780509580765,0.0178999660604,15.1439384097487
43662,3.6160342709885,0.0040771380829,0.0703705041516,0.0780463105672,0.0178999660604,15.1439384097487
43663,3.6161626809973,0.0040303040627,0.0703557895046,0.0780228006062,0.0178999660604,15.1439384097487
43667,3.6165376114737,0.0039544859488,0.0701711266072,0.0779296613352,0.0178999660604,15.1439384097487
43670,3.6168045608234,0.0039076519285,0.0701683743071,0.0779123839633,0.0178999660604,15.1439384097487
43671,3.6168058944583,0.0039076519285,0.0701389823007,0.0779019056890,0.0178999660604,15.1439384097487
43676,3.6168099824567,0.0038608179083,0.0701867914099,0.0778989664928,0.0178999660604,15.1439384097487
43677,3.6168681361669,0.0038608179083,0.0701641998150,0.0778917209372,0.0178999660604,15.1439384097487
43688,3.6166938782704,0.0039966260994,0.0699805571806,0.0778818720550,0.0178999660604,15.1439384097487
43689,3.6165933813125,0.0039966260994,0.0699478647871,0.0778687741749,0.0178999660604,15.1439384097487
43690,3.6164462511100,0.0040027413521,0.0697431476136,0.0777961998387,0.0178999660604,15.1439384097487
43691,3.6163990743870,0.0039859712359,0.0697296448151,0.0777835226705,0.0175419667392,15.1439384097487
43692,3.6163255421810,0.0039859712359,0.0697059331437,0.0777740137407,0.0175419667392,15.1439384097487
44154,3.6190041606481,0.0045583092973,0.0684841970969,0.0776208694508,0.0152286292297,15.1439384097487
44155,3.6191026731763,0.0045583092973,0.0682850134040,0.0775511263633,0.0152286292297,15.1439384097487
49203,3.6347506808979,0.0049226846959,0.0672209719969,0.0775486907215,0.0025222117798,15.1439384097487
49204,3.6347603335227,0.0048758506757,0.0672115123302,0.0775253771301,0.0025222117798,15.1439384097487
49211,3.6348587857970,0.0046626487290,0.0674557783346,0.0775226358190,0.0025222117798,15.1439384097487
49213,3.6349829094439,0.0047578758834,0.0672117387261,0.0774780467949,0.0025222117798,15.1439384097487
49217,3.6349513926869,0.0046692102298,0.0672569460584,0.0774557467448,0.0025222117798,15.1439384097487
49237,3.6349314867963,0.0044880389846,0.0672366223251,0.0773705617823,0.0025222117798,15.1439384097487
49238,3.6349892198836,0.0044883475018,0.0672199216365,0.0773655463916,0.0025222117798,15.1439384097487
49652,3.6372915799493,0.0046092366803,0.0669155462603,0.0773412287888,0.0021458045174,15.1439384097487
49653,3.6375275389845,0.0045624026601,0.0669080937261,0.0773218342510,0.0021458045174,15.1439384097487
49667,3.6379390615034,0.0047362576391,0.0665583036953,0.0772772415328,0.0021458045174,15.1439384097487
49986,3.6367397350036,0.0046190871953,0.0665577942562,0.0772098732962,0.0019008445825,15.1439384097487
50007,3.6368221563929,0.0048919541743,0.0661714448032,0.0771900005968,0.0019008445825,15.1439384097487
50008,3.6368322557750,0.0049387881945,0.0660732106696,0.0771751316062,0.0019008445825,15.1439384097487
50010,3.6368097451143,0.0048513896653,0.0660494521096,0.0771288713693,0.0019008445825,15.1439384097487
50432,3.6375813385627,0.0047136422229,0.0660733942572,0.0770893055138,0.0016501717168,15.1439384097487
50440,3.6378376465819,0.0048353357498,0.0658898374552,0.0770795306231,0.0016501717168,15.1439384097487
50891,3.6389584186372,0.0051029469171,0.0653588773817,0.0770204513752,0.0014039050776,15.1439384097487
50892,3.6389807026434,0.0050561128969,0.0653927718194,0.0770128001257,0.0014039050776,15.1439384097487
50893,3.6390139026537,0.0050186831435,0.0653573758358,0.0769845871581,0.0014039050776,15.1439384097487
50894,3.6391476546410,0.0050081990663,0.0653392446530,0.0769755111413,0.0014039050776,15.1439384097487
50974,3.6406493595472,0.0045707271165,0.0656683615053,0.0769268139197,0.0013758269760,15.1439384097487
50976,3.6407234672951,0.0044530938969,0.0657680806033,0.0769130622659,0.0013758269760,15.1439384097487
50977,3.6407194624546,0.0044277238624,0.0656942513754,0.0768757651444,0.0013758269760,15.1439384097487
50978,3.6407337896356,0.0044820779906,0.0654859310405,0.0768248623798,0.0013758269760,15.1439384097487
50979,3.6407884980848,0.0044554408317,0.0654158938420,0.0767892072903,0.0013758269760,15.1439384097487
50980,3.6406912441126,0.0045022748519,0.0653398070383,0.0767807290176,0.0013758269760,15.1439384097487
50981,3.6407129327696,0.0044554408317,0.0653566615693,0.0767669836630,0.0013758269760,15.1439384097487
50989,3.6408536483310,0.0044176860334,0.0652269311807,0.0767064618693,0.0013758269760,15.1439384097487
50990,3.6408422883951,0.0044187823714,0.0652257291366,0.0767063416847,0.0013758269760,15.1439384097487
50992,3.6408857999252,0.0043255936346,0.0653058601948,0.0766956375749,0.0013758269760,15.1439384097487
50993,3.6409570203305,0.0043724276548,0.0651532164007,0.0766622014211,0.0013758269760,15.1439384097487
51081,3.6408316658357,0.0041479703377,0.0653938166622,0.0766501603351,0.0013213442278,15.1439384097487
51163,3.6418687108513,0.0042895852642,0.0651432774114,0.0766360482602,0.0012949173432,15.1439384097487
51164,3.6418645751265,0.0042895852642,0.0651230604785,0.0766287694068,0.0012949173432,15.1439384097487
51294,3.6415404241242,0.0040364688984,0.0653523174245,0.0765975817300,0.0012187658441,15.1439384097487
51298,3.6415978339014,0.0041197740649,0.0652096632205,0.0765831483587,0.0012187658441,15.1439384097487
51300,3.6416025526488,0.0041194655476,0.0649388676264,0.0764863701948,0.0012187658441,15.1439384097487
51301,3.6416526344665,0.0040726315274,0.0649761319798,0.0764803158239,0.0012187658441,15.1439384097487
51960,3.6438151199923,0.0038169643851,0.0651275396510,0.0764554173851,0.0009759040206,15.1439384097487
51961,3.6437102853054,0.0038637984053,0.0650650959166,0.0764517043705,0.0009759040206,15.1439384097487
52597,3.6444623174014,0.0039979262793,0.0647946345195,0.0764232355928,0.0007814369446,15.1439384097487
52606,3.6444280653443,0.0042659286023,0.0642287892632,0.0763355214754,0.0007814369446,15.1439384097487
52608,3.6442798258745,0.0042837785289,0.0640719734216,0.0762850682076,0.0007814369446,15.1439384097487
52609,3.6442200446295,0.0042742200034,0.0640130556938,0.0762590837504,0.0007814369446,15.1439384097487
52614,3.6440955584224,0.0040981723482,0.0639957806792,0.0761757036358,0.0007814369446,15.1439384097487
52616,3.6444087649016,0.0041006735416,0.0639731681668,0.0761731315293,0.0007658082057,15.1439384097487
52617,3.6445437154880,0.0040804766803,0.0639657946555,0.0761637518764,0.0007658082057,15.1439384097487
52774,3.6455731451993,0.0035748775109,0.0641755646313,0.0760365507281,0.0007354822008,15.1439384097487
52776,3.6456521303864,0.0036062085394,0.0640653703388,0.0760117408424,0.0007354822008,15.1439384097487
52783,3.6456596455183,0.0036555272253,0.0639984380641,0.0760090793768,0.0007354822008,15.1439384097487
52784,3.6456864354655,0.0037023612456,0.0639300319244,0.0760050994116,0.0007354822008,15.1439384097487
52785,3.6455369438147,0.0036555272253,0.0639674026008,0.0759962590619,0.0007354822008,15.1439384097487
52816,3.6456756022586,0.0035653024577,0.0640634992795,0.0759938735545,0.0007207725568,15.1439384097487
52817,3.6456879722646,0.0035576280912,0.0638920770795,0.0759295373607,0.0007207725568,15.1439384097487
52991,3.6462658036662,0.0041193112890,0.0631442104842,0.0759113397942,0.0006783853643,15.1439384097487
52997,3.6465444676561,0.0040550901181,0.0631975915757,0.0759068241876,0.0006783853643,15.1439384097487
53017,3.6461122323562,0.0042154970506,0.0629943690948,0.0758968744578,0.0006783853643,15.1439384097487
53018,3.6460916493235,0.0042154970506,0.0629835843052,0.0758927314987,0.0006783853643,15.1439384097487
53019,3.6462005573801,0.0042623310708,0.0629226381893,0.0758925777934,0.0006783853643,15.1439384097487
54487,3.6481663088680,0.0046552663520,0.0623424114196,0.0758815700338,0.0004093816405,15.1439384097487
54489,3.6484514312216,0.0045910451811,0.0623711303957,0.0758683379142,0.0004093816405,15.1439384097487
54490,3.6483381505048,0.0045910451811,0.0623755865980,0.0758683265004,0.0004093816405,15.1439384097487
54541,3.6478017311428,0.0045923123055,0.0623342761968,0.0758465255410,0.0004011940077,15.1439384097487
55376,3.6482894130025,0.0037649902471,0.0632137637113,0.0758129622939,0.0003023566309,15.1439384097487
55379,3.6482855012228,0.0037599878603,0.0632050519987,0.0758076517365,0.0003023566309,15.1439384097487
55382,3.6481635409659,0.0037822231392,0.0631069546157,0.0757804206327,0.0003023566309,15.1439384097487
55631,3.6521659253385,0.0040475865379,0.0622811141192,0.0756558382399,0.0002788841293,15.1439384097487
55632,3.6521491803168,0.0040944205581,0.0621419036981,0.0756259550144,0.0002788841293,15.1439384097487
55633,3.6523318061815,0.0040090439187,0.0622183547336,0.0756192531111,0.0002788841293,15.1439384097487
55675,3.6521775492419,0.0041208538753,0.0620804226348,0.0756157274746,0.0002733064467,15.1439384097487
55681,3.6522615958574,0.0041246221931,0.0620279098774,0.0755997771658,0.0002733064467,15.1439384097487
55682,3.6522489530363,0.0042422554127,0.0618816214891,0.0755977666547,0.0002733064467,15.1439384097487
55683,3.6522087293874,0.0042430432335,0.0618533757071,0.0755874473510,0.0002733064467,15.1439384097487
55687,3.6522335194285,0.0041764586001,0.0618925234890,0.0755732432077,0.0002733064467,15.1439384097487
55946,3.6549964817603,0.0044795272141,0.0613316862864,0.0755419264875,0.0002470473811,15.1439384097487
55947,3.6548321014862,0.0044795272141,0.0613062047075,0.0755304999537,0.0002470473811,15.1439384097487
56010,3.6553299361144,0.0041507635207,0.0613282552658,0.0754045207540,0.0002470473811,15.1439384097487
56011,3.6553752597656,0.0041861548565,0.0611961505996,0.0753731495581,0.0002470473811,15.1439384097487
56014,3.6552924089347,0.0041861548565,0.0611659575364,0.0753611939875,0.0002470473811,15.1439384097487
57019,3.6505045614950,0.0039176401745,0.0616697288118,0.0753582868587,0.0001752360847,15.1439384097487
57020,3.6505468637725,0.0039281407794,0.0616148910245,0.0753438007683,0.0001752360847,15.1439384097487
57268,3.6502396064619,0.0039582212112,0.0614287573131,0.0752858683860,0.0001649308010,15.1439384097487
57269,3.6503238491285,0.0039585297284,0.0613858115211,0.0752718548530,0.0001649308010,15.1439384097487
57272,3.6504245964187,0.0039470870440,0.0613737536779,0.0752640700402,0.0001649308010,15.1439384097487
57749,3.6507276127003,0.0037876552464,0.0614606940631,0.0752310799246,0.0001403170268,15.1439384097487
57797,3.6500257846831,0.0040332845597,0.0611642364124,0.0752205410784,0.0001403170268,15.1439384097487
57798,3.6500654587627,0.0040332845597,0.0611383098127,0.0752118429641,0.0001403170268,15.1439384097487
57799,3.6499992877623,0.0040364193153,0.0610937056262,0.0751963200490,0.0001403170268,15.1439384097487
57805,3.6500494042598,0.0041050258385,0.0609531895197,0.0751762476660,0.0001375106862,15.1439384097487
57806,3.6499447894520,0.0041050258385,0.0608561904500,0.0751401248486,0.0001375106862,15.1439384097487
57858,3.6501208358188,0.0039854919323,0.0609088148255,0.0751101814957,0.0001347604725,15.1439384097487
57859,3.6501635499284,0.0039610639773,0.0608759905974,0.0750885938353,0.0001347604725,15.1439384097487
57861,3.6501480548732,0.0040434601197,0.0607456380801,0.0750771327433,0.0001347604725,15.1439384097487
58194,3.6502697282093,0.0040632107328,0.0607062337883,0.0750732460000,0.0001218127937,15.1439384097487
58198,3.6502010441472,0.0039507506864,0.0606592671869,0.0750073031762,0.0001218127937,15.1439384097487
58199,3.6502112673769,0.0039039166661,0.0605807229262,0.0749593245895,0.0001218127937,15.1439384097487
58318,3.6509659631719,0.0040067851317,0.0603953701358,0.0749478925446,0.0001169890071,15.1439384097487
58321,3.6509981364754,0.0040067851317,0.0602774763654,0.0749062428767,0.0001169890071,15.1439384097487
58329,3.6508234557921,0.0038948043888,0.0603016439365,0.0748644106852,0.0001169890071,15.1439384097487
58330,3.6507809973772,0.0039566786249,0.0601523853250,0.0748370207842,0.0001169890071,15.1439384097487
58331,3.6507868458712,0.0039807980627,0.0599149565036,0.0747626444343,0.0001169890071,15.1439384097487
58333,3.6507872508168,0.0040594258873,0.0597956502556,0.0747537384291,0.0001169890071,15.1439384097487
58336,3.6507253137090,0.0040125918671,0.0597350339796,0.0747111416302,0.0001169890071,15.1439384097487
58337,3.6507476653487,0.0039657578468,0.0596751469922,0.0746699979716,0.0001169890071,15.1439384097487
58339,3.6504617625964,0.0040035126452,0.0595625440153,0.0746419177458,0.0001169890071,15.1439384097487
58340,3.6504888612395,0.0040035126452,0.0595485043422,0.0746372870208,0.0001169890071,15.1439384097487
58341,3.6505527378748,0.0040035126452,0.0594184067617,0.0745917274493,0.0001169890071,15.1439384097487
59301,3.6514463949031,0.0039547944660,0.0593358300925,0.0745540017492,0.0000881678224,15.1439384097487
59317,3.6515493630027,0.0036900976849,0.0594826517732,0.0744944535779,0.0000881678224,15.1439384097487
59327,3.6516927136489,0.0037004275035,0.0593908075078,0.0744681075217,0.0000881678224,15.1439384097487
59328,3.6518035599435,0.0037171976197,0.0593410322333,0.0744590862982,0.0000881678224,15.1439384097487
59329,3.6517746210869,0.0037593377704,0.0592894407535,0.0744583113514,0.0000881678224,15.1439384097487
59706,3.6507770189470,0.0036280857179,0.0594527597986,0.0744462726987,0.0000765407379,15.1439384097487
59711,3.6509673848221,0.0036280857179,0.0591840577526,0.0743530013467,0.0000765407379,15.1439384097487
59820,3.6509307303294,0.0036835527119,0.0591055651261,0.0743482211760,0.0000765407379,15.1439384097487
60044,3.6530888395761,0.0037428926992,0.0588813652433,0.0743241183137,0.0000705987395,15.1439384097487
60058,3.6532184099770,0.0038124082464,0.0587716504366,0.0743165602441,0.0000691867647,15.1439384097487
61247,3.6539497481575,0.0036926154061,0.0588835701046,0.0743155401516,0.0000500772226,15.1439384097487
61249,3.6540443642275,0.0036703801272,0.0588064581625,0.0742798095781,0.0000500772226,15.1439384097487
61708,3.6557372843309,0.0035841660838,0.0588117788407,0.0742687156507,0.0000452658430,15.1439384097487
61714,3.6558251166644,0.0036284989106,0.0587180334584,0.0742554777616,0.0000443605261,15.1439384097487
61721,3.6560418061774,0.0036284989106,0.0584043252562,0.0741465052600,0.0000443605261,15.1439384097487
61722,3.6559699729472,0.0036125166153,0.0583232845052,0.0741096961441,0.0000443605261,15.1439384097487
62209,3.6568262670874,0.0034385404331,0.0584828970246,0.0741042558991,0.0000400984021,15.1439384097487
62210,3.6568195888502,0.0034639104676,0.0584063976479,0.0740877130685,0.0000400984021,15.1439384097487
62211,3.6568029234699,0.0035107444878,0.0583158461280,0.0740752091489,0.0000400984021,15.1439384097487
62213,3.6566549818474,0.0034808348424,0.0583568700150,0.0740749487536,0.0000400984021,15.1439384097487
62215,3.6567146107978,0.0035276688626,0.0582871546730,0.0740709658858,0.0000400984021,15.1439384097487
62223,3.6566465314978,0.0035195317202,0.0582903002894,0.0740676386559,0.0000392964341,15.1439384097487
62263,3.6563039483346,0.0034576574841,0.0583667526947,0.0740635780278,0.0000385105054,15.1439384097487
62278,3.6563898041677,0.0032789378492,0.0585470443551,0.0740525886315,0.0000385105054,15.1439384097487
62285,3.6564330844896,0.0032750152727,0.0585444557282,0.0740505954314,0.0000385105054,15.1439384097487
62289,3.6562274762399,0.0032469897862,0.0585132812122,0.0740245414099,0.0000385105054,15.1439384097487
62388,3.6575549151736,0.0029838521190,0.0587470891924,0.0740140541461,0.0000385105054,15.1439384097487
62389,3.6575696459242,0.0029838521190,0.0585551359727,0.0739457078639,0.0000385105054,15.1439384097487
62390,3.6576759421542,0.0030306861393,0.0583813975785,0.0739052342449,0.0000385105054,15.1439384097487
62400,3.6574139847443,0.0029595618949,0.0584294542805,0.0738882088539,0.0000369854894,15.1439384097487
62401,3.6574504682491,0.0029183638237,0.0584675754399,0.0738846834766,0.0000369854894,15.1439384097487
62403,3.6573880852909,0.0029296522495,0.0583687779204,0.0738533538303,0.0000369854894,15.1439384097487
62405,3.6574316329202,0.0030031234286,0.0582182465667,0.0738316964768,0.0000369854894,15.1439384097487
62409,3.6573287077864,0.0030862908642,0.0581084339612,0.0738266644920,0.0000369854894,15.1439384097487
62437,3.6573908088411,0.0030760657210,0.0580940259116,0.0738180152816,0.0000369854894,15.1439384097487
62438,3.6574465023447,0.0030105939534,0.0579763662506,0.0737487227045,0.0000369854894,15.1439384097487
62455,3.6575043060436,0.0030375396296,0.0578920072040,0.0737309605389,0.0000369854894,15.1439384097487
62628,3.6565351034546,0.0028624340539,0.0580069275749,0.0736832441301,0.0000355208640,15.1439384097487
64312,3.6585847071668,0.0031625717540,0.0574252267194,0.0736331260227,0.0000241979714,15.1439384097487
64315,3.6585233451130,0.0032413538372,0.0573297741087,0.0736319312856,0.0000241979714,15.1439384097487
64321,3.6584770805591,0.0032308697599,0.0573191570519,0.0736229916633,0.0000241979714,15.1439384097487
64326,3.6584466140165,0.0031954784241,0.0572839689903,0.0735948256835,0.0000241979714,15.1439384097487
64331,3.6583251485893,0.0032261593626,0.0571531534182,0.0735595360824,0.0000241979714,15.1439384097487
64336,3.6582437887057,0.0032729933829,0.0570968314807,0.0735583415907,0.0000241979714,15.1439384097487
64337,3.6582166660444,0.0032729933829,0.0570695221585,0.0735482044776,0.0000241979714,15.1439384097487
64872,3.6570024526743,0.0034559275838,0.0568406390118,0.0735276798305,0.0000218730496,15.1439384097487
64876,3.6570869076516,0.0034090935635,0.0567766107146,0.0734859358908,0.0000218730496,15.1439384097487
64878,3.6568638826687,0.0033334297082,0.0568319642531,0.0734701218566,0.0000218730496,15.1439384097487
64883,3.6568451808028,0.0033066548184,0.0568305184839,0.0734578659275,0.0000218730496,15.1439384097487
64974,3.6574272636582,0.0032753237900,0.0568430880105,0.0734571638940,0.0000210068768,15.1439384097487
64977,3.6576322978312,0.0033086932360,0.0567918335093,0.0734560611259,0.0000210068768,15.1439384097487
64984,3.6575817158106,0.0031910600163,0.0569049955202,0.0734453461606,0.0000210068768,15.1439384097487
64986,3.6576006175431,0.0031442259961,0.0569507246012,0.0734418737106,0.0000210068768,15.1439384097487
65000,3.6575727307401,0.0031910600163,0.0568812369602,0.0734367338225,0.0000210068768,15.1439384097487
65007,3.6577423000026,0.0031910600163,0.0568104701339,0.0734138593497,0.0000210068768,15.1439384097487
65015,3.6577418900512,0.0031805759391,0.0567918335093,0.0734027044356,0.0000210068768,15.1439384097487
65017,3.6576535263609,0.0031708631550,0.0568025911808,0.0734011334990,0.0000210068768,15.1439384097487
65027,3.6578836563882,0.0031099144706,0.0568038081130,0.0733787035774,0.0000210068768,15.1439384097487
65052,3.6579174267147,0.0031213571550,0.0567844363073,0.0733771669309,0.0000210068768,15.1439384097487
65223,3.6583604003800,0.0031431296580,0.0567104373788,0.0733663378625,0.0000201750045,15.1439384097487
65228,3.6584109381131,0.0031431296580,0.0566986333047,0.0733628372273,0.0000201750045,15.1439384097487
65239,3.6584569116551,0.0031476857967,0.0565578916422,0.0733151755012,0.0000201750045,15.1439384097487
65242,3.6584882333010,0.0031008517765,0.0565991622903,0.0733102864947,0.0000201750045,15.1439384097487
65648,3.6589335250508,0.0031664612750,0.0564962894884,0.0733079654132,0.0000182366061,15.1439384097487
65661,3.6589871381533,0.0031196272547,0.0564216506925,0.0732619955992,0.0000182366061,15.1439384097487
65662,3.6590065004616,0.0031266680591,0.0563759435681,0.0732489630892,0.0000182366061,15.1439384097487
65678,3.6589583513240,0.0031266680591,0.0562581954651,0.0732062288882,0.0000182366061,15.1439384097487
65708,3.6588711779237,0.0031211863687,0.0562318206109,0.0731932265037,0.0000182366061,15.1439384097487
65718,3.6588152573903,0.0031158589369,0.0562195859346,0.0731857825196,0.0000182366061,15.1439384097487
65766,3.6586193270169,0.0031814849632,0.0560465301962,0.0731493299369,0.0000182366061,15.1439384097487
65822,3.6585914298999,0.0032308201768,0.0558690308389,0.0731066862300,0.0000178718740,15.1439384097487
65888,3.6583493904899,0.0032256470036,0.0558661451192,0.0731000137001,0.0000175144365,15.1439384097487
65893,3.6582618310007,0.0032724810239,0.0557719724289,0.0730852133585,0.0000175144365,15.1439384097487
65895,3.6582288038330,0.0032724810239,0.0557386152228,0.0730728327384,0.0000175144365,15.1439384097487
65970,3.6584390108237,0.0030654273852,0.0559226681197,0.0730528030570,0.0000171641478,15.1439384097487
65972,3.6585948334408,0.0030290774422,0.0559185705295,0.0730379659645,0.0000171641478,15.1439384097487
65994,3.6584632246582,0.0030209237720,0.0558471514991,0.0730071024824,0.0000171641478,15.1439384097487
66012,3.6582970579180,0.0030209237720,0.0558103909856,0.0729916224793,0.0000171641478,15.1439384097487
66140,3.6581800398860,0.0029827227255,0.0557996921086,0.0729697737775,0.0000168208649,15.1439384097487
66141,3.6581880320865,0.0030093598844,0.0556485638759,0.0729273284230,0.0000168208649,15.1439384097487
66369,3.6577460871628,0.0029106564017,0.0555960389997,0.0728600145550,0.0000161547586,15.1439384097487
66388,3.6579337110807,0.0028500327623,0.0555999599565,0.0728380882028,0.0000161547586,15.1439384097487
66506,3.6581314864122,0.0026946447444,0.0557490523675,0.0728275391353,0.0000155150302,15.1439384097487
66512,3.6581459673405,0.0027038947526,0.0556465217644,0.0727950902562,0.0000155150302,15.1439384097487
66513,3.6581600770349,0.0026901051334,0.0556363909751,0.0727857619316,0.0000155150302,15.1439384097487
66620,3.6583643092399,0.0028429754303,0.0553654926091,0.0727574182287,0.0000155150302,15.1439384097487
66767,3.6587010618832,0.0028668028785,0.0552575038593,0.0727338276089,0.0000149006350,15.1439384097487
66830,3.6588001594295,0.0028804217113,0.0552196556755,0.0727275492667,0.0000146026223,15.1439384097487
66884,3.6590064985201,0.0029795549145,0.0550573122648,0.0727149748200,0.0000146026223,15.1439384097487
66996,3.6591413670211,0.0029081386806,0.0550589534061,0.0726868623648,0.0000143105698,15.1439384097487
67005,3.6591709604521,0.0028702296237,0.0551028197635,0.0726867009273,0.0000143105698,15.1439384097487
67007,3.6590826741886,0.0028702296237,0.0549717360471,0.0726386360696,0.0000143105698,15.1439384097487
67010,3.6590600526580,0.0028702296237,0.0548903515292,0.0726092500772,0.0000143105698,15.1439384097487
67066,3.6589649473143,0.0029568568598,0.0547875501406,0.0726083155197,0.0000140243584,15.1439384097487
67369,3.6589864836893,0.0030378481468,0.0546653331792,0.0725996818948,0.0000134689938,15.1439384097487
67397,3.6589765767572,0.0030447346926,0.0546302202305,0.0725899527503,0.0000131996140,15.1439384097487
67434,3.6589076124905,0.0030104231671,0.0546561243782,0.0725835234523,0.0000131996140,15.1439384097487
67436,3.6588102231760,0.0030149793058,0.0545915910518,0.0725610504143,0.0000131996140,15.1439384097487
67521,3.6587554738911,0.0028339127361,0.0548106968672,0.0725609278341,0.0000129356217,15.1439384097487
67522,3.6587371257533,0.0027870787158,0.0547835219367,0.0725308911539,0.0000129356217,15.1439384097487
67525,3.6587210234982,0.0027870787158,0.0546800575878,0.0724937117549,0.0000129356217,15.1439384097487
67539,3.6587643860790,0.0027402446956,0.0546888972433,0.0724774106294,0.0000129356217,15.1439384097487
67555,3.6588352882335,0.0028130657848,0.0545773571236,0.0724697871713,0.0000129356217,15.1439384097487
67557,3.6589269483607,0.0027585573980,0.0545070925057,0.0724226289124,0.0000129356217,15.1439384097487
67560,3.6589159112439,0.0027593452189,0.0544624169318,0.0724068548133,0.0000129356217,15.1439384097487
67564,3.6589399808160,0.0027859823778,0.0543538307273,0.0723798305341,0.0000129356217,15.1439384097487
67812,3.6589777535164,0.0029186558133,0.0541876861535,0.0723778877113,0.0000124233711,15.1439384097487
67814,3.6589384837851,0.0028810718013,0.0542250269448,0.0723745606104,0.0000124233711,15.1439384097487
67865,3.6594110310995,0.0027559184737,0.0543415698192,0.0723692324380,0.0000121749036,15.1439384097487
67878,3.6593036775276,0.0027902299992,0.0542361433633,0.0723447660259,0.0000121749036,15.1439384097487
67879,3.6593030290452,0.0027607831296,0.0542003085960,0.0723193386318,0.0000121749036,15.1439384097487
67880,3.6592795360073,0.0027184887203,0.0542409277043,0.0723153868559,0.0000121749036,15.1439384097487
67881,3.6592932158491,0.0026805961911,0.0542854719844,0.0723152494408,0.0000121749036,15.1439384097487
67988,3.6596011525116,0.0027265046596,0.0541781058101,0.0723009367196,0.0000119314056,15.1439384097487
67989,3.6596945977410,0.0027265046596,0.0541307071255,0.0722853308617,0.0000119314056,15.1439384097487
68057,3.6597176722533,0.0026105848125,0.0542187323609,0.0722674150142,0.0000116927775,15.1439384097487
68068,3.6596316894894,0.0025938312241,0.0541144081768,0.0722217596173,0.0000116927775,15.1439384097487
68077,3.6592514145256,0.0026328366191,0.0540664067212,0.0722159519729,0.0000116927775,15.1439384097487
68106,3.6592680547693,0.0025930434032,0.0540556026598,0.0721952746025,0.0000116927775,15.1439384097487
68124,3.6591828147778,0.0025678276274,0.0540472541522,0.0721802800914,0.0000116927775,15.1439384097487
68162,3.6590955668681,0.0025209936071,0.0540963898604,0.0721765222835,0.0000116927775,15.1439384097487
68342,3.6597989355594,0.0027094094984,0.0538336202684,0.0721733782883,0.0000110051486,15.1439384097487
68353,3.6597125393976,0.0027059662256,0.0538363746945,0.0721716638236,0.0000110051486,15.1439384097487
68362,3.6596934184426,0.0026716547001,0.0537495476942,0.0721256786809,0.0000110051486,15.1439384097487
68397,3.6596264765310,0.0026890418508,0.0537268829520,0.0721240885426,0.0000110051486,15.1439384097487
68561,3.6594025939016,0.0027651684819,0.0536225259582,0.0721162759625,0.0000107850456,15.1439384097487
68564,3.6596634043990,0.0027651684819,0.0534531797089,0.0720594856102,0.0000107850456,15.1439384097487
68591,3.6595708612969,0.0027527837181,0.0534474083568,0.0720508071784,0.0000107850456,15.1439384097487
68603,3.6595680886562,0.0027360136019,0.0534031290756,0.0720277667241,0.0000107850456,15.1439384097487
68884,3.6593554149520,0.0026664815269,0.0534826150071,0.0720233457774,0.0000101507987,15.1439384097487
68894,3.6593523907526,0.0026674236064,0.0534698793275,0.0720191582765,0.0000101507987,15.1439384097487
68955,3.6593725088509,0.0026475352623,0.0534549070680,0.0720055721347,0.0000101507987,15.1439384097487
68969,3.6593588935285,0.0026564767533,0.0534363919659,0.0720025990099,0.0000101507987,15.1439384097487
68970,3.6593352621505,0.0026769986596,0.0534091985594,0.0720013477993,0.0000101507987,15.1439384097487
69021,3.6594080161901,0.0027123899954,0.0533546673260,0.0719980695390,0.0000099477827,15.1439384097487
69052,3.6593580817315,0.0026708834070,0.0534014864309,0.0719962955407,0.0000099477827,15.1439384097487
69053,3.6593843040859,0.0026856151056,0.0533429807651,0.0719820852897,0.0000099477827,15.1439384097487
69117,3.6594181515792,0.0027471642968,0.0532387880240,0.0719717307610,0.0000097488270,15.1439384097487
69247,3.6590008694009,0.0026763650974,0.0532710340095,0.0719470001555,0.0000095538505,15.1439384097487
69262,3.6589294261612,0.0027186429789,0.0532198224522,0.0719458184887,0.0000095538505,15.1439384097487
69263,3.6588106213578,0.0027294521011,0.0530791127593,0.0718985164279,0.0000095538505,15.1439384097487
69293,3.6586374716412,0.0027779994939,0.0530039115923,0.0718900148368,0.0000095538505,15.1439384097487
69301,3.6586831129579,0.0027872495022,0.0529844490991,0.0718876740572,0.0000095538505,15.1439384097487
69325,3.6584994640224,0.0027648434370,0.0530101779860,0.0718846617259,0.0000095538505,15.1439384097487
69339,3.6584556572650,0.0027872495022,0.0528776325484,0.0718463068063,0.0000095538505,15.1439384097487
69341,3.6585198924986,0.0028066585427,0.0528395853919,0.0718419456206,0.0000095538505,15.1439384097487
69343,3.6584374821599,0.0028340835224,0.0528012173424,0.0718388302077,0.0000095538505,15.1439384097487
69390,3.6583793655944,0.0027872495022,0.0528209465817,0.0718249822961,0.0000093627735,15.1439384097487
69428,3.6582543582310,0.0027687660134,0.0528130719413,0.0718124795836,0.0000093627735,15.1439384097487
69464,3.6582668737316,0.0027264881318,0.0528246953860,0.0717986888152,0.0000091755180,15.1439384097487
69471,3.6583017146484,0.0027264881318,0.0528085023036,0.0717933985681,0.0000091755180,15.1439384097487
69527,3.6583445886706,0.0027391648852,0.0527247646916,0.0717695318370,0.0000091755180,15.1439384097487
69665,3.6583152918572,0.0027357216124,0.0527300437834,0.0717695269906,0.0000089920077,15.1439384097487
69694,3.6583976199172,0.0027357216124,0.0526318738153,0.0717356312242,0.0000089920077,15.1439384097487
69732,3.6583898645933,0.0027781702803,0.0525529033349,0.0717255100301,0.0000088121675,15.1439384097487
70013,3.6582680672181,0.0026000676799,0.0526482891941,0.0716815232978,0.0000084632057,15.1439384097487
70014,3.6584306804437,0.0026469017001,0.0525718555285,0.0716765982493,0.0000084632057,15.1439384097487
70028,3.6583468609849,0.0026787120322,0.0524497606095,0.0716454398809,0.0000084632057,15.1439384097487
70172,3.6584476504100,0.0027117564332,0.0523736514011,0.0716338460705,0.0000082939416,15.1439384097487
70270,3.6584060227493,0.0027585904534,0.0523090091263,0.0716302422381,0.0000081280627,15.1439384097487
70451,3.6586519219108,0.0027974415899,0.0521640001951,0.0715985832778,0.0000078061914,15.1439384097487
70453,3.6585757038135,0.0027610916469,0.0521473079297,0.0715759647265,0.0000078061914,15.1439384097487
70454,3.6585409672897,0.0027244331866,0.0521496372341,0.0715605943328,0.0000078061914,15.1439384097487
70759,3.6580986567467,0.0027524752008,0.0521229166802,0.0715568106193,0.0000074970663,15.1439384097487
70768,3.6580315032544,0.0027993092211,0.0520173298209,0.0715382225323,0.0000074970663,15.1439384097487
70964,3.6581133184230,0.0027603038260,0.0520583730790,0.0715373219200,0.0000072001824,15.1439384097487
70965,3.6579252017311,0.0027037570217,0.0520943440941,0.0715232725278,0.0000072001824,15.1439384097487
70974,3.6580881544553,0.0027341294430,0.0520134896077,0.0715097184476,0.0000072001824,15.1439384097487
71000,3.6580676426568,0.0027629592781,0.0518998134126,0.0714811852096,0.0000072001824,15.1439384097487
71064,3.6581480921212,0.0027393026162,0.0518790646695,0.0714647747293,0.0000070561788,15.1439384097487
71301,3.6582815454990,0.0027014266146,0.0519142911223,0.0714630113896,0.0000067767541,15.1439384097487
71314,3.6584794197836,0.0027482606348,0.0517211675868,0.0714169103292,0.0000067767541,15.1439384097487
71321,3.6584971300830,0.0027584361948,0.0516715070079,0.0714037859620,0.0000067767541,15.1439384097487
71331,3.6585693125150,0.0026992008830,0.0515947526187,0.0713520084945,0.0000067767541,15.1439384097487
71722,3.6584455109149,0.0026298395944,0.0516576410104,0.0713429905835,0.0000063782268,15.1439384097487
71766,3.6585165731017,0.0026572645741,0.0516190145259,0.0713419544984,0.0000062506622,15.1439384097487
71777,3.6585490900467,0.0026149701648,0.0516422861864,0.0713325997429,0.0000062506622,15.1439384097487
71783,3.6586142694391,0.0026343792053,0.0516023718069,0.0713275850516,0.0000062506622,15.1439384097487
71831,3.6586585758179,0.0026812132256,0.0515245257571,0.0713204815462,0.0000062506622,15.1439384097487
71833,3.6586792246565,0.0026664815269,0.0515069071224,0.0713081677712,0.0000062506622,15.1439384097487
71871,3.6586464128017,0.0026664815269,0.0515059271023,0.0713073534785,0.0000062506622,15.1439384097487
72324,3.6586818967302,0.0026708999347,0.0514977721861,0.0713068367069,0.0000057654118,15.1439384097487
72344,3.6586246941673,0.0026928266963,0.0514685697758,0.0713049950458,0.0000057654118,15.1439384097487
72373,3.6587212978797,0.0027679781926,0.0513281307186,0.0712884129598,0.0000057654118,15.1439384097487
72401,3.6587378095706,0.0027679781926,0.0512990868902,0.0712782738033,0.0000057654118,15.1439384097487
72402,3.6588589829877,0.0028148122128,0.0511998575359,0.0712646210669,0.0000057654118,15.1439384097487
72494,3.6587490308550,0.0027985214002,0.0512135391923,0.0712609697806,0.0000056501036,15.1439384097487
72533,3.6587329646091,0.0027664190786,0.0511952658787,0.0712404581231,0.0000056501036,15.1439384097487
72537,3.6587937380580,0.0027664190786,0.0511926731451,0.0712403920870,0.0000056501036,15.1439384097487
72538,3.6587672661650,0.0026996967143,0.0512482022145,0.0712312540230,0.0000056501036,15.1439384097487
72593,3.6587526110017,0.0027465307346,0.0511876792338,0.0712295030261,0.0000055371015,15.1439384097487
72613,3.6586825172424,0.0026513035801,0.0512610537128,0.0712139047376,0.0000055371015,15.1439384097487
72653,3.6587456976327,0.0026157579857,0.0512454672744,0.0711939983245,0.0000055371015,15.1439384097487
72683,3.6587844190609,0.0025214563830,0.0513189598596,0.0711803786094,0.0000055371015,15.1439384097487
72694,3.6586886595793,0.0026157579857,0.0511865110951,0.0711721354616,0.0000055371015,15.1439384097487
72698,3.6587872411226,0.0026157579857,0.0511539107167,0.0711618873915,0.0000055371015,15.1439384097487
72699,3.6587761666415,0.0026033732218,0.0511111591928,0.0711411545310,0.0000054263595,15.1439384097487
72733,3.6587120466904,0.0025903714235,0.0511200425534,0.0711378476675,0.0000054263595,15.1439384097487
72749,3.6586903856781,0.0025615415884,0.0511298522826,0.0711286889968,0.0000054263595,15.1439384097487
72846,3.6586172205243,0.0026121273988,0.0510302563041,0.0711137633554,0.0000053178323,15.1439384097487
72985,3.6586685293037,0.0025800250772,0.0510484559120,0.0711072310933,0.0000052114756,15.1439384097487
73014,3.6586957021614,0.0025800250772,0.0510466756534,0.0711069797808,0.0000052114756,15.1439384097487
73043,3.6587045460687,0.0026003927248,0.0510053465527,0.0711010735203,0.0000052114756,15.1439384097487
73056,3.6588066084165,0.0025876994437,0.0509667272201,0.0710832850992,0.0000052114756,15.1439384097487
73104,3.6587761825426,0.0025479227556,0.0509642257085,0.0710649140261,0.0000051072461,15.1439384097487
73130,3.6588560709005,0.0025745599145,0.0509103209839,0.0710582086789,0.0000050051012,15.1439384097487
73148,3.6589256000430,0.0025014137803,0.0509917728309,0.0710569341137,0.0000050051012,15.1439384097487
73395,3.6590767830924,0.0026419158410,0.0508067332281,0.0710532029402,0.0000049049992,15.1439384097487
73433,3.6589847302380,0.0026268756251,0.0507288133398,0.0710176260602,0.0000049049992,15.1439384097487
73465,3.6589780783469,0.0025800416049,0.0507717268445,0.0710127864651,0.0000048068992,15.1439384097487
73558,3.6589742442231,0.0026121439265,0.0507309527439,0.0710119281715,0.0000048068992,15.1439384097487
73572,3.6589509434690,0.0025653099062,0.0507857026392,0.0710110802785,0.0000048068992,15.1439384097487
73831,3.6588543323519,0.0025801793358,0.0507253137112,0.0709945183760,0.0000045242151,15.1439384097487
73885,3.6588054675957,0.0025945859895,0.0506869506543,0.0709863001314,0.0000045242151,15.1439384097487
73930,3.6586788817036,0.0025624836679,0.0507255113489,0.0709845224883,0.0000045242151,15.1439384097487
73992,3.6587176922565,0.0026335748568,0.0506286784268,0.0709809561210,0.0000044337308,15.1439384097487
73993,3.6586116796037,0.0025980292623,0.0506495231754,0.0709716667759,0.0000044337308,15.1439384097487
73999,3.6585604174193,0.0026279554355,0.0505958774490,0.0709646077342,0.0000044337308,15.1439384097487
74081,3.6585808682533,0.0026279554355,0.0505910226871,0.0709631632686,0.0000044337308,15.1439384097487
74082,3.6585038032082,0.0026279554355,0.0504976422129,0.0709287226340,0.0000044337308,15.1439384097487
74113,3.6584684722631,0.0025811214152,0.0505037799974,0.0709103430464,0.0000044337308,15.1439384097487
74115,3.6583900184759,0.0026132237368,0.0504629088334,0.0709083942242,0.0000044337308,15.1439384097487
74160,3.6584804716013,0.0025663897166,0.0505063434302,0.0709051147629,0.0000042581550,15.1439384097487
74175,3.6584848220956,0.0026132237368,0.0504248362044,0.0708961383215,0.0000042581550,15.1439384097487
74177,3.6585220558099,0.0026132237368,0.0504046093364,0.0708894412947,0.0000042581550,15.1439384097487
74178,3.6585234983652,0.0026279554355,0.0502994358844,0.0708582133447,0.0000042581550,15.1439384097487
74180,3.6584286582632,0.0026747894557,0.0502341145180,0.0708536140271,0.0000042581550,15.1439384097487
74239,3.6584044046200,0.0026279554355,0.0502714615361,0.0708465373375,0.0000042581550,15.1439384097487
74391,3.6586877475038,0.0026747894557,0.0501932838095,0.0708426977267,0.0000041729919,15.1439384097487
74424,3.6586848809996,0.0027068917773,0.0501529265423,0.0708420019939,0.0000041729919,15.1439384097487
74515,3.6587457182104,0.0026473810037,0.0501953221593,0.0708324995109,0.0000040895321,15.1439384097487
74588,3.6588708598583,0.0026422078305,0.0501093773321,0.0708013586015,0.0000040895321,15.1439384097487
74626,3.6588206018263,0.0026890418508,0.0500268989658,0.0707912626173,0.0000040895321,15.1439384097487
74667,3.6588110445013,0.0026566144842,0.0500606529846,0.0707892849457,0.0000039275866,15.1439384097487
74668,3.6586845221401,0.0026143200749,0.0501054790002,0.0707853777786,0.0000039275866,15.1439384097487
74706,3.6585314456270,0.0026470559587,0.0499586999502,0.0707448203314,0.0000039275866,15.1439384097487
74717,3.6584052448524,0.0026822930359,0.0498933047452,0.0707347807730,0.0000039275866,15.1439384097487
74737,3.6583686638220,0.0027682867098,0.0497898357552,0.0707341643749,0.0000039275866,15.1439384097487
74798,3.6584447777966,0.0027214526896,0.0498038266683,0.0707201664142,0.0000039275866,15.1439384097487
74809,3.6583943117679,0.0026746186694,0.0498389414508,0.0707119215941,0.0000038490349,15.1439384097487
74825,3.6583206832673,0.0026334371259,0.0498617160777,0.0707013643181,0.0000038490349,15.1439384097487
74826,3.6582805242516,0.0025866031056,0.0499165645824,0.0707003130995,0.0000038490349,15.1439384097487
74829,3.6582572007678,0.0025866031056,0.0499141557640,0.0706991227815,0.0000038490349,15.1439384097487
75010,3.6582213467281,0.0025671940652,0.0498752523850,0.0706764032250,0.0000037720542,15.1439384097487
75035,3.6581685783032,0.0026040067840,0.0498204223399,0.0706718512759,0.0000037720542,15.1439384097487
75072,3.6582314910977,0.0026040067840,0.0498084837246,0.0706684776966,0.0000037720542,15.1439384097487
75080,3.6582980358982,0.0026508408043,0.0496987977940,0.0706503174774,0.0000037720542,15.1439384097487
75186,3.6582887887361,0.0026381475232,0.0496968203707,0.0706440404304,0.0000036226808,15.1439384097487
75566,3.6582012771950,0.0026979833417,0.0496110021469,0.0706377967046,0.0000034792227,15.1439384097487
75621,3.6581632292218,0.0026979833417,0.0495990847660,0.0706330021208,0.0000034792227,15.1439384097487
75628,3.6580393871873,0.0026511493215,0.0496502272848,0.0706294432267,0.0000034096382,15.1439384097487
75629,3.6579513422603,0.0026979833417,0.0495462519259,0.0706111350631,0.0000034096382,15.1439384097487
75638,3.6578952841736,0.0027117729609,0.0495178473688,0.0706061071970,0.0000034096382,15.1439384097487
75673,3.6578842787145,0.0027448173620,0.0494669689220,0.0706019424828,0.0000033414455,15.1439384097487
75769,3.6578174327087,0.0027916513822,0.0494070197705,0.0705996579280,0.0000033414455,15.1439384097487
75778,3.6578344341632,0.0027916513822,0.0494032815916,0.0705985634336,0.0000033414455,15.1439384097487
75883,3.6577584423085,0.0027335289362,0.0494596858232,0.0705927229026,0.0000032746166,15.1439384097487
75884,3.6577452688010,0.0027473185554,0.0493890828156,0.0705732309753,0.0000032746166,15.1439384097487
75887,3.6577761328321,0.0026727510382,0.0494593678001,0.0705668119721,0.0000032746166,15.1439384097487
75980,3.6577527701684,0.0026547468530,0.0494647656010,0.0705606930986,0.0000032746166,15.1439384097487
75984,3.6579233277984,0.0026547468530,0.0494505445679,0.0705580275373,0.0000032746166,15.1439384097487
76047,3.6578099128271,0.0027506075696,0.0493164531347,0.0705496160897,0.0000032091242,15.1439384097487
76066,3.6577827325105,0.0027037735494,0.0493348964039,0.0705357466490,0.0000032091242,15.1439384097487
76094,3.6577931544578,0.0027037735494,0.0493255876567,0.0705325695662,0.0000031449417,15.1439384097487
76137,3.6578626059575,0.0026749437143,0.0493422101744,0.0705271332702,0.0000031449417,15.1439384097487
76171,3.6578961492530,0.0026569395292,0.0493403499327,0.0705192274542,0.0000030820429,15.1439384097487
76180,3.6579759963466,0.0026072792706,0.0493847345052,0.0705149259503,0.0000030820429,15.1439384097487
76238,3.6581246391279,0.0026541132908,0.0493009860983,0.0705071908133,0.0000030820429,15.1439384097487
76255,3.6580457564069,0.0026541132908,0.0492873654222,0.0705012101009,0.0000030820429,15.1439384097487
76354,3.6578746114109,0.0026523999182,0.0492915097485,0.0704995342247,0.0000030204020,15.1439384097487
76366,3.6579193727195,0.0026055658980,0.0493123679889,0.0704875452428,0.0000030204020,15.1439384097487
76384,3.6580767521889,0.0026257627593,0.0491284274008,0.0704327348823,0.0000030204020,15.1439384097487
76431,3.6581609742513,0.0026725967795,0.0490069459464,0.0704106121081,0.0000030204020,15.1439384097487
76451,3.6580855743176,0.0026506700179,0.0490011644955,0.0703980832166,0.0000030204020,15.1439384097487
76459,3.6580530707039,0.0026498821971,0.0489767893917,0.0703885802609,0.0000030204020,15.1439384097487
76461,3.6581343702219,0.0026773071768,0.0489377383355,0.0703875374007,0.0000030204020,15.1439384097487
76468,3.6579474096231,0.0026737261730,0.0489154003017,0.0703753793356,0.0000030204020,15.1439384097487
76484,3.6579188686640,0.0026145073890,0.0489736168247,0.0703703876194,0.0000030204020,15.1439384097487
76538,3.6579209525914,0.0026613414092,0.0488733854013,0.0703546918928,0.0000029599940,15.1439384097487
76644,3.6577555767093,0.0026613414092,0.0488720560407,0.0703518770635,0.0000029007941,15.1439384097487
76848,3.6576691597900,0.0025755019939,0.0489402429735,0.0703382184251,0.0000027859227,15.1439384097487
76864,3.6576072299737,0.0025892916131,0.0489116907393,0.0703330547326,0.0000027859227,15.1439384097487
76909,3.6574670819408,0.0025527708838,0.0489400441920,0.0703255461393,0.0000027859227,15.1439384097487
77058,3.6574619112522,0.0025195722241,0.0489794889902,0.0703253324053,0.0000027302042,15.1439384097487
77097,3.6574899204136,0.0025527708838,0.0489372796671,0.0703248819718,0.0000027302042,15.1439384097487
77129,3.6574282848768,0.0025570019775,0.0489320349900,0.0703239500600,0.0000027302042,15.1439384097487
77225,3.6575562936612,0.0025341331364,0.0489234835231,0.0703129063486,0.0000026220881,15.1439384097487
77255,3.6575867433088,0.0025809671566,0.0488417711780,0.0703042259516,0.0000026220881,15.1439384097487
77260,3.6575319032673,0.0026173005719,0.0487815766144,0.0702975233739,0.0000026220881,15.1439384097487
77261,3.6575097961000,0.0026173005719,0.0487602728412,0.0702896020686,0.0000026220881,15.1439384097487
77267,3.6576070255022,0.0025704665517,0.0488023051550,0.0702859176758,0.0000026220881,15.1439384097487
77268,3.6573895198920,0.0025753146799,0.0487226421424,0.0702564666793,0.0000026220881,15.1439384097487
77273,3.6573764218273,0.0026221487001,0.0485987518696,0.0702321065395,0.0000026220881,15.1439384097487
77308,3.6573279702671,0.0026553473598,0.0485163806305,0.0702162306505,0.0000026220881,15.1439384097487
77354,3.6572889957945,0.0026689827203,0.0484739305505,0.0702063621474,0.0000025696464,15.1439384097487
77355,3.6573356541860,0.0026334371259,0.0484947752992,0.0701992330874,0.0000025696464,15.1439384097487
77358,3.6573909581629,0.0026334371259,0.0484753964559,0.0701930946195,0.0000025696464,15.1439384097487
77361,3.6573655437459,0.0026664815269,0.0484018823228,0.0701806418459,0.0000025696464,15.1439384097487
77412,3.6574478169311,0.0026942150239,0.0483447662222,0.0701732931830,0.0000025696464,15.1439384097487
77491,3.6573529743138,0.0027227363417,0.0482842654308,0.0701625671627,0.0000025696464,15.1439384097487
77503,3.6572648848873,0.0027227363417,0.0482184144593,0.0701378024991,0.0000025696464,15.1439384097487
77508,3.6571934525812,0.0027227363417,0.0482145829497,0.0701354233405,0.0000025696464,15.1439384097487
77568,3.6570982335445,0.0026759023215,0.0482552020580,0.0701285110990,0.0000024678884,15.1439384097487
77729,3.6569659510352,0.0027091009812,0.0482157572598,0.0701267798794,0.0000024185306,15.1439384097487
77799,3.6569904170385,0.0026896919407,0.0482372052050,0.0701264678919,0.0000024185306,15.1439384097487
77800,3.6570651793249,0.0027091009812,0.0481966670871,0.0701213660342,0.0000024185306,15.1439384097487
77814,3.6571590003496,0.0026400151544,0.0482662472076,0.0701179354270,0.0000024185306,15.1439384097487
77816,3.6570287832756,0.0026345334640,0.0482692442932,0.0701148139559,0.0000024185306,15.1439384097487
77821,3.6569486579084,0.0026549011116,0.0482288720774,0.0701079905307,0.0000024185306,15.1439384097487
77822,3.6569543912683,0.0026217024519,0.0482683168756,0.0701079310883,0.0000024185306,15.1439384097487
77830,3.6569032425561,0.0025786367495,0.0482617384677,0.0700864011765,0.0000024185306,15.1439384097487
77841,3.6567667659829,0.0025318027293,0.0482580356001,0.0700630758664,0.0000024185306,15.1439384097487
77947,3.6569394282775,0.0025609410816,0.0482081077445,0.0700601755146,0.0000023701600,15.1439384097487
77955,3.6569416780422,0.0025278966806,0.0482184815049,0.0700497503769,0.0000023701600,15.1439384097487
77984,3.6569656757156,0.0025610953402,0.0481744049587,0.0700485763157,0.0000023701600,15.1439384097487
78015,3.6569832345163,0.0025941397413,0.0481211176935,0.0700439554916,0.0000023701600,15.1439384097487
78034,3.6569380474816,0.0026409737615,0.0480488826166,0.0700375895792,0.0000023227568,15.1439384097487
78044,3.6569019053850,0.0026558431911,0.0479664847714,0.0700140229818,0.0000023227568,15.1439384097487
78046,3.6568963006371,0.0026090091709,0.0480061194700,0.0700080272016,0.0000023227568,15.1439384097487
78065,3.6568040972135,0.0026227987900,0.0479774380183,0.0700023889905,0.0000022763017,15.1439384097487
78102,3.6566335048722,0.0025200350000,0.0480758474032,0.0699910797048,0.0000022763017,15.1439384097487
78103,3.6566487733295,0.0025668690202,0.0479519571304,0.0699671209494,0.0000022763017,15.1439384097487
78119,3.6564820928513,0.0025386727473,0.0479660879173,0.0699577250245,0.0000022763017,15.1439384097487
78184,3.6564742026057,0.0025248831282,0.0479339808094,0.0699402367170,0.0000022763017,15.1439384097487
78186,3.6564796012377,0.0024916844685,0.0479734256077,0.0699401725383,0.0000022763017,15.1439384097487
78195,3.6563254143965,0.0024916844685,0.0479554657608,0.0699315765738,0.0000022763017,15.1439384097487
78198,3.6562880469894,0.0024916844685,0.0479517261636,0.0699297122570,0.0000022763017,15.1439384097487
78199,3.6563314515192,0.0025385184887,0.0478176347304,0.0699025083536,0.0000022763017,15.1439384097487
78291,3.6564972656623,0.0025853525089,0.0477309973463,0.0698939844127,0.0000022307756,15.1439384097487
78299,3.6565814956240,0.0025830055742,0.0477184669386,0.0698896952862,0.0000022307756,15.1439384097487
78326,3.6565799802506,0.0025830055742,0.0476952928667,0.0698813973895,0.0000022307756,15.1439384097487
78342,3.6566120314522,0.0025449422586,0.0477106212404,0.0698710124815,0.0000022307756,15.1439384097487
78367,3.6565586798474,0.0025449422586,0.0476826230335,0.0698602582003,0.0000022307756,15.1439384097487
78409,3.6565078007207,0.0025026643770,0.0477036869961,0.0698489420157,0.0000021861601,15.1439384097487
78425,3.6564259078677,0.0025164539962,0.0476749501655,0.0698434299203,0.0000021861601,15.1439384097487
78536,3.6564175103323,0.0025164539962,0.0476749501655,0.0698433110958,0.0000021861601,15.1439384097487
78541,3.6563071953057,0.0025632880164,0.0475726807422,0.0698252970745,0.0000020995882,15.1439384097487
78704,3.6564008476541,0.0025496526559,0.0475280707036,0.0698048463663,0.0000020995882,15.1439384097487
78763,3.6564474347807,0.0025964866761,0.0474669574566,0.0698037511344,0.0000020575964,15.1439384097487
78765,3.6564395186049,0.0026295310771,0.0474136701914,0.0697987698410,0.0000020575964,15.1439384097487
78774,3.6564325660696,0.0026295310771,0.0474088032494,0.0697969332695,0.0000020575964,15.1439384097487
78841,3.6565084025818,0.0026249749385,0.0473697182699,0.0697820947990,0.0000020575964,15.1439384097487
78847,3.6564676518846,0.0026204187998,0.0473085681036,0.0697577262034,0.0000020575964,15.1439384097487
78925,3.6564834963883,0.0025735847796,0.0473633989893,0.0697574611383,0.0000020164445,15.1439384097487
78926,3.6564950056311,0.0025403861199,0.0473867629616,0.0697517402721,0.0000020164445,15.1439384097487
78939,3.6565110844834,0.0024935520997,0.0474295954759,0.0697471933904,0.0000020164445,15.1439384097487
78977,3.6564775093521,0.0024935520997,0.0473968757121,0.0697350326746,0.0000020164445,15.1439384097487
78982,3.6564735614514,0.0024733552384,0.0474116705935,0.0697316049006,0.0000020164445,15.1439384097487
78997,3.6564037186482,0.0024733552384,0.0473897675418,0.0697227941111,0.0000020164445,15.1439384097487
79068,3.6563112935878,0.0024733552384,0.0473612024851,0.0697112844967,0.0000019761156,15.1439384097487
79083,3.6563267200891,0.0024456217414,0.0472671502505,0.0696660269125,0.0000019761156,15.1439384097487
79133,3.6563221159034,0.0024412363890,0.0472682801130,0.0696644858492,0.0000019365933,15.1439384097487
79177,3.6562755770407,0.0024124065540,0.0473020675912,0.0696635386403,0.0000019365933,15.1439384097487
79192,3.6562647915102,0.0024261961732,0.0472512192163,0.0696511357287,0.0000019365933,15.1439384097487
79249,3.6562226308898,0.0023820341327,0.0472775873697,0.0696410297676,0.0000018978614,15.1439384097487
79250,3.6563417614914,0.0024288681529,0.0471667320370,0.0696231959903,0.0000018978614,15.1439384097487
79361,3.6563787834407,0.0024620668126,0.0471070603708,0.0696166365361,0.0000018978614,15.1439384097487
79387,3.6563956739024,0.0024440626274,0.0471142151393,0.0696117147301,0.0000018978614,15.1439384097487
79420,3.6565270230318,0.0024421784685,0.0469770376778,0.0695637738642,0.0000018599042,15.1439384097487
79421,3.6564945093103,0.0024890124887,0.0469110886836,0.0695598323080,0.0000018599042,15.1439384097487
79422,3.6565723302387,0.0025358465090,0.0468218215695,0.0695491240797,0.0000018599042,15.1439384097487
79456,3.6564949522162,0.0025632714887,0.0467823828610,0.0695456974956,0.0000018599042,15.1439384097487
79486,3.6564833800912,0.0025631172301,0.0467685403940,0.0695405239017,0.0000018599042,15.1439384097487
79489,3.6564309896091,0.0025631172301,0.0467321092070,0.0695267714417,0.0000018599042,15.1439384097487
79585,3.6564962732142,0.0025825262706,0.0466825919658,0.0695183286316,0.0000017862520,15.1439384097487
79796,3.6565907354568,0.0026099512503,0.0466431347976,0.0695173269829,0.0000017505269,15.1439384097487
79910,3.6565683098286,0.0026364176229,0.0465521794599,0.0694958683437,0.0000017155164,15.1439384097487
79952,3.6565728005401,0.0026032189632,0.0465916242581,0.0694957913179,0.0000017155164,15.1439384097487
80207,3.6565183971571,0.0026226280037,0.0465418402708,0.0694855596784,0.0000016475820,15.1439384097487
80261,3.6565442541950,0.0026694620239,0.0464760766425,0.0694825102666,0.0000016146303,15.1439384097487
80263,3.6565772769608,0.0026968870037,0.0464366010146,0.0694806326608,0.0000016146303,15.1439384097487
80271,3.6565067800447,0.0026968870037,0.0464286839243,0.0694768076019,0.0000016146303,15.1439384097487
80327,3.6565482008292,0.0026968870037,0.0463818630707,0.0694606719698,0.0000016146303,15.1439384097487
80400,3.6564952601137,0.0026968870037,0.0463810404458,0.0694596290676,0.0000016146303,15.1439384097487
80423,3.6565475451483,0.0027243119834,0.0463193940185,0.0694501058789,0.0000015823377,15.1439384097487
80435,3.6565942216985,0.0027243119834,0.0462964003822,0.0694425543360,0.0000015823377,15.1439384097487
80452,3.6565463953977,0.0027575106431,0.0462577782089,0.0694423119607,0.0000015823377,15.1439384097487
80522,3.6564707024674,0.0027711460036,0.0462149773957,0.0694317986320,0.0000015823377,15.1439384097487
80676,3.6565147405596,0.0027665898650,0.0461257217455,0.0693985921193,0.0000015196771,15.1439384097487
80705,3.6565969106601,0.0027665898650,0.0461178890436,0.0693969574272,0.0000015196771,15.1439384097487
80796,3.6566720772766,0.0027665898650,0.0460979077401,0.0693908848500,0.0000014892836,15.1439384097487
80823,3.6565867260455,0.0027311985291,0.0461091798468,0.0693785351728,0.0000014892836,15.1439384097487
80879,3.6565028471146,0.0027311985291,0.0461079089938,0.0693768944155,0.0000014892836,15.1439384097487
80903,3.6565155378689,0.0027158497960,0.0460972632343,0.0693666939033,0.0000014892836,15.1439384097487
81032,3.6565802221880,0.0027352588365,0.0460458787700,0.0693575757479,0.0000014594979,15.1439384097487
81088,3.6564783952462,0.0027091009812,0.0460440744247,0.0693442799851,0.0000014594979,15.1439384097487
81095,3.6564370799423,0.0027421453822,0.0459943375778,0.0693400941029,0.0000014303080,15.1439384097487
81128,3.6564553357571,0.0027889794025,0.0458927019521,0.0693241257066,0.0000014303080,15.1439384097487
81212,3.6565716436481,0.0027665898650,0.0459029070741,0.0693198206258,0.0000014017018,15.1439384097487
81227,3.6565285685448,0.0027542051011,0.0458206245434,0.0692845167420,0.0000014017018,15.1439384097487
81234,3.6565606604997,0.0028010391214,0.0457312282119,0.0692731153027,0.0000014017018,15.1439384097487
81259,3.6565742067584,0.0027816300809,0.0457532643570,0.0692728588730,0.0000014017018,15.1439384097487
81300,3.6566193180483,0.0028284641011,0.0456803414651,0.0692675250277,0.0000013736678,15.1439384097487
81492,3.6565487831996,0.0027451258792,0.0456737076491,0.0692284413635,0.0000013461944,15.1439384097487
81493,3.6566073583104,0.0027725508590,0.0456119873833,0.0692189808081,0.0000013461944,15.1439384097487
81598,3.6564095700033,0.0027017351319,0.0456603276766,0.0692030969099,0.0000013461944,15.1439384097487
81639,3.6564953632383,0.0027017351319,0.0456389381258,0.0691966717532,0.0000013192705,15.1439384097487
81752,3.6565031927330,0.0026549011116,0.0456779772507,0.0691906533616,0.0000012928851,15.1439384097487
81757,3.6565510593697,0.0027017351319,0.0455436980568,0.0691634455393,0.0000012928851,15.1439384097487
81777,3.6565376509276,0.0026295310771,0.0455972493940,0.0691514366935,0.0000012670274,15.1439384097487
81784,3.6565832277470,0.0026763650974,0.0455077730223,0.0691401974783,0.0000012670274,15.1439384097487
81867,3.6566139538402,0.0026221652278,0.0455618831415,0.0691367287775,0.0000012670274,15.1439384097487
81938,3.6565109949406,0.0025792537840,0.0455219984057,0.0691026367487,0.0000012670274,15.1439384097487
81950,3.6564778278514,0.0026523999182,0.0454059964472,0.0690920865090,0.0000012416869,15.1439384097487
81980,3.6565102357547,0.0026523999182,0.0453728119048,0.0690806934564,0.0000012416869,15.1439384097487
81999,3.6565966539562,0.0026049323358,0.0454141063760,0.0690763210439,0.0000012416869,15.1439384097487
82114,3.6565920450923,0.0025580983155,0.0454600348874,0.0690725871456,0.0000012168531,15.1439384097487
82266,3.6564835691966,0.0026049323358,0.0453520939019,0.0690525735899,0.0000011925161,15.1439384097487
82267,3.6565030561953,0.0026049323358,0.0453459908092,0.0690506696537,0.0000011925161,15.1439384097487
82290,3.6564839856238,0.0025952195517,0.0453365282046,0.0690428576830,0.0000011686657,15.1439384097487
82291,3.6564161198006,0.0025986793522,0.0452743670567,0.0690211797479,0.0000011686657,15.1439384097487
82303,3.6563654768746,0.0026455133725,0.0451580165143,0.0689989811117,0.0000011686657,15.1439384097487
82316,3.6563759663743,0.0026077585741,0.0451982615933,0.0689973221520,0.0000011686657,15.1439384097487
82333,3.6563971259922,0.0025609245539,0.0452125580325,0.0689826557074,0.0000011686657,15.1439384097487
82362,3.6564016017541,0.0025140905337,0.0452518316036,0.0689766735916,0.0000011686657,15.1439384097487
82405,3.6564628815463,0.0025140905337,0.0452162557299,0.0689648350273,0.0000011686657,15.1439384097487
82466,3.6563966509141,0.0024935851551,0.0452418966555,0.0689642673224,0.0000011452924,15.1439384097487
82541,3.6563209603339,0.0025188009310,0.0451153269322,0.0689287995942,0.0000011452924,15.1439384097487
82569,3.6562401069273,0.0025656349512,0.0450328967244,0.0689182878869,0.0000011452924,15.1439384097487
82671,3.6562746684076,0.0025656349512,0.0450087633553,0.0689101578692,0.0000011223866,15.1439384097487
82805,3.6562037643902,0.0026124689714,0.0449493569142,0.0689080097189,0.0000010779401,15.1439384097487
82825,3.6561200564186,0.0026593029917,0.0448865963335,0.0689044824866,0.0000010779401,15.1439384097487
82829,3.6560899614874,0.0026124689714,0.0449204780436,0.0688960855331,0.0000010779401,15.1439384097487
83449,3.6560547793991,0.0026593029917,0.0448542336952,0.0688920007360,0.0000009942576,15.1439384097487
83464,3.6560950570347,0.0027061370119,0.0447898769591,0.0688896578362,0.0000009942576,15.1439384097487
83466,3.6560148336910,0.0026469182278,0.0448474658545,0.0688837106650,0.0000009942576,15.1439384097487
83506,3.6559965089367,0.0026607078470,0.0447606970972,0.0688583723659,0.0000009743724,15.1439384097487
84025,3.6559978253300,0.0026607078470,0.0447575244328,0.0688572578983,0.0000008987301,15.1439384097487
84916,3.6558550042930,0.0026013348043,0.0448144059279,0.0688501062202,0.0000007961332,15.1439384097487
85037,3.6557830857815,0.0026469182278,0.0447609897409,0.0688495471213,0.0000007802106,15.1439384097487
85195,3.6557807875779,0.0026013348043,0.0448060353662,0.0688460665723,0.0000007493142,15.1439384097487
85215,3.6557263011269,0.0026481688245,0.0446964122832,0.0688262162146,0.0000007493142,15.1439384097487
85275,3.6557064898036,0.0026481688245,0.0446930497185,0.0688247349697,0.0000007493142,15.1439384097487
85277,3.6557062359494,0.0025532501873,0.0447319248157,0.0687979359250,0.0000007493142,15.1439384097487
85327,3.6556342871812,0.0026000842076,0.0446494392290,0.0687875304396,0.0000007493142,15.1439384097487
85891,3.6556219175757,0.0026000842076,0.0446494392290,0.0687873554105,0.0000006773207,15.1439384097487
85932,3.6556615092412,0.0026000842076,0.0446459739209,0.0687866780199,0.0000006773207,15.1439384097487
86061,3.6556366370032,0.0026650766716,0.0445548290054,0.0687816282370,0.0000006637743,15.1439384097487
86112,3.6557000610632,0.0026182426514,0.0446066017053,0.0687809442102,0.0000006637743,15.1439384097487
86157,3.6557109835498,0.0026650766716,0.0445004057355,0.0687632433536,0.0000006504988,15.1439384097487
86396,3.6557668768055,0.0026182426514,0.0445292234990,0.0687542545749,0.0000006247391,15.1439384097487
86466,3.6557156293068,0.0025955280689,0.0445038211796,0.0687347223482,0.0000006247391,15.1439384097487
86522,3.6556673922525,0.0026354755434,0.0444200953527,0.0687212580623,0.0000006247391,15.1439384097487
86758,3.6556519300361,0.0027026606836,0.0443316563522,0.0687182475471,0.0000005879994,15.1439384097487
87168,3.6555914219922,0.0027391648852,0.0442878559624,0.0687173930238,0.0000005647146,15.1439384097487
87266,3.6554631979003,0.0027048533598,0.0443259417135,0.0687144757760,0.0000005534203,15.1439384097487
87297,3.6553082622937,0.0026517498283,0.0443799226152,0.0687088036847,0.0000005423519,15.1439384097487
87309,3.6552241021767,0.0026541132908,0.0442628749050,0.0686668229835,0.0000005423519,15.1439384097487
87393,3.6552107691727,0.0026541132908,0.0442227799614,0.0686523146997,0.0000005315049,15.1439384097487
87565,3.6553331216287,0.0026519206146,0.0441655624459,0.0686326714334,0.0000005208748,15.1439384097487
87592,3.6553222268050,0.0026415907960,0.0440959182936,0.0686032172958,0.0000005208748,15.1439384097487
87802,3.6553059044373,0.0025947567758,0.0441484133427,0.0686016628442,0.0000005104573,15.1439384097487
87832,3.6553834474921,0.0025949110344,0.0441326582146,0.0685971993526,0.0000005104573,15.1439384097487
87856,3.6554157638613,0.0026315694947,0.0440758976779,0.0685930957755,0.0000005002482,15.1439384097487
87860,3.6555511190964,0.0026784035149,0.0439992010210,0.0685876911028,0.0000005002482,15.1439384097487
87899,3.6553744258903,0.0026036817391,0.0440740669809,0.0685799051304,0.0000004902432,15.1439384097487
87965,3.6553934834469,0.0025933519205,0.0440640205950,0.0685721597334,0.0000004902432,15.1439384097487
87969,3.6555289961249,0.0026138572990,0.0439892356255,0.0685561563305,0.0000004902432,15.1439384097487
88046,3.6554141073249,0.0025670232788,0.0440445427316,0.0685542114766,0.0000004902432,15.1439384097487
88145,3.6553959499461,0.0026132237368,0.0439620017660,0.0685442758309,0.0000004804383,15.1439384097487
88157,3.6553642770877,0.0026370346574,0.0439050205078,0.0685336818929,0.0000004804383,15.1439384097487
88239,3.6551917377915,0.0026376682196,0.0438497318613,0.0685117660549,0.0000004708296,15.1439384097487
88294,3.6552652785905,0.0026838686776,0.0437865119389,0.0685100283049,0.0000004708296,15.1439384097487
88407,3.6551933413391,0.0026479980382,0.0438303677076,0.0685093000410,0.0000004614130,15.1439384097487
88466,3.6552345816395,0.0026241871177,0.0438448250236,0.0685048422354,0.0000004614130,15.1439384097487
88733,3.6552484466668,0.0026241871177,0.0437729016559,0.0684793515075,0.0000004431410,15.1439384097487
88804,3.6551761986012,0.0026498821971,0.0437325452814,0.0684749283883,0.0000004342782,15.1439384097487
89018,3.6552214507765,0.0026721174760,0.0436691907048,0.0684624714742,0.0000004255926,15.1439384097487
89204,3.6551696615270,0.0026252834557,0.0436882793587,0.0684484843133,0.0000004087392,15.1439384097487
89323,3.6551715869087,0.0026241871177,0.0436650672270,0.0684397516511,0.0000004005644,15.1439384097487
89341,3.6550794247095,0.0025773530974,0.0437063796149,0.0684331302634,0.0000004005644,15.1439384097487
89362,3.6550612416315,0.0026138572990,0.0436211745390,0.0684180872477,0.0000004005644,15.1439384097487
89424,3.6551308031592,0.0025892585577,0.0435902810274,0.0683974958239,0.0000003925531,15.1439384097487
89596,3.6551698515633,0.0025790829977,0.0435937804217,0.0683949371856,0.0000003770080,15.1439384097487
89618,3.6551515378580,0.0025654476372,0.0436030345915,0.0683921393826,0.0000003770080,15.1439384097487
89799,3.6551320458021,0.0025917762788,0.0435355655043,0.0683790511723,0.0000003694678,15.1439384097487
89801,3.6551864522597,0.0026386102990,0.0434529507002,0.0683703874558,0.0000003694678,15.1439384097487
89953,3.6552321217472,0.0026386102990,0.0434256911045,0.0683612981061,0.0000003620785,15.1439384097487
89982,3.6552524949039,0.0025486940487,0.0434615435357,0.0683358552888,0.0000003548369,15.1439384097487
90071,3.6554140564908,0.0025486940487,0.0434520809311,0.0683347618728,0.0000003548369,15.1439384097487
90077,3.6553501795537,0.0025945859895,0.0433606213529,0.0683208618579,0.0000003548369,15.1439384097487
90084,3.6552736781911,0.0026414200097,0.0432753110938,0.0683093831421,0.0000003548369,15.1439384097487
90414,3.6552229654539,0.0025970871829,0.0433059685449,0.0683006148670,0.0000003407854,15.1439384097487
90489,3.6552382170168,0.0025720256656,0.0432824078293,0.0682816754840,0.0000003272903,15.1439384097487
90564,3.6552490455865,0.0026188596859,0.0432227818817,0.0682806054492,0.0000003272903,15.1439384097487
90576,3.6552872069154,0.0026188596859,0.0432108645007,0.0682768892220,0.0000003272903,15.1439384097487
91093,3.6552696384821,0.0026553638875,0.0431669348935,0.0682765961422,0.0000003018821,15.1439384097487
91206,3.6552753142246,0.0025604452503,0.0432366153949,0.0682608829311,0.0000002958445,15.1439384097487
91230,3.6552640284430,0.0025966244070,0.0431539821311,0.0682467167109,0.0000002958445,15.1439384097487
91258,3.6550533924698,0.0025497903868,0.0432091600198,0.0682433708919,0.0000002958445,15.1439384097487
91259,3.6549916485062,0.0025966244070,0.0430898380885,0.0682199539664,0.0000002958445,15.1439384097487
91269,3.6549948285559,0.0026215316656,0.0430212653937,0.0682061832552,0.0000002958445,15.1439384097487
91425,3.6549672489025,0.0026321865292,0.0429606698590,0.0681887181126,0.0000002899276,15.1439384097487
91436,3.6550157479069,0.0026790205494,0.0428994513114,0.0681876123262,0.0000002899276,15.1439384097487
91515,3.6550626558513,0.0025613873298,0.0430167450630,0.0681797524591,0.0000002841290,15.1439384097487
91632,3.6550541834830,0.0025635800059,0.0429927899773,0.0681720169063,0.0000002728775,15.1439384097487
91821,3.6549941664636,0.0025521373216,0.0429571209169,0.0681535247117,0.0000002674200,15.1439384097487
92013,3.6549713277468,0.0025989713418,0.0428833490449,0.0681469261712,0.0000002620716,15.1439384097487
92097,3.6550292730129,0.0025521373216,0.0429135417175,0.0681384574673,0.0000002620716,15.1439384097487
92170,3.6550309855742,0.0025972414415,0.0428189541535,0.0681240307641,0.0000002568301,15.1439384097487
92181,3.6549558917143,0.0026332663395,0.0427747608073,0.0681226240952,0.0000002568301,15.1439384097487
92245,3.6550653893682,0.0026332663395,0.0427344002769,0.0681097590045,0.0000002568301,15.1439384097487
92397,3.6551021451612,0.0026801003598,0.0426730558767,0.0681084421051,0.0000002466597,15.1439384097487
92524,3.6550924023261,0.0025953572826,0.0427153214582,0.0680870806335,0.0000002417265,15.1439384097487
92647,3.6550051048583,0.0025959908448,0.0426747804873,0.0680716379887,0.0000002417265,15.1439384097487
92690,3.6550156151319,0.0025297477841,0.0427082899181,0.0680553644790,0.0000002368919,15.1439384097487
92862,3.6550340617235,0.0025034191424,0.0427044107232,0.0680429563667,0.0000002275110,15.1439384097487
92868,3.6550301458330,0.0025386562196,0.0426548204664,0.0680402917557,0.0000002275110,15.1439384097487
92874,3.6550565479624,0.0025627921851,0.0426231252346,0.0680396896036,0.0000002275110,15.1439384097487
92939,3.6550759459496,0.0025284971874,0.0426450364114,0.0680330916479,0.0000002275110,15.1439384097487
93045,3.6550835201182,0.0025159581649,0.0426567752443,0.0680320173955,0.0000002229608,15.1439384097487
93413,3.6550586988246,0.0025648306027,0.0425834712896,0.0680264315225,0.0000002098489,15.1439384097487
93711,3.6550327733284,0.0025179965824,0.0426404308417,0.0680263356526,0.0000002015389,15.1439384097487
93756,3.6549776520433,0.0025190929205,0.0425834712896,0.0680056828522,0.0000002015389,15.1439384097487
93872,3.6548514165614,0.0024722589003,0.0426190270009,0.0679965233739,0.0000001975081,15.1439384097487
93926,3.6548928014074,0.0025170545030,0.0425233704263,0.0679821440198,0.0000001935580,15.1439384097487
93930,3.6549301238694,0.0024771070285,0.0425584852089,0.0679780927777,0.0000001935580,15.1439384097487
94006,3.6549516083148,0.0024771070285,0.0425477742735,0.0679745714471,0.0000001935580,15.1439384097487
94161,3.6548912333490,0.0025114020262,0.0424906248211,0.0679680044828,0.0000001896868,15.1439384097487
94226,3.6548343303256,0.0025377306679,0.0423963244642,0.0679448043135,0.0000001858931,15.1439384097487
94274,3.6547892864030,0.0025493276109,0.0423631706993,0.0679372964332,0.0000001858931,15.1439384097487
94306,3.6547937772914,0.0025150326131,0.0424012861952,0.0679362747999,0.0000001858931,15.1439384097487
94338,3.6547739007523,0.0025355379917,0.0423771445064,0.0679361595358,0.0000001858931,15.1439384097487
94502,3.6547447075160,0.0025159581649,0.0423789903882,0.0679280143426,0.0000001785317,15.1439384097487
94645,3.6548257764912,0.0025161289512,0.0423140384200,0.0679060375259,0.0000001749611,15.1439384097487
94751,3.6548685842042,0.0025161289512,0.0422847192861,0.0678961721329,0.0000001714618,15.1439384097487
95045,3.6549268610665,0.0025656184235,0.0422196511233,0.0678949678908,0.0000001613785,15.1439384097487
95086,3.6550342696919,0.0025451130449,0.0421790547735,0.0678732010000,0.0000001613785,15.1439384097487
95087,3.6550342660620,0.0025656184235,0.0421529510084,0.0678726661947,0.0000001613785,15.1439384097487
95210,3.6550647814062,0.0026124524437,0.0420406486717,0.0678530617304,0.0000001581510,15.1439384097487
95390,3.6550581158457,0.0025378849265,0.0420801762587,0.0678351269011,0.0000001549879,15.1439384097487
95405,3.6550474079990,0.0025847189467,0.0420053580745,0.0678283263287,0.0000001549879,15.1439384097487
95410,3.6550367962510,0.0026315529670,0.0419026336140,0.0678115605888,0.0000001549879,15.1439384097487
95484,3.6550215233968,0.0026110475884,0.0418954920204,0.0678000058904,0.0000001518882,15.1439384097487
95642,3.6550106041065,0.0025848897331,0.0419199013026,0.0677973584745,0.0000001488504,15.1439384097487
95680,3.6549823140136,0.0026232615659,0.0418562629861,0.0677906752726,0.0000001488504,15.1439384097487
95756,3.6549361410292,0.0025764275457,0.0419034989703,0.0677868201994,0.0000001458734,15.1439384097487
95821,3.6549361376276,0.0025295935254,0.0419364802570,0.0677785274593,0.0000001458734,15.1439384097487
95842,3.6549836677964,0.0025295935254,0.0419220066026,0.0677740308457,0.0000001458734,15.1439384097487
95939,3.6550569247889,0.0025295935254,0.0419125439981,0.0677716879256,0.0000001400968,15.1439384097487
95995,3.6550303785214,0.0025295935254,0.0418923127210,0.0677640868416,0.0000001400968,15.1439384097487
96018,3.6549329338845,0.0025295935254,0.0418046258137,0.0677313912539,0.0000001400968,15.1439384097487
96044,3.6548787073421,0.0025267672871,0.0417638490235,0.0677148495676,0.0000001400968,15.1439384097487
96047,3.6548449602520,0.0024822967293,0.0418057906434,0.0677102923880,0.0000001400968,15.1439384097487
96639,3.6548307321720,0.0024822967293,0.0417895863243,0.0677043038049,0.0000001266364,15.1439384097487
97878,3.6547946736940,0.0025259959939,0.0416923846990,0.0676878069699,0.0000001055828,15.1439384097487
98615,3.6547752729148,0.0025485397901,0.0415948388592,0.0676623562771,0.0000000935298,15.1439384097487
98709,3.6548447845621,0.0025017057698,0.0416414126788,0.0676599016463,0.0000000916592,15.1439384097487
98722,3.6549651708979,0.0025045320082,0.0415637908723,0.0676350942762,0.0000000916592,15.1439384097487
