0,3.12456,0.555358,0.320124,0.396553,100000.000000
1,3.1246507979798,0.5552407902202,0.3200783822721,0.3964876461490,100000.0000000000000,15.1439384097487
2,3.1246526668002,0.5552407902202,0.3200758161383,0.3964867561163,100000.0000000000000,15.1439384097487
3,3.1246522394039,0.5551939562000,0.3200732358636,0.3964657568191,100000.0000000000000,15.1439384097487
4,3.1246852061223,0.5551939562000,0.3199846711166,0.3964345930291,100000.0000000000000,15.1439384097487
5,3.1245947173602,0.5551471221797,0.3199797048963,0.3964114672461,100000.0000000000000,15.1439384097487
6,3.1246043974934,0.5551471221797,0.3198902935792,0.3963796716061,100000.0000000000000,15.1439384097487
7,3.1247269403841,0.5551471221798,0.3197840557747,0.3963434635068,100000.0000000000000,15.1439384097487
8,3.1247011729505,0.5551002881595,0.3198345413715,0.3963410577467,100000.0000000000000,15.1439384097487
18318,3.4349594837315,0.0985608816259,0.7836591148938,0.3707230798093,149.5534282716008,15.1439384097487
18319,3.4350324226939,0.0985140476057,0.7835425764330,0.3706624192889,149.5534282716008,15.1439384097487
18320,3.4351776808708,0.0984672135855,0.7835648986071,0.3706523751645,149.5534282716008,15.1439384097487
18321,3.4352374431391,0.0984087991499,0.7835760421797,0.3706321658859,149.5534282716008,15.1439384097487
18322,3.4352033659726,0.0984556331702,0.7834814904202,0.3706179869337,149.5534282716008,15.1439384097487
18325,3.4351795917249,0.0984556331702,0.7832187298244,0.3705238074597,149.5534282716008,15.1439384097487
18326,3.4350959072884,0.0984556331702,0.7817712316437,0.3700056596946,149.5534282716008,15.1439384097487
18327,3.4351897182284,0.0984556331702,0.7816836873169,0.3699757212821,149.5534282716008,15.1439384097487
18328,3.4352769014383,0.0984556331702,0.7814459377561,0.3698920443613,149.5534282716008,15.1439384097487
18329,3.4354337135342,0.0984556331702,0.7812866624699,0.3698373792111,149.5534282716008,15.1439384097487
18330,3.4352731531905,0.0984556331702,0.7812675361486,0.3698282764640,149.5534282716008,15.1439384097487
18336,3.4356618570588,0.0984540740562,0.7812261002794,0.3698183098813,149.5534282716008,15.1439384097487
18337,3.4356161935355,0.0984540740562,0.7812111274970,0.3698123163232,149.5534282716008,15.1439384097487
18355,3.4360064946081,0.0983423687752,0.7811568203112,0.3697505699419,149.5534282716008,15.1439384097487
18356,3.4359862485877,0.0983423687752,0.7805674090617,0.3695397794443,149.5534282716008,15.1439384097487
18357,3.4361101542683,0.0983423687752,0.7804994610328,0.3695172655482,149.5534282716008,15.1439384097487
18393,3.4364055957542,0.0979924496133,0.7804211500420,0.3693435124594,143.6311125120454,15.1439384097487
18394,3.4364637229717,0.0979800648494,0.7804209627532,0.3693389603108,143.6311125120454,15.1439384097487
18395,3.4364273004120,0.0979800648494,0.7804220660406,0.3693388389653,143.6311125120454,15.1439384097487
18396,3.4364343720865,0.0979800648494,0.7801828829242,0.3692535164874,143.6311125120454,15.1439384097487
18397,3.4364209264037,0.0979800648494,0.7801774718640,0.3692513937104,143.6311125120454,15.1439384097487
18398,3.4364840877733,0.0980268988697,0.7796794942548,0.3690945100164,143.6311125120454,15.1439384097487
18400,3.4365022956904,0.0979705063240,0.7795821491694,0.3690358333214,143.6311125120454,15.1439384097487
18401,3.4365570646720,0.0979705063240,0.7780937848943,0.3685050496291,143.6311125120454,15.1439384097487
18402,3.4365683730033,0.0979705063240,0.7780725989961,0.3684976432490,143.6311125120454,15.1439384097487
18405,3.4365944729290,0.0979705063240,0.7778513282156,0.3684189872825,143.6311125120454,15.1439384097487
18407,3.4365465809254,0.0979705063240,0.7778023925886,0.3684008326042,143.6311125120454,15.1439384097487
18408,3.4364614493947,0.0979705063240,0.7777626549511,0.3683854359853,143.6311125120454,15.1439384097487
18412,3.4361765476392,0.0980083988532,0.7777110784345,0.3683792241155,143.6311125120454,15.1439384097487
18413,3.4362704483608,0.0980083988532,0.7774992881932,0.3683049134325,143.6311125120454,15.1439384097487
19291,3.4499624572692,0.0860945535290,0.7782852935172,0.3636734369184,106.0815018799824,15.1439384097487
19292,3.4501200707838,0.0861413875493,0.7782183091101,0.3636718158595,106.0815018799824,15.1439384097487
19294,3.4500925568742,0.0861413875493,0.7780541018358,0.3636127810844,106.0815018799824,15.1439384097487
19301,3.4503581837886,0.0858807510755,0.7775672831391,0.3633309745213,103.9598718423827,15.1439384097487
19302,3.4503882357732,0.0858718261123,0.7774525102507,0.3632865844533,103.9598718423827,15.1439384097487
19303,3.4503725763682,0.0858718261123,0.7774372653793,0.3632809182769,103.9598718423827,15.1439384097487
19304,3.4504493922405,0.0859186601325,0.6624867124832,0.3222483080478,103.9598718423827,15.1439384097487
19305,3.4503753570983,0.0859186601325,0.6624753174399,0.3222431907972,103.9598718423827,15.1439384097487
19306,3.4504315575965,0.0859186601325,0.6623893687280,0.3222132900619,103.9598718423827,15.1439384097487
19313,3.4505788557047,0.0859347966865,0.6621656365475,0.3221423856361,103.9598718423827,15.1439384097487
19314,3.4506674947594,0.0859347966865,0.6621237225419,0.3221286705851,103.9598718423827,15.1439384097487
19315,3.4506280587852,0.0859347966865,0.6621167084573,0.3221256075385,103.9598718423827,15.1439384097487
19316,3.4507096055733,0.0859347966865,0.6620718808212,0.3221107515500,103.9598718423827,15.1439384097487
19321,3.4508526387453,0.0859133327007,0.6620478432069,0.3220949917466,103.9598718423827,15.1439384097487
19322,3.4511249740529,0.0859133327007,0.6620363253693,0.3220947317595,103.9598718423827,15.1439384097487
19323,3.4513053505261,0.0859133327007,0.6620117211873,0.3220884968666,103.9598718423827,15.1439384097487
19324,3.4512810706643,0.0858664986805,0.6619285359991,0.3220383725895,103.9598718423827,15.1439384097487
19325,3.4512515517662,0.0858196646603,0.6619375510093,0.3220211028226,103.9598718423827,15.1439384097487
19825,3.4573133620564,0.0796753453156,0.6600823984486,0.3188110428271,86.6763104999238,15.1439384097487
19826,3.4572097906612,0.0797221793359,0.6599289955108,0.3187748622583,86.6763104999238,15.1439384097487
20192,3.4629342651711,0.0756803058763,0.6639421868867,0.3185569143408,76.7815492577598,15.1439384097487
20193,3.4630255979223,0.0757271398966,0.6635437623983,0.3184359839560,76.7815492577598,15.1439384097487
20197,3.4628409073451,0.0757907275053,0.6629312484187,0.3182418674362,76.7815492577598,15.1439384097487
20198,3.4626931071424,0.0757606636012,0.6628724762725,0.3182059014907,76.7815492577598,15.1439384097487
20201,3.4627800378707,0.0756898644018,0.6613167601675,0.3176211761461,76.7815492577598,15.1439384097487
22212,3.4887342771367,0.0561876406756,0.6656704939322,0.3111852359268,37.1018526053234,15.1439384097487
22213,3.4887377135474,0.0561876406756,0.6651116860766,0.3109857103176,37.1018526053234,15.1439384097487
22214,3.4887154016548,0.0561876406756,0.6650171620692,0.3109516360317,37.1018526053234,15.1439384097487
22220,3.4891288544101,0.0561408066554,0.6639417055179,0.3105533230121,37.1018526053234,15.1439384097487
22223,3.4891567681249,0.0561876406756,0.6634057622645,0.3103823814075,37.1018526053234,15.1439384097487
22224,3.4892213249454,0.0561408066554,0.6633507651123,0.3103435813191,37.1018526053234,15.1439384097487
22229,3.4893504750085,0.0562584398750,0.5597626698527,0.2734000747139,37.1018526053234,15.1439384097487
22230,3.4892424036096,0.0562584398750,0.5582094116355,0.2728438104332,37.1018526053234,15.1439384097487
22231,3.4892901990117,0.0563052738952,0.5576113349321,0.2726509596353,37.1018526053234,15.1439384097487
22232,3.4892376862071,0.0563521079155,0.5574622193242,0.2726170327314,37.1018526053234,15.1439384097487
22234,3.4892155716931,0.0562344746958,0.5575211758644,0.2725873614827,37.1018526053234,15.1439384097487
22235,3.4891593452208,0.0562612495857,0.5574824226753,0.2725842004100,37.1018526053234,15.1439384097487
22237,3.4891504601022,0.0562612495857,0.5571190539809,0.2724543001524,37.1018526053234,15.1439384097487
22247,3.4891527422317,0.0561312481299,0.5572046583042,0.2724291905074,37.1018526053234,15.1439384097487
22248,3.4892053875047,0.0560136149103,0.5572510453456,0.2723960879980,37.1018526053234,15.1439384097487
22249,3.4892406822580,0.0560377343480,0.5572162777807,0.2723945073308,37.1018526053234,15.1439384097487
22250,3.4892674352418,0.0560377343480,0.5569845100807,0.2723121117052,37.1018526053234,15.1439384097487
22252,3.4892423272138,0.0560833342993,0.5568490425956,0.2722829180199,37.1018526053234,15.1439384097487
22259,3.4890688751624,0.0560129978758,0.5563014858830,0.2720547635346,37.1018526053234,15.1439384097487
22263,3.4890321542349,0.0559104048720,0.5560958053835,0.2719368181846,37.1018526053234,15.1439384097487
22264,3.4892049514888,0.0559104048720,0.5560614063341,0.2719269778794,37.1018526053234,15.1439384097487
22265,3.4891495952706,0.0558635708518,0.5560367757922,0.2718973262475,37.1018526053234,15.1439384097487
22273,3.4888946203631,0.0559749345602,0.5557513081047,0.2718394929277,35.6326192421526,15.1439384097487
22274,3.4888546172209,0.0559713370287,0.5541747021049,0.2712743115153,35.6326192421526,15.1439384097487
22275,3.4888853099294,0.0559257370775,0.5540868742886,0.2712238359016,35.6326192421526,15.1439384097487
22276,3.4887637826863,0.0559257370775,0.5540128333784,0.2711956731171,35.6326192421526,15.1439384097487
22278,3.4888235514802,0.0558356665685,0.5539375249029,0.2711310213107,35.6326192421526,15.1439384097487
22279,3.4888444360035,0.0557888325483,0.5539856392133,0.2711284287846,35.6326192421526,15.1439384097487
22281,3.4887541666284,0.0558344324995,0.5538537047037,0.2710995748475,35.6326192421526,15.1439384097487
22282,3.4886557865055,0.0558344324995,0.5538522723851,0.2710976712330,35.6326192421526,15.1439384097487
22283,3.4886585809442,0.0557875984793,0.5525389183934,0.2706085840541,35.6326192421526,15.1439384097487
22288,3.4887649697932,0.0557155486832,0.4588775842870,0.2371287344986,35.6326192421526,15.1439384097487
22289,3.4886416540267,0.0557119511517,0.4588030280138,0.2370988205491,35.6326192421526,15.1439384097487
22291,3.4886973067157,0.0557119511517,0.4585633288628,0.2370140011913,35.6326192421526,15.1439384097487
22292,3.4886357432645,0.0557119511517,0.4583019786799,0.2369197907216,35.6326192421526,15.1439384097487
22293,3.4886691664014,0.0556776396262,0.4583139022967,0.2369098171518,35.6326192421526,15.1439384097487
22294,3.4885615131558,0.0556308056060,0.4583094460943,0.2368866306418,35.6326192421526,15.1439384097487
22297,3.4885573401179,0.0556308056060,0.4580566170577,0.2367962755091,35.6326192421526,15.1439384097487
22298,3.4885121145519,0.0556776396262,0.4578658432130,0.2367475737773,35.6326192421526,15.1439384097487
22672,3.4920152229803,0.0525496603688,0.4584364429515,0.2356603656090,31.5648842658889,15.1439384097487
22673,3.4920048240272,0.0525546627556,0.4583193833562,0.2356205553462,31.5648842658889,15.1439384097487
22788,3.4924602254285,0.0515988653000,0.4569726025563,0.2347363786218,29.7086165519805,15.1439384097487
22790,3.4924222933034,0.0515988653000,0.4569534104524,0.2347289875619,29.7086165519805,15.1439384097487
22791,3.4924793417682,0.0515988653000,0.4569359466015,0.2347235577043,29.7086165519805,15.1439384097487
22800,3.4925768189866,0.0513966432618,0.4571699797390,0.2347218536760,29.7086165519805,15.1439384097487
22805,3.4924885710848,0.0513915031441,0.4570494873511,0.2346753690708,29.7086165519805,15.1439384097487
22806,3.4924355121593,0.0514383371643,0.4569940318289,0.2346748844699,29.7086165519805,15.1439384097487
22808,3.4923853615403,0.0514383371643,0.4569872038286,0.2346717362704,29.7086165519805,15.1439384097487
22809,3.4921949806560,0.0514383371643,0.4569744376602,0.2346644830478,29.7086165519805,15.1439384097487
22811,3.4921894206740,0.0513965055309,0.4569204501293,0.2346271952705,29.7086165519805,15.1439384097487
22814,3.4922447354056,0.0513258440624,0.4567554175642,0.2345387542819,29.7086165519805,15.1439384097487
22828,3.4926830067450,0.0513178611786,0.4566217968746,0.2344938128813,29.7086165519805,15.1439384097487
22874,3.4927808225528,0.0510207370310,0.3770257241140,0.2059406892049,29.1144442209409,15.1439384097487
22877,3.4928295855640,0.0510207370310,0.3768837622080,0.2058906785175,29.1144442209409,15.1439384097487
22887,3.4930343957629,0.0511006154522,0.3764683880008,0.2057794622461,29.1144442209409,15.1439384097487
22888,3.4929334941725,0.0511006154522,0.3764022860253,0.2057544266470,29.1144442209409,15.1439384097487
22889,3.4929779399087,0.0511006154522,0.3763657094407,0.2057419924852,29.1144442209409,15.1439384097487
22891,3.4931679236823,0.0511006154522,0.3757835834020,0.2055367785862,29.1144442209409,15.1439384097487
22892,3.4931791646590,0.0511474494725,0.3755010459697,0.2054561031425,29.1144442209409,15.1439384097487
22893,3.4931302320677,0.0511474494725,0.3752404518172,0.2053623414094,29.1144442209409,15.1439384097487
22908,3.4929998657367,0.0511003069350,0.3049030062161,0.1802197765038,29.1144442209409,15.1439384097487
22909,3.4930503626061,0.0511003069350,0.3046620911630,0.1801344499407,29.1144442209409,15.1439384097487
22911,3.4929638618634,0.0511003069350,0.3043889007561,0.1800356579585,29.1144442209409,15.1439384097487
22919,3.4930357124682,0.0508888679440,0.3035658897195,0.1796521254163,29.1144442209409,15.1439384097487
22920,3.4929974482295,0.0509306995774,0.3034097926817,0.1796137628807,29.1144442209409,15.1439384097487
22921,3.4929097716447,0.0509635897198,0.3033441412210,0.1796031710880,29.1144442209409,15.1439384097487
22922,3.4928755871681,0.0509635897198,0.2407880314171,0.1572612195928,29.1144442209409,15.1439384097487
22923,3.4928913629974,0.0509167556996,0.2407723904619,0.1572357850413,29.1144442209409,15.1439384097487
22924,3.4927955519513,0.0509711098278,0.2406186339755,0.1572028109170,29.1144442209409,15.1439384097487
22925,3.4927423687940,0.0509292781944,0.2406038120591,0.1571788369944,29.1144442209409,15.1439384097487
22926,3.4927689049922,0.0508674039582,0.2405269260365,0.1571252356563,29.1144442209409,15.1439384097487
22927,3.4928877066443,0.0507916023720,0.2406126775270,0.1571250558299,29.1144442209409,15.1439384097487
22928,3.4928311204499,0.0507916023720,0.2405392580943,0.1570980339131,29.1144442209409,15.1439384097487
22940,3.4931059755600,0.0505051165602,0.2405168866358,0.1569711536542,29.1144442209409,15.1439384097487
22941,3.4930324783448,0.0505051165602,0.2403998622264,0.1569283192416,29.1144442209409,15.1439384097487
22942,3.4930275317810,0.0504025235565,0.2403193639228,0.1568555314238,29.1144442209409,15.1439384097487
22946,3.4932469538318,0.0502620214958,0.2404541649422,0.1568465642834,29.1144442209409,15.1439384097487
22947,3.4931583279939,0.0502759653736,0.2402591865096,0.1567816510269,29.1144442209409,15.1439384097487
22948,3.4932303932177,0.0503227993938,0.2393820330398,0.1564894733716,29.1144442209409,15.1439384097487
22954,3.4932415839972,0.0502520001945,0.2393607905940,0.1564517026186,27.9615122297916,15.1439384097487
22955,3.4931615023110,0.0502520001945,0.2392827017321,0.1564226805888,27.9615122297916,15.1439384097487
23147,3.4965744560009,0.0487517193776,0.2371123380326,0.1550528662693,26.3171516185820,15.1439384097487
23324,3.4967192986221,0.0480072066544,0.2377915977940,0.1549784316733,24.7694925661964,15.1439384097487
23326,3.4968306572158,0.0479852964205,0.2377090461194,0.1549411345488,24.7694925661964,15.1439384097487
23334,3.4970192896368,0.0479295374370,0.2377096156665,0.1549201103874,24.7694925661964,15.1439384097487
27279,3.5291472708038,0.0231368874726,0.2361214640845,0.1441821007623,6.1449214031437,15.1439384097487
27282,3.5291660783838,0.0230900534524,0.2361691307944,0.1441793189903,6.1449214031437,15.1439384097487
27284,3.5292075860733,0.0231346782687,0.2359119804293,0.1441071918265,6.1449214031437,15.1439384097487
27285,3.5292595940688,0.0230878442485,0.2359046173519,0.1440852263427,6.1449214031437,15.1439384097487
27286,3.5292302623153,0.0229702110289,0.2359775164477,0.1440604324548,6.1449214031437,15.1439384097487
27289,3.5291097661297,0.0228057437890,0.2358674676309,0.1439489383330,6.0220229750808,15.1439384097487
27290,3.5292261433422,0.0228057437890,0.2357568906149,0.1439110932714,6.0220229750808,15.1439384097487
27293,3.5289780398493,0.0228497680986,0.2356320674803,0.1438818704939,6.0220229750808,15.1439384097487
27294,3.5291579933963,0.0228497680986,0.2353785515839,0.1437938754329,6.0220229750808,15.1439384097487
27297,3.5288100745357,0.0228013749644,0.2351164059246,0.1436745890399,6.0220229750808,15.1439384097487
27467,3.5292516080535,0.0217624431287,0.2362518619178,0.1436411002062,5.6678798479623,15.1439384097487
27468,3.5293671761237,0.0217624431287,0.2360992092325,0.1435882166705,5.6678798479623,15.1439384097487
27471,3.5293173868067,0.0216391739601,0.2351676202017,0.1432019721431,5.6678798479623,15.1439384097487
27473,3.5293949137749,0.0215675869398,0.2352181969547,0.1431904521191,5.6678798479623,15.1439384097487
27474,3.5294950558007,0.0216144209601,0.2350148669948,0.1431393230022,5.6678798479623,15.1439384097487
27601,3.5312721044916,0.0208624046566,0.1870802717829,0.1257226771307,5.4434318059830,15.1439384097487
27604,3.5311346594299,0.0208028938830,0.1870843595822,0.1256966876033,5.4434318059830,15.1439384097487
27605,3.5310668732458,0.0208497279032,0.1864247221657,0.1254802153647,5.4434318059830,15.1439384097487
27609,3.5312212650418,0.0208965619234,0.1863221328162,0.1254658326678,5.4434318059830,15.1439384097487
27610,3.5311905317459,0.0209233368133,0.1861686067386,0.1254220420046,5.4434318059830,15.1439384097487
27625,3.5310687900136,0.0208556723695,0.1446734110813,0.1105716075851,5.4434318059830,15.1439384097487
27626,3.5311148121600,0.0208210523268,0.1445338079891,0.1105075633870,5.4434318059830,15.1439384097487
27627,3.5309982942538,0.0207988170479,0.1445186035567,0.1104909551068,5.3345631698633,15.1439384097487
27628,3.5309641183396,0.0207897378260,0.1445029015787,0.1104809725755,5.3345631698633,15.1439384097487
27629,3.5311841470216,0.0207792537488,0.1443440104868,0.1104228459721,5.3345631698633,15.1439384097487
27630,3.5311936881481,0.0207324197285,0.1441174549978,0.1103219965808,5.3345631698633,15.1439384097487
27892,3.5320500692656,0.0191046386494,0.1452865522107,0.1100540285727,4.8220225910828,15.1439384097487
27896,3.5321497295528,0.0189758877903,0.1452688734625,0.1099939459809,4.8220225910828,15.1439384097487
27897,3.5321238382510,0.0190842710017,0.1435259537748,0.1094175582514,4.8220225910828,15.1439384097487
27898,3.5322850183710,0.0190792686149,0.1434629340257,0.1093951880059,4.8220225910828,15.1439384097487
27899,3.5324224486891,0.0190542070977,0.1434645782721,0.1093869792164,4.8220225910828,15.1439384097487
27900,3.5325000885666,0.0190300876599,0.1431186671905,0.1092542012415,4.8220225910828,15.1439384097487
27901,3.5324368413455,0.0190300876599,0.1416489239973,0.1087283980143,4.8220225910828,15.1439384097487
27902,3.5323054490963,0.0190300876599,0.1414772650878,0.1086652320694,4.8220225910828,15.1439384097487
27930,3.5325394534020,0.0187636444508,0.1415029296878,0.1085635191964,4.8220225910828,15.1439384097487
27931,3.5325050972184,0.0188104784710,0.1414355720371,0.1085590484779,4.8220225910828,15.1439384097487
27932,3.5324734347209,0.0189281116906,0.1411258909708,0.1084984143118,4.8220225910828,15.1439384097487
27933,3.5325286401919,0.0189407884440,0.1410717940135,0.1084853080180,4.8220225910828,15.1439384097487
27934,3.5324703188315,0.0189407884440,0.1409974078102,0.1084579162734,4.8220225910828,15.1439384097487
27936,3.5324041795596,0.0189876224643,0.1405251841137,0.1083084008099,4.8220225910828,15.1439384097487
27937,3.5325569166970,0.0188699892446,0.1406263084742,0.1082962636363,4.8220225910828,15.1439384097487
27938,3.5325072102634,0.0188477539658,0.1406304930929,0.1082875253950,4.8220225910828,15.1439384097487
27939,3.5325569016492,0.0188009199455,0.1405602467911,0.1082430688369,4.8220225910828,15.1439384097487
27940,3.5325033967386,0.0188009199455,0.1404725167688,0.1082109795952,4.8220225910828,15.1439384097487
27941,3.5324426217920,0.0188009199455,0.1402895970838,0.1081447911748,4.8220225910828,15.1439384097487
27943,3.5325007006280,0.0188009199455,0.1402064520713,0.1081159183391,4.8220225910828,15.1439384097487
27944,3.5326175657595,0.0187813401187,0.1402136812239,0.1081117624588,4.8220225910828,15.1439384097487
27947,3.5325871297429,0.0187813401187,0.1401417549672,0.1080856438424,4.8220225910828,15.1439384097487
27948,3.5324714238216,0.0187722608968,0.1398534362097,0.1079771445314,4.8220225910828,15.1439384097487
27949,3.5325242497372,0.0187722608968,0.1398252769589,0.1079678351393,4.8220225910828,15.1439384097487
27950,3.5325821117446,0.0187811858601,0.1396756361013,0.1079190357037,4.8220225910828,15.1439384097487
27951,3.5326579567138,0.0187434310618,0.1394555371387,0.1078253215047,4.8220225910828,15.1439384097487
27952,3.5326434532751,0.0186965970415,0.1394630458267,0.1078077262333,4.8220225910828,15.1439384097487
42343,3.5985572822529,0.0041734781031,0.1284459740069,0.0985815401612,0.0284873772337,15.1439384097487
42365,3.5985660700875,0.0045609812770,0.1275038814726,0.0984112756779,0.0284873772337,15.1439384097487
42370,3.5983295315964,0.0045904116189,0.1274273405658,0.0983932056396,0.0284873772337,15.1439384097487
42373,3.5982868144730,0.0046104707493,0.1273467481448,0.0983724149578,0.0279176296890,15.1439384097487
42374,3.5982493555559,0.0046287999794,0.1272860528117,0.0983580633963,0.0279176296890,15.1439384097487
42375,3.5983049798735,0.0046287999794,0.1257174236293,0.0977986257687,0.0279176296890,15.1439384097487
42376,3.5984807553909,0.0046729785476,0.1254798697528,0.0977352059824,0.0279176296890,15.1439384097487
42377,3.5984582169653,0.0046532444621,0.1254857621753,0.0977285340366,0.0279176296890,15.1439384097487
42378,3.5984755336532,0.0046154896638,0.1255150894585,0.0977230724684,0.0279176296890,15.1439384097487
42443,3.5990298946707,0.0046092201526,0.0947738040035,0.0867491991867,0.0279176296890,15.1439384097487
42445,3.5990828579859,0.0046092201526,0.0946294029188,0.0866983767981,0.0279176296890,15.1439384097487
42446,3.5989976540481,0.0045623861323,0.0946065062227,0.0866689220536,0.0279176296890,15.1439384097487
42447,3.5991435573931,0.0045392087740,0.0945759634205,0.0866501452790,0.0279176296890,15.1439384097487
42448,3.5992127498589,0.0046568419936,0.0944309726825,0.0866497561783,0.0279176296890,15.1439384097487
42449,3.5992890606093,0.0045810238797,0.0944017655888,0.0866079113880,0.0279176296890,15.1439384097487
42508,3.5992436699852,0.0042618021841,0.0944919075176,0.0865026533616,0.0268120915533,15.1439384097487
42532,3.5993457196353,0.0042878388362,0.0943237478885,0.0864551989121,0.0268120915533,15.1439384097487
42942,3.5997283962050,0.0044314756525,0.0938703253896,0.0863602357888,0.0232762612772,15.1439384097487
42943,3.5996329818153,0.0043846416323,0.0937879185826,0.0863093829561,0.0232762612772,15.1439384097487
42944,3.5996408104840,0.0043378076121,0.0937592978828,0.0862792003298,0.0232762612772,15.1439384097487
42945,3.5995841119042,0.0043378076121,0.0934672281082,0.0861740874149,0.0232762612772,15.1439384097487
42946,3.5997604932621,0.0042909735918,0.0934070632277,0.0861350240190,0.0232762612772,15.1439384097487
42947,3.5997657564286,0.0042909735918,0.0930060806367,0.0859918904242,0.0232762612772,15.1439384097487
42948,3.5998490203754,0.0042909735918,0.0926131636991,0.0858527411258,0.0232762612772,15.1439384097487
42949,3.5999530102235,0.0043259021518,0.0921072099589,0.0856884841936,0.0232762612772,15.1439384097487
42950,3.6000305979986,0.0043262106691,0.0920203807331,0.0856587038394,0.0232762612772,15.1439384097487
42951,3.6000028096557,0.0043262106691,0.0920210022862,0.0856585326194,0.0232762612772,15.1439384097487
42953,3.6000287884287,0.0042793766488,0.0920525150161,0.0856500830408,0.0232762612772,15.1439384097487
42954,3.6000843627070,0.0042793766488,0.0920285994539,0.0856423281409,0.0232762612772,15.1439384097487
42955,3.6000059402435,0.0042793766488,0.0918451036519,0.0855756842533,0.0232762612772,15.1439384097487
43031,3.5993968961725,0.0044369408152,0.0913318665737,0.0854512948638,0.0223545213306,15.1439384097487
43032,3.5993802800958,0.0044837748355,0.0912064680409,0.0854263462801,0.0223545213306,15.1439384097487
43035,3.5993418800795,0.0045069521938,0.0911351682796,0.0854102718756,0.0223545213306,15.1439384097487
43036,3.5994468906951,0.0045019498070,0.0911044697745,0.0853986501369,0.0223545213306,15.1439384097487
43145,3.5995959416530,0.0039850456841,0.0759611360459,0.0797708953851,0.0214692822859,15.1439384097487
43146,3.5996156185277,0.0039382116639,0.0753535588893,0.0795341102469,0.0214692822859,15.1439384097487
43150,3.5998448171490,0.0039189568820,0.0751799031348,0.0794670814304,0.0214692822859,15.1439384097487
43162,3.6003435812113,0.0039092606256,0.0750627323590,0.0794281366644,0.0214692822859,15.1439384097487
43165,3.5999814369362,0.0039092606256,0.0744616401248,0.0792083365492,0.0214692822859,15.1439384097487
43167,3.6000557406071,0.0038914106991,0.0744392676819,0.0791937478145,0.0214692822859,15.1439384097487
43178,3.5999520592762,0.0042632566226,0.0737574624408,0.0791081413974,0.0214692822859,15.1439384097487
43180,3.6001267859001,0.0042164226023,0.0738017735709,0.0791063674481,0.0214692822859,15.1439384097487
43181,3.6002555655488,0.0042164226023,0.0736182870448,0.0790426587693,0.0210398966402,15.1439384097487
43183,3.6002332339416,0.0042164226023,0.0734567387343,0.0789846469534,0.0210398966402,15.1439384097487
43194,3.5998829726550,0.0041343349772,0.0726551215960,0.0786582185337,0.0210398966402,15.1439384097487
43196,3.5998205963391,0.0040989436413,0.0726907906565,0.0786549071479,0.0210398966402,15.1439384097487
43207,3.6001797782081,0.0042997277688,0.0719283878033,0.0784737531543,0.0210398966402,15.1439384097487
43211,3.6000630818204,0.0042528937486,0.0717015098150,0.0783710023323,0.0210398966402,15.1439384097487
43213,3.5999375805504,0.0042060597283,0.0716379467726,0.0783264536882,0.0210398966402,15.1439384097487
43214,3.5999721966518,0.0042060597283,0.0716226150596,0.0783214678920,0.0210398966402,15.1439384097487
43216,3.5997916557820,0.0041302416144,0.0713577118265,0.0781918114758,0.0210398966402,15.1439384097487
43217,3.5997516016042,0.0041503007448,0.0713021640150,0.0781800029779,0.0210398966402,15.1439384097487
43218,3.5998266171306,0.0041275861624,0.0711514639878,0.0781175081833,0.0210398966402,15.1439384097487
43220,3.5996348477333,0.0041744201826,0.0710439787671,0.0780964788033,0.0210398966402,15.1439384097487
44822,3.6071921518392,0.0036743027036,0.0696199095715,0.0774804819465,0.0119501600361,15.1439384097487
44828,3.6071726946541,0.0034877544435,0.0698387083352,0.0774783997900,0.0119501600361,15.1439384097487
44829,3.6070038856957,0.0034988720830,0.0697726914590,0.0774571984013,0.0119501600361,15.1439384097487
44921,3.6072912454563,0.0037587207359,0.0693947596192,0.0774376525740,0.0114769336987,15.1439384097487
44923,3.6073079602038,0.0037587207359,0.0693471080901,0.0774208706833,0.0114769336987,15.1439384097487
44925,3.6072135200751,0.0037176769233,0.0693545606244,0.0774046057758,0.0114769336987,15.1439384097487
44926,3.6072133272615,0.0037645109435,0.0692253210163,0.0773785177676,0.0114769336987,15.1439384097487
44963,3.6077404936768,0.0038984515034,0.0690335201650,0.0773748799301,0.0112473950247,15.1439384097487
44970,3.6076250556885,0.0038998728865,0.0690196129461,0.0773688887906,0.0112473950247,15.1439384097487
44971,3.6075104994469,0.0039113155709,0.0688324413342,0.0773053248308,0.0112473950247,15.1439384097487
45144,3.6093231682483,0.0037462312965,0.0689461067745,0.0773008183698,0.0105859582181,15.1439384097487
45145,3.6093000169653,0.0037462312965,0.0688937247368,0.0772817829100,0.0105859582181,15.1439384097487
45147,3.6093892084765,0.0037477904105,0.0688451670212,0.0772663711144,0.0105859582181,15.1439384097487
45148,3.6094565065320,0.0037009563902,0.0687981321455,0.0772304534845,0.0105859582181,15.1439384097487
46743,3.6117000525433,0.0041983853618,0.0680944043748,0.0772240520086,0.0061352776199,15.1439384097487
46770,3.6116509335246,0.0043560872591,0.0678338522261,0.0771978891663,0.0058923206261,15.1439384097487
46771,3.6116713842595,0.0043092532388,0.0677897511859,0.0771623564484,0.0058923206261,15.1439384097487
46775,3.6118835601026,0.0042741538925,0.0678130093238,0.0771586226232,0.0058923206261,15.1439384097487
46796,3.6122788795508,0.0041505762066,0.0679344271718,0.0771546180187,0.0058923206261,15.1439384097487
46804,3.6122152299241,0.0041388415327,0.0679046187831,0.0771380423817,0.0058923206261,15.1439384097487
47931,3.6177466798710,0.0040009067763,0.0678460344644,0.0771362741614,0.0040140410430,15.1439384097487
47932,3.6177111848693,0.0040461816825,0.0677884964635,0.0771346261547,0.0040140410430,15.1439384097487
47968,3.6182200434752,0.0042352311361,0.0674900189717,0.0771162485600,0.0038550850177,15.1439384097487
47971,3.6182260634758,0.0042352311361,0.0674575227286,0.0771047279415,0.0038550850177,15.1439384097487
48214,3.6180512018853,0.0042276779727,0.0674345819416,0.0770908234535,0.0036283751780,15.1439384097487
48215,3.6180274620070,0.0042276779727,0.0673900266672,0.0770745749378,0.0036283751780,15.1439384097487
48227,3.6185376500642,0.0042074811114,0.0673856110061,0.0770715612451,0.0035558076744,15.1439384097487
48228,3.6186759114976,0.0042566620664,0.0671012038676,0.0769930212093,0.0035558076744,15.1439384097487
48234,3.6188906276108,0.0042812608077,0.0670603029453,0.0769919942734,0.0035558076744,15.1439384097487
48236,3.6188321213485,0.0042831449667,0.0670102992721,0.0769741154556,0.0035558076744,15.1439384097487
48322,3.6188497839167,0.0043117709600,0.0668793513994,0.0769398665653,0.0034149976905,15.1439384097487
48324,3.6188102031130,0.0043142721534,0.0668242864531,0.0769207123873,0.0034149976905,15.1439384097487
48326,3.6187564866540,0.0043142721534,0.0668221193760,0.0769191783469,0.0034149976905,15.1439384097487
48334,3.6184847775250,0.0043014411414,0.0668343849519,0.0769142152386,0.0034149976905,15.1439384097487
48372,3.6179832643522,0.0041974598100,0.0667425292998,0.0768297498431,0.0034149976905,15.1439384097487
48373,3.6180450950164,0.0041974598100,0.0666859968959,0.0768104345985,0.0034149976905,15.1439384097487
48376,3.6179853577583,0.0042693553475,0.0664160713081,0.0767439996979,0.0034149976905,15.1439384097487
48378,3.6181499833780,0.0042225213272,0.0664556996374,0.0767404103912,0.0034149976905,15.1439384097487
48382,3.6182069646466,0.0041255477448,0.0665452729329,0.0767316470283,0.0034149976905,15.1439384097487
48383,3.6183296297000,0.0041255477448,0.0665248761670,0.0767260981713,0.0034149976905,15.1439384097487
48385,3.6182106257879,0.0040771546106,0.0665450930999,0.0767108946925,0.0034149976905,15.1439384097487
48974,3.6188575928671,0.0042967307441,0.0661934168646,0.0766885546350,0.0027344957135,15.1439384097487
49982,3.6203555286487,0.0036370106812,0.0666834756707,0.0766020341584,0.0019008445825,15.1439384097487
49983,3.6205511413591,0.0036413960335,0.0666626633717,0.0765992485379,0.0019008445825,15.1439384097487
49984,3.6205796373522,0.0036882300537,0.0665848738497,0.0765919415051,0.0019008445825,15.1439384097487
49988,3.6206550061929,0.0037530682591,0.0664081724992,0.0765576881463,0.0019008445825,15.1439384097487
49994,3.6206399703822,0.0037276982246,0.0660697542115,0.0764257388445,0.0019008445825,15.1439384097487
49998,3.6207556769161,0.0038213662651,0.0658497707404,0.0763889540047,0.0019008445825,15.1439384097487
50166,3.6202165283542,0.0044353982290,0.0651255851698,0.0763858439408,0.0017890597143,15.1439384097487
51309,3.6238622536370,0.0039785007111,0.0652990319117,0.0763035627524,0.0012187658441,15.1439384097487
51388,3.6249825011496,0.0042145219157,0.0649656640802,0.0763015061847,0.0011705027167,15.1439384097487
51389,3.6250864448037,0.0042474120581,0.0648552842897,0.0762776514020,0.0011705027167,15.1439384097487
51390,3.6251795680794,0.0041297788385,0.0649576166980,0.0762651021418,0.0011705027167,15.1439384097487
52095,3.6244015635359,0.0042917448850,0.0647700594039,0.0762565227017,0.0009185130570,15.1439384097487
52098,3.6244742579171,0.0043196326406,0.0647138706898,0.0762494358197,0.0009185130570,15.1439384097487
52099,3.6245626722222,0.0043664666608,0.0646113257357,0.0762341354012,0.0009185130570,15.1439384097487
52119,3.6248888104396,0.0040792095559,0.0648701029392,0.0762080604772,0.0009185130570,15.1439384097487
52120,3.6249240670961,0.0040323755357,0.0648583032305,0.0761842734518,0.0009185130570,15.1439384097487
52172,3.6250074281178,0.0040287614765,0.0648230641538,0.0761713187377,0.0009001427958,15.1439384097487
52255,3.6252989055404,0.0034643897712,0.0652647414232,0.0760913114176,0.0008644971411,15.1439384097487
52256,3.6252932454409,0.0034643897712,0.0650413250245,0.0760114397566,0.0008644971411,15.1439384097487
52258,3.6252928762380,0.0034643897712,0.0648866737559,0.0759562019365,0.0008644971411,15.1439384097487
52259,3.6253285350507,0.0034643897712,0.0648835608271,0.0759555947460,0.0008644971411,15.1439384097487
52261,3.6252263355887,0.0035600962292,0.0646619970383,0.0759160357594,0.0008644971411,15.1439384097487
52262,3.6251541329106,0.0034424630096,0.0647177896929,0.0758845258074,0.0008644971411,15.1439384097487
52264,3.6251724428963,0.0034424630096,0.0646947069939,0.0758765410714,0.0008644971411,15.1439384097487
52267,3.6252267771842,0.0034651775920,0.0644316836320,0.0757931078040,0.0008644971411,15.1439384097487
53449,3.6294389978617,0.0042001152620,0.0633785892887,0.0757915786091,0.0005771451830,15.1439384097487
53450,3.6293813650706,0.0042001152620,0.0633621048089,0.0757848757947,0.0005771451830,15.1439384097487
53458,3.6297664560263,0.0041615891706,0.0633203114065,0.0757588874087,0.0005771451830,15.1439384097487
53459,3.6296489112761,0.0042478913617,0.0631811273746,0.0757445022289,0.0005771451830,15.1439384097487
53777,3.6308449161071,0.0035649443574,0.0636147783901,0.0756236094066,0.0005216935337,15.1439384097487
53778,3.6308293991335,0.0036756745035,0.0634779340309,0.0756219726339,0.0005216935337,15.1439384097487
53779,3.6307799226771,0.0037477242996,0.0633437280825,0.0756042203336,0.0005216935337,15.1439384097487
53780,3.6307302930049,0.0037008902794,0.0633514894967,0.0755862182877,0.0005216935337,15.1439384097487
53785,3.6306740079084,0.0038553362179,0.0631643640001,0.0755847824394,0.0005112596630,15.1439384097487
53787,3.6307103197702,0.0038085021977,0.0631567926123,0.0755625204597,0.0005112596630,15.1439384097487
53790,3.6305276749471,0.0038258893483,0.0629952443017,0.0755096918585,0.0005112596630,15.1439384097487
53836,3.6311090843197,0.0035246553102,0.0633038414076,0.0754990317123,0.0005112596630,15.1439384097487
53837,3.6310707996930,0.0035512924691,0.0632135325070,0.0754776527338,0.0005112596630,15.1439384097487
53838,3.6310489922363,0.0035193444061,0.0631435644202,0.0754386635303,0.0005112596630,15.1439384097487
53840,3.6310156751358,0.0035943746992,0.0629826295094,0.0754128711817,0.0005112596630,15.1439384097487
53841,3.6309993637208,0.0035570992045,0.0629505114225,0.0753851944189,0.0005112596630,15.1439384097487
53842,3.6309822044766,0.0035690046647,0.0629032674818,0.0753731811208,0.0005112596630,15.1439384097487
53843,3.6309253242135,0.0035690046647,0.0628798201166,0.0753640022099,0.0005112596630,15.1439384097487
53854,3.6311810921901,0.0034678165163,0.0629345315903,0.0753437947724,0.0005112596630,15.1439384097487
53859,3.6312113863412,0.0034463525306,0.0629486385507,0.0753400627817,0.0005112596630,15.1439384097487
53865,3.6311303311964,0.0035367315568,0.0627105053107,0.0752926021395,0.0005112596630,15.1439384097487
53867,3.6311483563157,0.0035130748949,0.0627358806239,0.0752917812362,0.0005112596630,15.1439384097487
53868,3.6311168436744,0.0034662408747,0.0627223561368,0.0752664334375,0.0005112596630,15.1439384097487
53881,3.6309223226336,0.0035999941205,0.0625343601094,0.0752538623591,0.0005010344697,15.1439384097487
53882,3.6309393190521,0.0036253641550,0.0623293276349,0.0751917498455,0.0005010344697,15.1439384097487
53886,3.6307931443268,0.0035320046318,0.0624194538478,0.0751818581919,0.0005010344697,15.1439384097487
53887,3.6308850507057,0.0035512759414,0.0623232699129,0.0751570663883,0.0005010344697,15.1439384097487
53890,3.6309737911088,0.0034557237420,0.0624161157655,0.0751505303496,0.0005010344697,15.1439384097487
54743,3.6301699368404,0.0041013952516,0.0616540170792,0.0751436941245,0.0003700485787,15.1439384097487
54746,3.6300948401683,0.0040179192989,0.0617451876321,0.0751394170150,0.0003700485787,15.1439384097487
54747,3.6299483539919,0.0040179192989,0.0616530960850,0.0751044544072,0.0003700485787,15.1439384097487
54748,3.6299164620895,0.0040163601849,0.0615787098817,0.0750767684460,0.0003700485787,15.1439384097487
54765,3.6298497781877,0.0038819733768,0.0616438646534,0.0750415000883,0.0003700485787,15.1439384097487
54768,3.6299882201908,0.0039288073970,0.0615636754457,0.0750348917536,0.0003700485787,15.1439384097487
54773,3.6299173169429,0.0037658992711,0.0617402105710,0.0750271189682,0.0003700485787,15.1439384097487
56339,3.6318065026766,0.0042494670034,0.0610194055531,0.0750036637701,0.0002188450402,15.1439384097487
56340,3.6317799174762,0.0042494670034,0.0609846379882,0.0749908706038,0.0002188450402,15.1439384097487
56347,3.6320255353704,0.0043002236001,0.0607463166795,0.0749309841546,0.0002188450402,15.1439384097487
56615,3.6327970520299,0.0042948465852,0.0606872870338,0.0749185146124,0.0001978185831,15.1439384097487
57652,3.6364485038631,0.0040871924397,0.0604685439917,0.0748030652625,0.0001431806396,15.1439384097487
57653,3.6364729854146,0.0040871924397,0.0603026924710,0.0747441789888,0.0001431806396,15.1439384097487
57658,3.6365512438862,0.0040403584195,0.0602700920926,0.0747135716257,0.0001431806396,15.1439384097487
57660,3.6365138892022,0.0040312791976,0.0602526823621,0.0747029342034,0.0001431806396,15.1439384097487
57661,3.6363809867863,0.0040090439187,0.0602446142274,0.0746886427612,0.0001431806396,15.1439384097487
57668,3.6364012107766,0.0042031122867,0.0598996746479,0.0746489083801,0.0001431806396,15.1439384097487
57684,3.6368376568771,0.0041362356638,0.0599569154553,0.0746468657989,0.0001431806396,15.1439384097487
58239,3.6419882720300,0.0042679339644,0.0595685072561,0.0746374715732,0.0001218127937,15.1439384097487
58856,3.6453289165551,0.0040079145252,0.0597375013193,0.0746336595895,0.0000995299213,15.1439384097487
58857,3.6454255218419,0.0040079145252,0.0596928565999,0.0746190820052,0.0000995299213,15.1439384097487
58923,3.6460486560562,0.0041770756346,0.0593485963354,0.0745774468365,0.0000995299213,15.1439384097487
58932,3.6462487316107,0.0040763667898,0.0593809757795,0.0745486810459,0.0000995299213,15.1439384097487
58937,3.6461589650833,0.0041521683760,0.0591836060994,0.0745094080781,0.0000995299213,15.1439384097487
58938,3.6462231515970,0.0041990023963,0.0590269137509,0.0744744264829,0.0000995299213,15.1439384097487
58939,3.6462781503358,0.0041971182373,0.0589635363704,0.0744517624360,0.0000995299213,15.1439384097487
58940,3.6461833163748,0.0042412802778,0.0588996052013,0.0744465145702,0.0000995299213,15.1439384097487
60730,3.6504782026831,0.0033218327652,0.0598219222553,0.0744426369377,0.0000588615411,15.1439384097487
60860,3.6501233870281,0.0034736067240,0.0595824430640,0.0744171340197,0.0000576843103,15.1439384097487
60864,3.6501283176299,0.0035204407442,0.0593686617126,0.0743609250277,0.0000565306241,15.1439384097487
60889,3.6501306556935,0.0035188981580,0.0592960796589,0.0743343748407,0.0000565306241,15.1439384097487
60890,3.6500507545628,0.0034720641377,0.0593491561748,0.0743321284206,0.0000565306241,15.1439384097487
61175,3.6516796821505,0.0032057586596,0.0595363262587,0.0743078931762,0.0000532061711,15.1439384097487
61867,3.6527300200005,0.0034273897382,0.0592234839094,0.0743060107239,0.0000443605261,15.1439384097487
61868,3.6527650757349,0.0034519884796,0.0591153166805,0.0742784179248,0.0000443605261,15.1439384097487
61990,3.6522059640893,0.0035167220095,0.0590322391341,0.0742685789215,0.0000426038493,15.1439384097487
61991,3.6521957591682,0.0035467859136,0.0589461962383,0.0742505894473,0.0000426038493,15.1439384097487
62268,3.6528418785097,0.0035710430823,0.0588428866939,0.0742332316563,0.0000400984021,15.1439384097487
62272,3.6528554089881,0.0035710430823,0.0587870940393,0.0742134971636,0.0000400984021,15.1439384097487
62273,3.6528659413843,0.0035242090620,0.0587592185223,0.0741836189315,0.0000400984021,15.1439384097487
62274,3.6528108388440,0.0036111448154,0.0585690961981,0.0741521965842,0.0000392964341,15.1439384097487
62275,3.6529097496916,0.0036579788356,0.0583835605242,0.0741074051483,0.0000392964341,15.1439384097487
62276,3.6528101615230,0.0036111448154,0.0583606385512,0.0740777378405,0.0000392964341,15.1439384097487
62288,3.6528214486216,0.0035491163207,0.0584314864232,0.0740766167231,0.0000392964341,15.1439384097487
62297,3.6527414839567,0.0035581955426,0.0584222056290,0.0740760617542,0.0000392964341,15.1439384097487
62551,3.6533833961471,0.0034922279437,0.0584382584887,0.0740626061048,0.0000377402953,15.1439384097487
62766,3.6530672393508,0.0032987600824,0.0586802181409,0.0740616318711,0.0000355208640,15.1439384097487
62770,3.6532376631671,0.0033455941026,0.0585049501443,0.0740215193666,0.0000355208640,15.1439384097487
62771,3.6532430181479,0.0033924281229,0.0584208602498,0.0740116347569,0.0000355208640,15.1439384097487
62773,3.6532390009775,0.0033924281229,0.0584069209104,0.0740065995788,0.0000355208640,15.1439384097487
62782,3.6532853298044,0.0034629188050,0.0583191131921,0.0740061055215,0.0000348104467,15.1439384097487
62789,3.6534511823510,0.0034917486401,0.0581331444250,0.0739543905507,0.0000348104467,15.1439384097487
62793,3.6533169623845,0.0035097528252,0.0580919754350,0.0739455042158,0.0000348104467,15.1439384097487
62794,3.6532975179441,0.0035565868455,0.0580238613897,0.0739409743565,0.0000348104467,15.1439384097487
63047,3.6532334841058,0.0033471532166,0.0582030852912,0.0739143195487,0.0000334319530,15.1439384097487
63048,3.6533150283301,0.0033471532166,0.0581897153083,0.0739106984001,0.0000334319530,15.1439384097487
63050,3.6533135682809,0.0033471532166,0.0578945000242,0.0738052437105,0.0000334319530,15.1439384097487
63758,3.6554719634693,0.0031764164655,0.0579928356865,0.0737977318439,0.0000278738160,15.1439384097487
63767,3.6555756038143,0.0031931865817,0.0578756511899,0.0737645339346,0.0000278738160,15.1439384097487
63768,3.6555567741470,0.0031488537548,0.0578591064989,0.0737393588949,0.0000278738160,15.1439384097487
63769,3.6555325658681,0.0031436805817,0.0577653584297,0.0737033178219,0.0000278738160,15.1439384097487
63779,3.6554600846385,0.0031905146019,0.0576846634279,0.0736935442968,0.0000278738160,15.1439384097487
64003,3.6549495744757,0.0028513880345,0.0580488591079,0.0736710505404,0.0000267700129,15.1439384097487
64015,3.6549523589863,0.0028513880345,0.0580293120015,0.0736641088316,0.0000267700129,15.1439384097487
64461,3.6555122262191,0.0029651482608,0.0578132330411,0.0736436142409,0.0000237140120,15.1439384097487
64947,3.6548007939302,0.0028960954894,0.0578751663744,0.0736260725244,0.0000214355886,15.1439384097487
64949,3.6549725133350,0.0028960954894,0.0578579445643,0.0736223516960,0.0000214355886,15.1439384097487
64953,3.6549714557863,0.0028256048073,0.0579166038508,0.0736130761846,0.0000214355886,15.1439384097487
64960,3.6548653457406,0.0028477023553,0.0577411186051,0.0735583718102,0.0000214355886,15.1439384097487
64989,3.6548876691130,0.0028592992983,0.0574912352317,0.0734744137410,0.0000214355886,15.1439384097487
65012,3.6547683268317,0.0027839274325,0.0575223714985,0.0734515429228,0.0000214355886,15.1439384097487
65621,3.6560104541267,0.0028418790922,0.0573607618421,0.0734362376320,0.0000189885528,15.1439384097487
65884,3.6567659418569,0.0030281188350,0.0570920861104,0.0734307891469,0.0000182366061,15.1439384097487
67036,3.6585196611803,0.0029605921222,0.0570881488372,0.0734252579691,0.0000146026223,15.1439384097487
67090,3.6584685722160,0.0029405495195,0.0569903317680,0.0733810107092,0.0000146026223,15.1439384097487
67152,3.6585423584499,0.0028617509086,0.0570119589375,0.0733560079353,0.0000140243584,15.1439384097487
68377,3.6583283231446,0.0029263136521,0.0569419656836,0.0733556515067,0.0000114589219,15.1439384097487
68451,3.6582837070031,0.0028985801551,0.0569742814054,0.0733546757361,0.0000114589219,15.1439384097487
68465,3.6584154093085,0.0028985801551,0.0569485806212,0.0733473604634,0.0000114589219,15.1439384097487
68466,3.6582423119455,0.0029454141754,0.0568483477625,0.0733291854207,0.0000114589219,15.1439384097487
68478,3.6582191399946,0.0028985801551,0.0568868891339,0.0733225505917,0.0000114589219,15.1439384097487
68495,3.6582715036831,0.0028160462818,0.0567690261168,0.0732458259397,0.0000114589219,15.1439384097487
68597,3.6580981514431,0.0027851945569,0.0567042528151,0.0732070175273,0.0000110051486,15.1439384097487
69478,3.6586216680635,0.0027485030413,0.0567182342784,0.0732036936968,0.0000095538505,15.1439384097487
69516,3.6583789725076,0.0027485030413,0.0567062109989,0.0731959655426,0.0000095538505,15.1439384097487
69519,3.6582893174155,0.0027953370615,0.0565590151155,0.0731621986936,0.0000095538505,15.1439384097487
69523,3.6582978043239,0.0027818724873,0.0565512536549,0.0731537763008,0.0000095538505,15.1439384097487
69633,3.6582370645143,0.0028128784708,0.0565047844761,0.0731496089799,0.0000093627735,15.1439384097487
69656,3.6583693345672,0.0028268388763,0.0564517688615,0.0731385294752,0.0000093627735,15.1439384097487
69786,3.6584594212434,0.0028066420150,0.0564406966512,0.0731271940371,0.0000091755180,15.1439384097487
69815,3.6584556430441,0.0028049121147,0.0564406620622,0.0731263868368,0.0000091755180,15.1439384097487
69844,3.6583963909979,0.0028019481454,0.0564006684993,0.0731099947364,0.0000091755180,15.1439384097487
69877,3.6583435048783,0.0028049121147,0.0563678688795,0.0730988025240,0.0000089920077,15.1439384097487
69951,3.6583542957104,0.0028534760352,0.0562991260074,0.0730952172966,0.0000088121675,15.1439384097487
70175,3.6586393063716,0.0027514835382,0.0564004282770,0.0730917184902,0.0000086359242,15.1439384097487
70189,3.6586269474528,0.0027514835382,0.0563813943204,0.0730847457707,0.0000086359242,15.1439384097487
70245,3.6585436151879,0.0028562692181,0.0562293436752,0.0730741709714,0.0000084632057,15.1439384097487
70252,3.6584462696214,0.0028094351979,0.0562725943007,0.0730681684672,0.0000084632057,15.1439384097487
70301,3.6584971197799,0.0027879712122,0.0562808291874,0.0730626301734,0.0000084632057,15.1439384097487
70362,3.6585062755689,0.0027626011777,0.0563074216992,0.0730613841810,0.0000082939416,15.1439384097487
70534,3.6585411772104,0.0027262677624,0.0563286506371,0.0730538883367,0.0000081280627,15.1439384097487
70535,3.6585264967617,0.0026947824753,0.0563613340623,0.0730518595667,0.0000081280627,15.1439384097487
70702,3.6586598593137,0.0027212488479,0.0563019994247,0.0730438984270,0.0000079655015,15.1439384097487
70960,3.6588930951044,0.0026988593104,0.0562704861556,0.0730263484428,0.0000074970663,15.1439384097487
71014,3.6588258629894,0.0027233037931,0.0561800340127,0.0730035689830,0.0000074970663,15.1439384097487
71049,3.6588479791915,0.0027033989213,0.0561656488005,0.0729902136906,0.0000074970663,15.1439384097487
71578,3.6589355415389,0.0027586786012,0.0560791951331,0.0729842676736,0.0000067767541,15.1439384097487
71580,3.6589649207883,0.0027586786012,0.0559870587286,0.0729517775292,0.0000067767541,15.1439384097487
71655,3.6587983057945,0.0027861035810,0.0559519520630,0.0729486354061,0.0000067767541,15.1439384097487
71701,3.6586817367113,0.0027555603733,0.0559636845970,0.0729380862060,0.0000067767541,15.1439384097487
71702,3.6586247155493,0.0027367518396,0.0559863039482,0.0729372968999,0.0000067767541,15.1439384097487
71719,3.6584436864792,0.0027367518396,0.0559782354383,0.0729318537400,0.0000067767541,15.1439384097487
71894,3.6586246277507,0.0027367518396,0.0559650101147,0.0729296907170,0.0000066412190,15.1439384097487
71901,3.6585188466947,0.0027624469191,0.0558718813557,0.0729059458280,0.0000066412190,15.1439384097487
71956,3.6585404755766,0.0027380024363,0.0558832611944,0.0728998398965,0.0000065083946,15.1439384097487
72319,3.6585151488708,0.0027218824101,0.0558947136117,0.0728966630916,0.0000061256490,15.1439384097487
72339,3.6585934442051,0.0027275183591,0.0558539095054,0.0728856134770,0.0000061256490,15.1439384097487
72648,3.6585707647389,0.0027358262879,0.0558378054264,0.0728831016482,0.0000057654118,15.1439384097487
72841,3.6585984565058,0.0026889922676,0.0558846064703,0.0728801364204,0.0000056501036,15.1439384097487
72850,3.6585801426372,0.0027358262879,0.0558113718445,0.0728737937799,0.0000056501036,15.1439384097487
72900,3.6584896801493,0.0027087263531,0.0557777540483,0.0728488931282,0.0000056501036,15.1439384097487
75143,3.6587238129291,0.0027134202227,0.0557534451777,0.0728455360102,0.0000038490349,15.1439384097487
75224,3.6587000502128,0.0027024568419,0.0557281730260,0.0728314754091,0.0000038490349,15.1439384097487
75401,3.6586853571005,0.0026919562369,0.0557346882982,0.0728290941262,0.0000037720542,15.1439384097487
75559,3.6586775739273,0.0027336336117,0.0556844462656,0.0728289021438,0.0000036226808,15.1439384097487
75764,3.6585612382323,0.0027210945892,0.0556819822383,0.0728210021250,0.0000035502272,15.1439384097487
75867,3.6585207563981,0.0027679286095,0.0555526177318,0.0727942994233,0.0000034792227,15.1439384097487
75976,3.6584231313845,0.0027084013081,0.0556264846784,0.0727937873876,0.0000034792227,15.1439384097487
76369,3.6583718237265,0.0027518085832,0.0555724619190,0.0727923706630,0.0000032091242,15.1439384097487
76481,3.6583722692316,0.0026897800885,0.0556398126160,0.0727898471466,0.0000032091242,15.1439384097487
76551,3.6583844820383,0.0027366141087,0.0555154343283,0.0727656708629,0.0000030820429,15.1439384097487
76687,3.6583357863756,0.0027657359333,0.0554576540017,0.0727568267736,0.0000030204020,15.1439384097487
76939,3.6583610033845,0.0027189019131,0.0555042930647,0.0727537686778,0.0000029599940,15.1439384097487
76998,3.6584299414183,0.0027366141087,0.0554536470694,0.0727442472319,0.0000029599940,15.1439384097487
77160,3.6583729616837,0.0027242293448,0.0553721583031,0.0727090300857,0.0000028427782,15.1439384097487
77401,3.6583870588483,0.0027242293448,0.0553644593511,0.0727064799339,0.0000027302042,15.1439384097487
77974,3.6583120885912,0.0027242293448,0.0553372091500,0.0726956868951,0.0000025182534,15.1439384097487
79359,3.6583035809236,0.0027353635120,0.0553097894419,0.0726905455452,0.0000020164445,15.1439384097487
80276,3.6582815330323,0.0027353635120,0.0553097894419,0.0726902335690,0.0000017505269,15.1439384097487
81944,3.6582347771869,0.0027353635120,0.0553021605468,0.0726868473716,0.0000013461944,15.1439384097487
82015,3.6582345307623,0.0027334793531,0.0552513245182,0.0726678806635,0.0000013461944,15.1439384097487
82200,3.6582376863019,0.0027223451859,0.0552354393579,0.0726574802567,0.0000013192705,15.1439384097487
82334,3.6582614673063,0.0027223451859,0.0552193570125,0.0726520730616,0.0000012670274,15.1439384097487
82852,3.6582025347711,0.0027311158906,0.0551858466338,0.0726430300512,0.0000011925161,15.1439384097487
82951,3.6582224746026,0.0027365975810,0.0551694861130,0.0726398184512,0.0000011686657,15.1439384097487
83820,3.6582385892402,0.0026960165443,0.0551860761168,0.0726285796007,0.0000010145486,15.1439384097487
84146,3.6580930967386,0.0027568109700,0.0551157407914,0.0726274558864,0.0000009743724,15.1439384097487
84191,3.6580301148135,0.0027568109700,0.0550724242553,0.0726110945049,0.0000009548850,15.1439384097487
84620,3.6579350543505,0.0027568109700,0.0550535351362,0.0726030032917,0.0000008987301,15.1439384097487
84696,3.6579547449058,0.0027622926604,0.0550371746154,0.0725997881645,0.0000008807555,15.1439384097487
84953,3.6579939769754,0.0027365975810,0.0550647439343,0.0725991773041,0.0000008631404,15.1439384097487
85126,3.6580278216054,0.0026960165443,0.0550805417220,0.0725879063975,0.0000008289600,15.1439384097487
86713,3.6579500256344,0.0027054208111,0.0550447985271,0.0725780705631,0.0000006374888,15.1439384097487
86922,3.6578422053575,0.0027460018478,0.0549935031568,0.0725756170111,0.0000006247391,15.1439384097487
86977,3.6577677598662,0.0027535219558,0.0549574589706,0.0725649135922,0.0000006247391,15.1439384097487
87095,3.6576657862897,0.0027834316012,0.0549060104864,0.0725579146337,0.0000006122443,15.1439384097487
87129,3.6577060480418,0.0027085555668,0.0549563644978,0.0725443781813,0.0000006122443,15.1439384097487
87302,3.6576816220019,0.0027085555668,0.0549474725774,0.0725408568686,0.0000005879994,15.1439384097487
87344,3.6576047049727,0.0027553895870,0.0548455354275,0.0725234340958,0.0000005879994,15.1439384097487
87346,3.6576737752677,0.0027720054445,0.0547938176348,0.0725130618774,0.0000005879994,15.1439384097487
87984,3.6576412801872,0.0027720054445,0.0547663274585,0.0725027841540,0.0000005315049,15.1439384097487
88168,3.6575627411177,0.0027720054445,0.0547312818512,0.0724891565431,0.0000005208748,15.1439384097487
88251,3.6575542863517,0.0027720054445,0.0547296628300,0.0724884586869,0.0000005104573,15.1439384097487
88662,3.6575014024324,0.0027977005240,0.0546999817504,0.0724881221744,0.0000004804383,15.1439384097487
88709,3.6575351292233,0.0027977005240,0.0546728860039,0.0724789223539,0.0000004804383,15.1439384097487
89236,3.6575079098633,0.0027810846664,0.0546874479433,0.0724766168126,0.0000004431410,15.1439384097487
89425,3.6574698459465,0.0027810846664,0.0546576392476,0.0724654322480,0.0000004170808,15.1439384097487
89729,3.6574442463397,0.0027893925952,0.0546273457584,0.0724578114528,0.0000004087392,15.1439384097487
90091,3.6574540935283,0.0028074133081,0.0545922632318,0.0724531444788,0.0000003847020,15.1439384097487
90159,3.6574611005189,0.0027817182286,0.0546125343408,0.0724494711321,0.0000003770080,15.1439384097487
90218,3.6574885490260,0.0027983340862,0.0545882882649,0.0724483212956,0.0000003770080,15.1439384097487
90322,3.6574151294775,0.0028271473935,0.0545502478973,0.0724460451287,0.0000003694678,15.1439384097487
90410,3.6574404587323,0.0027803133733,0.0545805847371,0.0724371663986,0.0000003694678,15.1439384097487
90550,3.6574655398444,0.0027803133733,0.0545607242499,0.0724304282635,0.0000003620785,15.1439384097487
90597,3.6575551640356,0.0027803133733,0.0545255238137,0.0724191248555,0.0000003548369,15.1439384097487
91051,3.6575910594789,0.0027803133733,0.0545177833666,0.0724168683282,0.0000003339697,15.1439384097487
91429,3.6576089380967,0.0027636975158,0.0545343304905,0.0724159099147,0.0000003143296,15.1439384097487
91510,3.6575948172235,0.0027636975158,0.0544989311542,0.0724030674852,0.0000003080430,15.1439384097487
91996,3.6575083699956,0.0027636975158,0.0544634323678,0.0723891661247,0.0000002841290,15.1439384097487
92052,3.6574069103319,0.0027803133733,0.0544115299787,0.0723763149916,0.0000002841290,15.1439384097487
92053,3.6573292608380,0.0028060084528,0.0543836653056,0.0723762767644,0.0000002841290,15.1439384097487
92060,3.6573161693797,0.0027893925952,0.0543999694583,0.0723747933510,0.0000002841290,15.1439384097487
92540,3.6573588325614,0.0027893925952,0.0543720860574,0.0723654386747,0.0000002620716,15.1439384097487
93121,3.6574624606485,0.0028060084528,0.0543201467491,0.0723554763340,0.0000002417265,15.1439384097487
93228,3.6574111602344,0.0028271473935,0.0542959743788,0.0723551769933,0.0000002368919,15.1439384097487
93248,3.6573228845616,0.0028188394648,0.0542577863342,0.0723367287701,0.0000002368919,15.1439384097487
93420,3.6572753271562,0.0027779499108,0.0542132266603,0.0723026175722,0.0000002321541,15.1439384097487
93451,3.6572792931339,0.0027779499108,0.0542024862357,0.0722988378246,0.0000002321541,15.1439384097487
93477,3.6572957299286,0.0027779499108,0.0541995046527,0.0722980055531,0.0000002321541,15.1439384097487
93534,3.6572033033455,0.0028091266807,0.0541605059324,0.0722961310815,0.0000002275110,15.1439384097487
93567,3.6571970860050,0.0028091266807,0.0541247344074,0.0722832675619,0.0000002229608,15.1439384097487
93595,3.6571920949742,0.0027779499108,0.0541278990720,0.0722709657037,0.0000002229608,15.1439384097487
93620,3.6571698482351,0.0027779499108,0.0541031145118,0.0722617992852,0.0000002229608,15.1439384097487
93774,3.6572092419993,0.0027865663568,0.0540715440129,0.0722547742888,0.0000002185016,15.1439384097487
94032,3.6572150186211,0.0027948742856,0.0540581017271,0.0722536157521,0.0000002098489,15.1439384097487
94377,3.6572088420628,0.0027553895870,0.0540830024819,0.0722454994673,0.0000001975081,15.1439384097487
94705,3.6571156038816,0.0027948742856,0.0540305245565,0.0722423600507,0.0000001858931,15.1439384097487
94886,3.6571008805746,0.0027948742856,0.0540273598919,0.0722410214796,0.0000001821752,15.1439384097487
95004,3.6570734320676,0.0027553895870,0.0540520707464,0.0722325363765,0.0000001821752,15.1439384097487
95161,3.6570681864455,0.0027553895870,0.0540200154539,0.0722210138326,0.0000001749611,15.1439384097487
95321,3.6571164660703,0.0027553895870,0.0540127525751,0.0722191031007,0.0000001714618,15.1439384097487
95444,3.6571986367103,0.0027553895870,0.0539731518721,0.0722061227016,0.0000001680326,15.1439384097487
95896,3.6571747138141,0.0027626011777,0.0539610910874,0.0722045674528,0.0000001549879,15.1439384097487
96046,3.6571241904878,0.0027626011777,0.0539332686375,0.0721939159619,0.0000001549879,15.1439384097487
96188,3.6570365616762,0.0027626011777,0.0538807168735,0.0721739075329,0.0000001488504,15.1439384097487
96323,3.6569320331758,0.0027414622369,0.0539023244477,0.0721710859064,0.0000001458734,15.1439384097487
96369,3.6570513818588,0.0027553895870,0.0538679506092,0.0721664671757,0.0000001458734,15.1439384097487
96522,3.6570803214082,0.0027553895870,0.0538510302792,0.0721608336933,0.0000001429559,15.1439384097487
96942,3.6570459841214,0.0027626011777,0.0538184468427,0.0721518015632,0.0000001318580,15.1439384097487
97000,3.6570181330491,0.0027626011777,0.0537896805557,0.0721411337984,0.0000001318580,15.1439384097487
97353,3.6569605615768,0.0027781206971,0.0537367617482,0.0721280708145,0.0000001241037,15.1439384097487
97375,3.6569097143188,0.0027781206971,0.0537296272927,0.0721248033094,0.0000001241037,15.1439384097487
98000,3.6569454730673,0.0027781206971,0.0537222536561,0.0721226758516,0.0000001121799,15.1439384097487
98507,3.6569274016893,0.0027709091065,0.0536894061475,0.0721075982080,0.0000001034712,15.1439384097487
98763,3.6568882547896,0.0027709091065,0.0536560738455,0.0720951398884,0.0000001014018,15.1439384097487
98844,3.6568605855531,0.0027709091065,0.0536222567498,0.0720826708364,0.0000000993737,15.1439384097487
99131,3.6569011821045,0.0027709091065,0.0536153060966,0.0720807628987,0.0000000935298,15.1439384097487
