0,3.12456,0.555358,0.320124,0.396553,100000.000000
1,3.1245665036562,0.5552407902202,0.3200363344579,0.3964714363135,100000.0000000000000,15.1439384097487
2,3.1246064175707,0.5552407902202,0.3199245689159,0.3964320848277,100000.0000000000000,15.1439384097487
3,3.1246125195453,0.5551231570006,0.3199447919728,0.3963889794535,100000.0000000000000,15.1439384097487
4,3.1244879035324,0.5551231570006,0.3196445495237,0.3962799866992,100000.0000000000000,15.1439384097487
5,3.1245832064992,0.5551231570006,0.3191634933599,0.3961095294570,100000.0000000000000,15.1439384097487
6,3.1246873207545,0.5550055237810,0.3188693437375,0.3959555349932,100000.0000000000000,15.1439384097487
7,3.1246980838651,0.5550055237810,0.3188664587473,0.3959546569369,100000.0000000000000,15.1439384097487
8,3.1246871835225,0.5550055237810,0.3187969503214,0.3959296782599,100000.0000000000000,15.1439384097487
9,3.1247866340681,0.5550055237810,0.3186727551697,0.3958867300671,100000.0000000000000,15.1439384097487
10,3.1247667928043,0.5548878905614,0.3185567125998,0.3957945913027,100000.0000000000000,15.1439384097487
11,3.1247471632413,0.5547702573417,0.3184605672998,0.3957095617015,100000.0000000000000,15.1439384097487
12,3.1246777651581,0.5546526241221,0.3184793300717,0.3956648664763,100000.0000000000000,15.1439384097487
13,3.1247111522620,0.5545349909025,0.3179490906551,0.3954255534444,100000.0000000000000,15.1439384097487
14,3.1246808323465,0.5544173576829,0.3178973853339,0.3953562439965,100000.0000000000000,15.1439384097487
15,3.1246033900668,0.5544173576829,0.3177797772644,0.3953131453115,100000.0000000000000,15.1439384097487
16,3.1246932944785,0.5542997244632,0.3175294945983,0.3951746165494,100000.0000000000000,15.1439384097487
17,3.1245963276911,0.5542528904430,0.3175453163937,0.3951588233941,100000.0000000000000,15.1439384097487
18,3.1245438296483,0.5542528904430,0.3173843794679,0.3951006030768,100000.0000000000000,15.1439384097487
19,3.1245259841737,0.5541352572234,0.3172935516186,0.3950174978100,100000.0000000000000,15.1439384097487
20,3.1245444740793,0.5541352572234,0.3169923322283,0.3949101810872,100000.0000000000000,15.1439384097487
10630,3.3360735088817,0.2370989325347,0.6889696684059,0.3948796408173,2287.0526074856321,15.1439384097487
10631,3.3362314271867,0.2369812993151,0.6889578929363,0.3948272555889,2287.0526074856321,15.1439384097487
10632,3.3361862814008,0.2369344652949,0.6889752674110,0.3948127502256,2287.0526074856321,15.1439384097487
10633,3.3361979124463,0.2369344652949,0.6887902358187,0.3947468320926,2287.0526074856321,15.1439384097487
10634,3.3361686002031,0.2369344652949,0.6886947613067,0.3947123192863,2287.0526074856321,15.1439384097487
10635,3.3362376543699,0.2369344652949,0.6886690144340,0.3947041010865,2287.0526074856321,15.1439384097487
10636,3.3363166277445,0.2369344652949,0.6886519290248,0.3946991166225,2287.0526074856321,15.1439384097487
10637,3.3362926610747,0.2369812993151,0.6883145854280,0.3945983693627,2287.0526074856321,15.1439384097487
10638,3.3363784681742,0.2369481006554,0.6883392894891,0.3945941784094,2287.0526074856321,15.1439384097487
10639,3.3363775229894,0.2369012666352,0.6883622475953,0.3945822926358,2287.0526074856321,15.1439384097487
10640,3.3365153590302,0.2368544326150,0.6882143731576,0.3945113589844,2287.0526074856321,15.1439384097487
10951,3.3412711337940,0.2297363446850,0.6944032165502,0.3937383449776,2067.3144152819300,15.1439384097487
10952,3.3412577021531,0.2297363446850,0.6943922894995,0.3937342524027,2067.3144152819300,15.1439384097487
10955,3.3411595342542,0.2297363446850,0.6943609902980,0.3937216850472,2067.3144152819300,15.1439384097487
10957,3.3412508661376,0.2296895106648,0.6942153169319,0.3936508794622,2067.3144152819300,15.1439384097487
10958,3.3413494980197,0.2296895106648,0.6940773316591,0.3936029946421,2067.3144152819300,15.1439384097487
10963,3.3413374948043,0.2296426766445,0.6940448958605,0.3935711688607,2067.3144152819300,15.1439384097487
10965,3.3413888203344,0.2296426766445,0.6939391358240,0.3935341236719,2067.3144152819300,15.1439384097487
10966,3.3415483166741,0.2295958426243,0.6936158798434,0.3934008602469,2025.9681269762914,15.1439384097487
10967,3.3415175078849,0.2295958426243,0.6933436011521,0.3933031819149,2025.9681269762914,15.1439384097487
10969,3.3415867833768,0.2295490086041,0.6933473403150,0.3932854258508,2025.9681269762914,15.1439384097487
10970,3.3415847753350,0.2295021745838,0.6933934730858,0.3932818017038,2025.9681269762914,15.1439384097487
10971,3.3416651583416,0.2293845413642,0.6934078490087,0.3932376591391,2025.9681269762914,15.1439384097487
10972,3.3417889710380,0.2293370903095,0.6933732785913,0.3932067283365,2025.9681269762914,15.1439384097487
10975,3.3419130139608,0.2292194570899,0.6933194167299,0.3931388329195,2025.9681269762914,15.1439384097487
10976,3.3419095382819,0.2292194570899,0.6932840471719,0.3931261517539,2025.9681269762914,15.1439384097487
10977,3.3418739952281,0.2291726230696,0.6932280914344,0.3930855929072,2025.9681269762914,15.1439384097487
10978,3.3420061501563,0.2291726230696,0.6930741431615,0.3930324813645,2025.9681269762914,15.1439384097487
10979,3.3418191143116,0.2291726230696,0.6930530830222,0.3930223133415,2025.9681269762914,15.1439384097487
10980,3.3417590332516,0.2291257890494,0.6915385776612,0.3924604967038,2025.9681269762914,15.1439384097487
10981,3.3417820874651,0.2291096690231,0.6915204069676,0.3924474248032,2025.9681269762914,15.1439384097487
10982,3.3419337031541,0.2290628350029,0.6914448736173,0.3924025222356,2025.9681269762914,15.1439384097487
10983,3.3420029378014,0.2290628350029,0.6913585612121,0.3923726760422,2025.9681269762914,15.1439384097487
10989,3.3421626092524,0.2290160009827,0.6912715198184,0.3923237774476,2025.9681269762914,15.1439384097487
10990,3.3420620579942,0.2289691669624,0.6910568575219,0.3922256178252,2025.9681269762914,15.1439384097487
10992,3.3421058897192,0.2289223329422,0.6910490487356,0.3922033774659,2025.9681269762914,15.1439384097487
10993,3.3421730887453,0.2289223329422,0.6909224717731,0.3921591222696,2025.9681269762914,15.1439384097487
10994,3.3421260067889,0.2288754989220,0.6909585659910,0.3921512751322,2025.9681269762914,15.1439384097487
10995,3.3423507287147,0.2288754989220,0.6909320218006,0.3921449748644,2025.9681269762914,15.1439384097487
10996,3.3424302478615,0.2287578657024,0.6909047547152,0.3920859475733,2025.9681269762914,15.1439384097487
10997,3.3424682512683,0.2287271517084,0.6908453530844,0.3920521073105,2025.9681269762914,15.1439384097487
10998,3.3424876887524,0.2286388110997,0.6906715925140,0.3919524647422,2025.9681269762914,15.1439384097487
11000,3.3425520180742,0.2285211778801,0.6906694832597,0.3919022074557,2025.9681269762914,15.1439384097487
18496,3.4484304998701,0.0879757429635,0.7806483991812,0.3653019501757,140.7584902618045,15.1439384097487
18497,3.4483819194067,0.0879757429635,0.7805968146530,0.3652828397196,140.7584902618045,15.1439384097487
18501,3.4486175934508,0.0878581097439,0.7806334875869,0.3652488577310,140.7584902618045,15.1439384097487
18502,3.4487666680360,0.0877404765243,0.7807294356579,0.3652348200576,140.7584902618045,15.1439384097487
18524,3.4488375759120,0.0871676591593,0.7811845568462,0.3651528735244,140.7584902618045,15.1439384097487
18525,3.4490559229521,0.0871676591593,0.7811482413752,0.3651429933093,140.7584902618045,15.1439384097487
18571,3.4500662572379,0.0868056802786,0.7814775725309,0.3651197739356,135.1844540474370,15.1439384097487
18573,3.4498722606392,0.0867588462583,0.7814605537485,0.3650908790373,135.1844540474370,15.1439384097487
18574,3.4498496853393,0.0867588462583,0.7809114933480,0.3648944665981,135.1844540474370,15.1439384097487
18581,3.4498587601455,0.0865638192831,0.7810461255132,0.3648590949328,135.1844540474370,15.1439384097487
18585,3.4498792491039,0.0864511884503,0.7811777787170,0.3648581334946,135.1844540474370,15.1439384097487
18586,3.4497066851100,0.0864043544301,0.7812384135858,0.3648572753130,135.1844540474370,15.1439384097487
18589,3.4496918275553,0.0862867212105,0.6673540002688,0.3241336460865,135.1844540474370,15.1439384097487
18596,3.4496056705954,0.0862842200170,0.6669410864008,0.3239838857927,135.1844540474370,15.1439384097487
18597,3.4496531768335,0.0862223457809,0.6667860588534,0.3239026734918,135.1844540474370,15.1439384097487
18598,3.4495778760252,0.0862691798012,0.6664480505339,0.3238009624564,135.1844540474370,15.1439384097487
18947,3.4546305468347,0.0816977750485,0.6688848465458,0.3227835682345,119.7521186291816,15.1439384097487
18948,3.4546012713045,0.0816977750485,0.6685280516278,0.3226557272313,119.7521186291816,15.1439384097487
18952,3.4545761364555,0.0816445172584,0.6683575011277,0.3225716359148,119.7521186291816,15.1439384097487
18954,3.4544801112753,0.0817117189263,0.6681577497507,0.3225277381022,119.7521186291816,15.1439384097487
18956,3.4545072981566,0.0816808672014,0.6678501348713,0.3224050381701,117.3570762565980,15.1439384097487
18957,3.4546123606150,0.0816808672014,0.6678235949526,0.3223970462544,117.3570762565980,15.1439384097487
18960,3.4547490941184,0.0814456007622,0.6680778587027,0.3223889610325,117.3570762565980,15.1439384097487
18961,3.4547218225595,0.0814456007622,0.6680486448981,0.3223781416402,117.3570762565980,15.1439384097487
18963,3.4548184388739,0.0814924347824,0.6673056703634,0.3221342324294,117.3570762565980,15.1439384097487
18973,3.4548549804122,0.0814498318559,0.6671400969735,0.3220573577391,117.3570762565980,15.1439384097487
18974,3.4549195140295,0.0813321986363,0.6672459244890,0.3220456521897,117.3570762565980,15.1439384097487
18975,3.4548600261646,0.0813321986363,0.6671123813812,0.3219971164734,117.3570762565980,15.1439384097487
18976,3.4548704873824,0.0813321986363,0.6669595034792,0.3219426652481,117.3570762565980,15.1439384097487
18980,3.4545471602053,0.0813790326565,0.6668306488869,0.3219121424160,117.3570762565980,15.1439384097487
18981,3.4543725278135,0.0813321986363,0.6668886732021,0.3219103226261,117.3570762565980,15.1439384097487
18982,3.4542780665703,0.0813321986363,0.6667325406482,0.3218532243794,117.3570762565980,15.1439384097487
18983,3.4541481780114,0.0812853646160,0.6667640392066,0.3218425642272,117.3570762565980,15.1439384097487
18984,3.4541927411376,0.0812853646160,0.6667358507699,0.3218331274936,117.3570762565980,15.1439384097487
18985,3.4541883160169,0.0812786323289,0.6666216628478,0.3217893982118,117.3570762565980,15.1439384097487
18986,3.4541051374951,0.0812786323289,0.6665659951982,0.3217683399379,117.3570762565980,15.1439384097487
18987,3.4541462183711,0.0812786323289,0.6663099854154,0.3216774891642,117.3570762565980,15.1439384097487
18988,3.4539701343364,0.0812786323289,0.6660073084024,0.3215668986537,117.3570762565980,15.1439384097487
18990,3.4538500778185,0.0812786323289,0.6659956724134,0.3215610441517,117.3570762565980,15.1439384097487
18991,3.4537582948643,0.0812786323289,0.6659670546893,0.3215495248133,117.3570762565980,15.1439384097487
18992,3.4537652744221,0.0812786323289,0.6659049873078,0.3215274566516,117.3570762565980,15.1439384097487
18993,3.4537616382719,0.0812317983087,0.6659071555957,0.3215081078658,117.3570762565980,15.1439384097487
19001,3.4539769353049,0.0809775856048,0.6661603233475,0.3214926230570,117.3570762565980,15.1439384097487
19002,3.4540395463421,0.0809775856048,0.6661570639993,0.3214923449461,117.3570762565980,15.1439384097487
19004,3.4542535082796,0.0809425027862,0.6660264496510,0.3214336890179,117.3570762565980,15.1439384097487
19005,3.4543137904390,0.0808956687660,0.6660013082425,0.3214054912090,117.3570762565980,15.1439384097487
19021,3.4543037207947,0.0805231892803,0.6662820515986,0.3213459801433,117.3570762565980,15.1439384097487
19024,3.4541305918036,0.0805288252293,0.6662766521245,0.3213440174028,117.3570762565980,15.1439384097487
19025,3.4543783913002,0.0805288252293,0.6661885316539,0.3213160521524,117.3570762565980,15.1439384097487
19026,3.4542725051472,0.0805288252293,0.6647566048565,0.3208031514428,117.3570762565980,15.1439384097487
19027,3.4543931507797,0.0805288252293,0.6647514373675,0.3208030130386,117.3570762565980,15.1439384097487
19029,3.4543009807894,0.0804924752863,0.6647712760363,0.3207932155313,117.3570762565980,15.1439384097487
19030,3.4544221159258,0.0804403138343,0.6646885718143,0.3207430374552,117.3570762565980,15.1439384097487
19031,3.4543862709270,0.0804367163028,0.6646463464411,0.3207259079612,117.3570762565980,15.1439384097487
19032,3.4542984284724,0.0805543495225,0.6644103312854,0.3206907881063,117.3570762565980,15.1439384097487
19033,3.4543118519295,0.0805075155022,0.6644140297511,0.3206722272050,117.3570762565980,15.1439384097487
19034,3.4542613575674,0.0804353114475,0.6643762788893,0.3206270856676,117.3570762565980,15.1439384097487
19051,3.4543260737909,0.0803197166454,0.6643130627702,0.3205558835830,112.7097360368367,15.1439384097487
19055,3.4543672332445,0.0803433567796,0.6642085308783,0.3205292646541,112.7097360368367,15.1439384097487
19056,3.4545375923862,0.0803433567796,0.6639001003931,0.3204215214798,112.7097360368367,15.1439384097487
19060,3.4548229920995,0.0802257235600,0.6637593944382,0.3203248935029,112.7097360368367,15.1439384097487
19061,3.4549459948511,0.0802257235600,0.6637388340744,0.3203192909965,112.7097360368367,15.1439384097487
19064,3.4549343074757,0.0801278244258,0.6638018229047,0.3202996648600,112.7097360368367,15.1439384097487
19066,3.4549726418183,0.0801234390735,0.6637192683835,0.3202688440941,112.7097360368367,15.1439384097487
19092,3.4556997905353,0.0797475328427,0.6641281273779,0.3202640515988,112.7097360368367,15.1439384097487
19093,3.4556909545891,0.0797943668629,0.6637152554787,0.3201365440440,112.7097360368367,15.1439384097487
19097,3.4554742935017,0.0797943668629,0.6637210662764,0.3201355535890,112.7097360368367,15.1439384097487
19098,3.4555333704676,0.0797943668629,0.6636750297714,0.3201199479152,112.7097360368367,15.1439384097487
19100,3.4555602354165,0.0797829407062,0.6635087276880,0.3200560375269,112.7097360368367,15.1439384097487
19101,3.4555026019648,0.0797201243906,0.6635754324688,0.3200521238753,112.7097360368367,15.1439384097487
19102,3.4555255711121,0.0797201243906,0.6634227797835,0.3199979300710,112.7097360368367,15.1439384097487
19104,3.4555534143536,0.0796732903704,0.6634654765331,0.3199935011672,112.7097360368367,15.1439384097487
19109,3.4558816368455,0.0796732903704,0.6633926655272,0.3199721415628,112.7097360368367,15.1439384097487
19110,3.4559939011221,0.0795556571508,0.6635233517161,0.3199699894967,112.7097360368367,15.1439384097487
19266,3.4580689111132,0.0772651424563,0.6642404001809,0.3192737903318,106.0815018799824,15.1439384097487
19270,3.4577756727085,0.0772673351325,0.6641828385222,0.3192500230111,106.0815018799824,15.1439384097487
19326,3.4586633260666,0.0767750628064,0.6641869539695,0.3190530791953,103.9598718423827,15.1439384097487
19331,3.4588972248660,0.0768414601258,0.6639137359655,0.3189872669830,103.9598718423827,15.1439384097487
19332,3.4588952509185,0.0768882941460,0.6636087583304,0.3188983901908,103.9598718423827,15.1439384097487
19334,3.4590274698617,0.0768882941460,0.6635091337055,0.3188646808568,103.9598718423827,15.1439384097487
19335,3.4589320314494,0.0769146062599,0.6632554718618,0.3187840135143,103.9598718423827,15.1439384097487
19337,3.4592496256824,0.0769146062599,0.6632328802669,0.3187804390247,103.9598718423827,15.1439384097487
19384,3.4593318781881,0.0765435316296,0.6634937623844,0.3187157430925,99.8430609174244,15.1439384097487
19721,3.4615418867326,0.0718245674842,0.6670710894211,0.3180022181591,88.4452147958406,15.1439384097487
19722,3.4614961371844,0.0717777334639,0.6664491299248,0.3177593706916,88.4452147958406,15.1439384097487
19724,3.4614063169754,0.0717777334639,0.6661214734189,0.3176410795609,88.4452147958406,15.1439384097487
19729,3.4613608494861,0.0717160300141,0.6658667195075,0.3175230083236,88.4452147958406,15.1439384097487
19730,3.4612386369640,0.0717160300141,0.6658390708507,0.3175114045043,88.4452147958406,15.1439384097487
19731,3.4611048384286,0.0717160300141,0.6656727810586,0.3174501220525,88.4452147958406,15.1439384097487
19732,3.4610686060547,0.0717160300141,0.6656707032533,0.3174488672935,88.4452147958406,15.1439384097487
19733,3.4610986387694,0.0716691959939,0.6656266022131,0.3174134701600,88.4452147958406,15.1439384097487
19734,3.4608719057313,0.0717160300141,0.6651708527783,0.3172675659703,88.4452147958406,15.1439384097487
19735,3.4607694644907,0.0717160300141,0.6651190836343,0.3172476274536,88.4452147958406,15.1439384097487
19740,3.4607097735114,0.0715697377458,0.6650077352370,0.3171443188591,88.4452147958406,15.1439384097487
19741,3.4607977757375,0.0715697377458,0.6649741132369,0.3171335562275,88.4452147958406,15.1439384097487
19742,3.4608493206393,0.0715697377458,0.6648213390987,0.3170797233922,88.4452147958406,15.1439384097487
19745,3.4610134940445,0.0715697377458,0.6647191671652,0.3170455564587,88.4452147958406,15.1439384097487
19746,3.4610518295234,0.0716873709654,0.6644153583903,0.3169880100062,88.4452147958406,15.1439384097487
19747,3.4610727315959,0.0716405369452,0.6643806767136,0.3169558477331,88.4452147958406,15.1439384097487
19749,3.4610734523632,0.0716068589819,0.6640327317496,0.3168171584605,88.4452147958406,15.1439384097487
19750,3.4610565801063,0.0715205402631,0.6640432833332,0.3167836944053,88.4452147958406,15.1439384097487
19751,3.4610378339860,0.0715105024340,0.6640154364235,0.3167691818973,88.4452147958406,15.1439384097487
19754,3.4612343718263,0.0715573364542,0.6639187150117,0.3167574912561,88.4452147958406,15.1439384097487
19755,3.4611901359695,0.0715573364542,0.6637037018256,0.3166800748981,88.4452147958406,15.1439384097487
19756,3.4612794717349,0.0715573364542,0.6636880616660,0.3166757532219,88.4452147958406,15.1439384097487
19817,3.4615824861842,0.0710365593381,0.5647635868540,0.2811266810878,86.6763104999238,15.1439384097487
19865,3.4616928844533,0.0704648383112,0.5650450364219,0.2809837376214,86.6763104999238,15.1439384097487
19866,3.4615594941328,0.0705141735248,0.5649059839988,0.2809533322406,86.6763104999238,15.1439384097487
19868,3.4613921078222,0.0705685276530,0.5646902461836,0.2808972091422,86.6763104999238,15.1439384097487
19869,3.4614955537832,0.0705216936328,0.5646680859765,0.2808706868130,86.6763104999238,15.1439384097487
19872,3.4613196335441,0.0704404103561,0.5646642304724,0.2808319848977,86.6763104999238,15.1439384097487
19873,3.4613479739550,0.0704404103561,0.5645815334534,0.2808028512629,86.6763104999238,15.1439384097487
19874,3.4612654461909,0.0705580435758,0.5637214528694,0.2805449261004,86.6763104999238,15.1439384097487
19883,3.4615912111413,0.0704354079693,0.5637033703037,0.2804905194764,86.6763104999238,15.1439384097487
19884,3.4614965889621,0.0703935763359,0.5637536159152,0.2804891975973,86.6763104999238,15.1439384097487
19885,3.4614726898923,0.0703935763359,0.5636324833153,0.2804455977843,86.6763104999238,15.1439384097487
19887,3.4614961925967,0.0703935763359,0.5636242304048,0.2804429828779,86.6763104999238,15.1439384097487
19888,3.4616858361663,0.0703935763359,0.5636007830396,0.2804372922627,86.6763104999238,15.1439384097487
19890,3.4615212732288,0.0704404103561,0.4697317518833,0.2469303814467,86.6763104999238,15.1439384097487
19891,3.4614855270061,0.0704404103561,0.4696949885334,0.2469167458722,83.2439286041268,15.1439384097487
19892,3.4614973143291,0.0704872443764,0.3867477114566,0.2173129568576,83.2439286041268,15.1439384097487
20008,3.4638257332736,0.0689606679733,0.3839688909274,0.2156992208966,81.5790500320443,15.1439384097487
20012,3.4638563441296,0.0690075019936,0.3838670697640,0.2156833610599,81.5790500320443,15.1439384097487
20016,3.4637686727037,0.0690963053781,0.3825499116131,0.2152497654832,81.5790500320443,15.1439384097487
20020,3.4638592453455,0.0691381370115,0.3824873290371,0.2152466240029,81.5790500320443,15.1439384097487
20021,3.4638272981422,0.0692557702312,0.3822566865282,0.2152142138644,81.5790500320443,15.1439384097487
20022,3.4640594681805,0.0692557702312,0.3822214308929,0.2152049077566,81.5790500320443,15.1439384097487
20023,3.4640366563157,0.0692441732881,0.3821579439375,0.2151769409392,81.5790500320443,15.1439384097487
20031,3.4639624610004,0.0690090776352,0.3821954697519,0.2150885378772,81.5790500320443,15.1439384097487
20100,3.4647064318266,0.0675299853423,0.3814679447091,0.2142053379452,78.3485196507753,15.1439384097487
20102,3.4646269359014,0.0674123521227,0.3815698933284,0.2141902090673,78.3485196507753,15.1439384097487
20104,3.4647628319278,0.0672478848829,0.3816877252591,0.2141637288595,78.3485196507753,15.1439384097487
20136,3.4653030450283,0.0665638745958,0.3123417026605,0.1891117889304,78.3485196507753,15.1439384097487
20140,3.4652004193169,0.0664087950951,0.3122962971976,0.1890276579036,78.3485196507753,15.1439384097487
20141,3.4651217014063,0.0664087950951,0.3120879768628,0.1889521439309,78.3485196507753,15.1439384097487
20154,3.4649613369020,0.0663310762946,0.3118269955511,0.1888233591152,76.7815492577598,15.1439384097487
20155,3.4650921774728,0.0662134430750,0.3118398867760,0.1887794002724,76.7815492577598,15.1439384097487
20165,3.4649574964382,0.0661905742339,0.3117458743613,0.1887341177505,76.7815492577598,15.1439384097487
20168,3.4649464288681,0.0660729410143,0.3118534461898,0.1887219654183,76.7815492577598,15.1439384097487
20171,3.4651019735764,0.0661666090547,0.3115634482052,0.1886607391027,76.7815492577598,15.1439384097487
20181,3.4652678481734,0.0660588263501,0.3116685935015,0.1886544455209,76.7815492577598,15.1439384097487
20183,3.4652978308027,0.0660119923299,0.3116965602744,0.1886447861833,76.7815492577598,15.1439384097487
20184,3.4653386887639,0.0658943591103,0.3117957736369,0.1886303834275,76.7815492577598,15.1439384097487
20185,3.4653535838031,0.0659411931305,0.3117186818372,0.1886231331287,76.7815492577598,15.1439384097487
20285,3.4664497145204,0.0648795136569,0.3083665444413,0.1869864458891,73.7409999071525,15.1439384097487
20286,3.4664628643880,0.0648795136569,0.2457433596386,0.1646212088151,73.7409999071525,15.1439384097487
20295,3.4664907732931,0.0649368317544,0.2456298254857,0.1646056207114,73.7409999071525,15.1439384097487
20298,3.4664067118908,0.0649490457319,0.2455413981127,0.1645780846053,73.7409999071525,15.1439384097487
20299,3.4662837384641,0.0650389454545,0.2453565840642,0.1645488679748,73.7409999071525,15.1439384097487
20302,3.4663300748897,0.0650162308721,0.2452341791782,0.1644960727803,73.7409999071525,15.1439384097487
20303,3.4664848466641,0.0650162308721,0.2451683807406,0.1644747633486,73.7409999071525,15.1439384097487
20307,3.4663936541093,0.0650162308721,0.2451541390963,0.1644683866785,73.7409999071525,15.1439384097487
20308,3.4662651056009,0.0650143301855,0.2451043711090,0.1644479788645,73.7409999071525,15.1439384097487
20310,3.4661651190146,0.0650143301855,0.2449872598172,0.1644047385997,73.7409999071525,15.1439384097487
20311,3.4661483738932,0.0650143301855,0.2448438580905,0.1643532867550,73.7409999071525,15.1439384097487
20325,3.4662830618465,0.0646857207507,0.2452095756999,0.1643449733975,72.2661799090095,15.1439384097487
20327,3.4664542937733,0.0645680875311,0.2452971907287,0.1643282731625,72.2661799090095,15.1439384097487
20328,3.4664312706370,0.0646030160911,0.2448005796198,0.1641655556593,72.2661799090095,15.1439384097487
20374,3.4672416790357,0.0639846318303,0.2454155254494,0.1641316245683,72.2661799090095,15.1439384097487
20375,3.4672282134936,0.0639377978100,0.2453643683917,0.1640930919311,72.2661799090095,15.1439384097487
32334,3.5696683175409,0.0046338684771,0.2961956957070,0.1582806882984,0.9973857171889,15.1439384097487
32345,3.5699812279770,0.0045148138744,0.2354637587675,0.1365441150806,0.9973857171889,15.1439384097487
32348,3.5700532402952,0.0044781554142,0.2355033633287,0.1365435677675,0.9973857171889,15.1439384097487
32349,3.5700248954882,0.0044313213939,0.2339877247816,0.1359817954863,0.9973857171889,15.1439384097487
32350,3.5699131562186,0.0045489546135,0.2332347614905,0.1357617131590,0.9973857171889,15.1439384097487
32351,3.5701044672412,0.0045957886338,0.2328351149149,0.1356417610003,0.9973857171889,15.1439384097487
32352,3.5700504302775,0.0045489546135,0.2328853958060,0.1356388821190,0.9973857171889,15.1439384097487
32353,3.5700014605308,0.0045489546135,0.2327915751459,0.1356046818218,0.9973857171889,15.1439384097487
32354,3.5700705555513,0.0045489546135,0.2326415508181,0.1355520793947,0.9973857171889,15.1439384097487
32355,3.5700613849297,0.0045489546135,0.2325013732039,0.1355018861973,0.9973857171889,15.1439384097487
32382,3.5702230227547,0.0043364192845,0.2326626079610,0.1354706706339,0.9973857171889,15.1439384097487
32401,3.5696574197491,0.0047115707499,0.2318674519784,0.1353394623093,0.9774380028451,15.1439384097487
32409,3.5695811354378,0.0046489086930,0.2318846845937,0.1353176822296,0.9774380028451,15.1439384097487
32411,3.5695132585378,0.0046829117012,0.2311548914894,0.1350706540994,0.9774380028451,15.1439384097487
32509,3.5703736983455,0.0051911828503,0.1811354266952,0.1174365651882,0.9387314579324,15.1439384097487
32510,3.5702643443744,0.0051653500399,0.1811664776876,0.1174350362725,0.9387314579324,15.1439384097487
32511,3.5702504821868,0.0051185160197,0.1811442438833,0.1174068277561,0.9387314579324,15.1439384097487
32514,3.5703036203509,0.0050342522461,0.1811992410355,0.1173911084518,0.9387314579324,15.1439384097487
32515,3.5703270256995,0.0049874182259,0.1811766566606,0.1173633020648,0.9387314579324,15.1439384097487
32516,3.5702903033340,0.0049874182259,0.1805851262468,0.1171515215837,0.9387314579324,15.1439384097487
32517,3.5701477948324,0.0049405842056,0.1802439930363,0.1170076000855,0.9387314579324,15.1439384097487
32521,3.5700814439564,0.0049072147596,0.1802210649019,0.1169841714145,0.9387314579324,15.1439384097487
32524,3.5700397747434,0.0047538651592,0.1803920623712,0.1169789310654,0.9387314579324,15.1439384097487
32527,3.5701660703966,0.0048006991794,0.1803289460143,0.1169782483073,0.9387314579324,15.1439384097487
32529,3.5702135734211,0.0048006991794,0.1802378666294,0.1169463921202,0.9387314579324,15.1439384097487
32530,3.5702812103271,0.0048475331997,0.1800242904084,0.1168911436790,0.9387314579324,15.1439384097487
32532,3.5701696390618,0.0049172360610,0.1388393239353,0.1022105210104,0.9387314579324,15.1439384097487
32535,3.5701365172667,0.0049172360610,0.1388180682087,0.1022024610083,0.9387314579324,15.1439384097487
32536,3.5702251386422,0.0049172360610,0.1387866523763,0.1021924950547,0.9387314579324,15.1439384097487
32543,3.5703776240568,0.0050112126187,0.1383666209040,0.1020849171406,0.9387314579324,15.1439384097487
32545,3.5705870048782,0.0050112126187,0.1381393127079,0.1020066983666,0.9387314579324,15.1439384097487
32548,3.5705983504767,0.0049928833885,0.1380927322194,0.1019823676329,0.9387314579324,15.1439384097487
32550,3.5704197463750,0.0049460493683,0.1380518705454,0.1019451752189,0.9387314579324,15.1439384097487
32551,3.5703156288461,0.0049476084823,0.1380523192246,0.1019445303971,0.9387314579324,15.1439384097487
32560,3.5706777117326,0.0048197997027,0.1374815761643,0.1016910418472,0.9199568287738,15.1439384097487
32561,3.5706603742125,0.0048465745925,0.1374100815317,0.1016767376779,0.9199568287738,15.1439384097487
32563,3.5708789208577,0.0048633447087,0.1373059856953,0.1016498402065,0.9199568287738,15.1439384097487
32571,3.5706455641814,0.0050578758526,0.1370616375704,0.1016426415279,0.9199568287738,15.1439384097487
32573,3.5706328168919,0.0050578758526,0.1369096540201,0.1015881813152,0.9199568287738,15.1439384097487
32574,3.5707359032467,0.0050622446772,0.1368719462092,0.1015780452584,0.9199568287738,15.1439384097487
42984,3.6102177009983,0.0043171149195,0.1251837556295,0.0976430149492,0.0228107360517,15.1439384097487
42985,3.6102583124164,0.0043391959397,0.1237098979932,0.0971266751652,0.0228107360517,15.1439384097487
42986,3.6101618995235,0.0043391959397,0.1235660170560,0.0970739248802,0.0228107360517,15.1439384097487
42988,3.6102364196241,0.0044010701758,0.1234102295114,0.0970458584556,0.0228107360517,15.1439384097487
42989,3.6102399873243,0.0043542361556,0.1233692120724,0.0970111881300,0.0228107360517,15.1439384097487
42990,3.6102279674412,0.0043542361556,0.1233460648681,0.0970027511908,0.0228107360517,15.1439384097487
42991,3.6103960126043,0.0042635486121,0.1234216500897,0.0969932576505,0.0228107360517,15.1439384097487
42992,3.6105162161353,0.0042998985551,0.1233674852331,0.0969911924778,0.0228107360517,15.1439384097487
43005,3.6105619653954,0.0042995900379,0.1232152588604,0.0969373410434,0.0228107360517,15.1439384097487
43006,3.6105211703841,0.0042995900379,0.1230509014032,0.0968780647049,0.0228107360517,15.1439384097487
44055,3.6134512713458,0.0046813030041,0.1224046770630,0.0968523223013,0.0155394175813,15.1439384097487
44056,3.6134783085376,0.0045636697845,0.1223462751818,0.0967814328240,0.0155394175813,15.1439384097487
44057,3.6134919973572,0.0045636697845,0.1222557236619,0.0967492866914,0.0155394175813,15.1439384097487
44058,3.6134960858423,0.0045636697845,0.1222469234108,0.0967462015963,0.0155394175813,15.1439384097487
44084,3.6133251361983,0.0044454195303,0.1216669461111,0.0964859692401,0.0152286292297,15.1439384097487
44088,3.6132743732014,0.0044599804427,0.1216439715290,0.0964832861302,0.0152286292297,15.1439384097487
44121,3.6137060692489,0.0045233972650,0.0903397708261,0.0853365015589,0.0152286292297,15.1439384097487
44123,3.6136701246699,0.0045702312852,0.0902224899080,0.0853141786263,0.0152286292297,15.1439384097487
45553,3.6225803541781,0.0039753494277,0.0895291578416,0.0849376898145,0.0091899406230,15.1439384097487
45561,3.6224406497918,0.0040669790507,0.0887011413255,0.0846792626608,0.0090061418105,15.1439384097487
45562,3.6225190689567,0.0040467821893,0.0887116874438,0.0846754829599,0.0090061418105,15.1439384097487
45568,3.6224493006787,0.0040860961016,0.0884668148492,0.0846038900649,0.0090061418105,15.1439384097487
45680,3.6235889076438,0.0044111245326,0.0879779382292,0.0845847145332,0.0088260189743,15.1439384097487
45682,3.6234766364987,0.0043848124186,0.0879357573552,0.0845567846859,0.0088260189743,15.1439384097487
45683,3.6235289821941,0.0043848124186,0.0879257808811,0.0845539623476,0.0088260189743,15.1439384097487
45684,3.6235754057394,0.0044202037545,0.0878691543541,0.0845495631933,0.0088260189743,15.1439384097487
45685,3.6235277425919,0.0043733697343,0.0878860896154,0.0845348653476,0.0088260189743,15.1439384097487
45781,3.6242882879044,0.0039343056152,0.0881861541490,0.0844646225810,0.0084765086229,15.1439384097487
45786,3.6245951589882,0.0040279736556,0.0879510896812,0.0844251566365,0.0084765086229,15.1439384097487
45787,3.6244619813604,0.0039811396354,0.0879248445779,0.0843938272079,0.0084765086229,15.1439384097487
45788,3.6245320661822,0.0039999481691,0.0878773297515,0.0843859101227,0.0084765086229,15.1439384097487
45790,3.6244780890112,0.0039109739982,0.0877926860470,0.0843167846674,0.0084765086229,15.1439384097487
45791,3.6245218344799,0.0039109739982,0.0876965865828,0.0842830824256,0.0084765086229,15.1439384097487
45972,3.6236083513028,0.0042201248093,0.0670748493822,0.0770377437615,0.0078184616618,15.1439384097487
45973,3.6235380317502,0.0041782931759,0.0670874170734,0.0770233093628,0.0078184616618,15.1439384097487
45974,3.6235613697857,0.0041314591557,0.0669388688974,0.0769505149515,0.0078184616618,15.1439384097487
45975,3.6236401518574,0.0041136092291,0.0669167131812,0.0769360669882,0.0078184616618,15.1439384097487
45987,3.6234466540559,0.0041581128423,0.0668220633670,0.0769185984793,0.0078184616618,15.1439384097487
46209,3.6247657735291,0.0044279993243,0.0662871035720,0.0768618724970,0.0073586735684,15.1439384097487
46212,3.6246805279088,0.0044975479269,0.0661113699544,0.0768277108149,0.0073586735684,15.1439384097487
46216,3.6246478586970,0.0045042802141,0.0660146751297,0.0767955999477,0.0073586735684,15.1439384097487
46221,3.6245809470347,0.0044839125664,0.0660237540136,0.0767891666188,0.0073586735684,15.1439384097487
46262,3.6242582137221,0.0046902114397,0.0656914574468,0.0767543364216,0.0070672700951,15.1439384097487
46867,3.6264122533471,0.0045395834021,0.0649321757941,0.0764490890460,0.0057744742136,15.1439384097487
46868,3.6263780622768,0.0044813066975,0.0649858214305,0.0764427886699,0.0057744742136,15.1439384097487
46869,3.6264345509008,0.0044813066975,0.0649030067365,0.0764140113037,0.0057744742136,15.1439384097487
46870,3.6265276282236,0.0044763043107,0.0648550430617,0.0763960545777,0.0057744742136,15.1439384097487
46922,3.6265668081533,0.0048456490407,0.0641976526022,0.0763201172627,0.0055458050347,15.1439384097487
46924,3.6266357712644,0.0048456490407,0.0641077226354,0.0762889752408,0.0055458050347,15.1439384097487
46965,3.6257175885589,0.0044827115528,0.0644933780527,0.0762581724570,0.0055458050347,15.1439384097487
46974,3.6256808955231,0.0044889810640,0.0644656275348,0.0762504292871,0.0055458050347,15.1439384097487
47040,3.6248292676193,0.0043311965282,0.0645445600272,0.0761989470412,0.0054348889340,15.1439384097487
47041,3.6247136183073,0.0043296374142,0.0642613816469,0.0760955072837,0.0054348889340,15.1439384097487
47048,3.6244767164851,0.0042716857546,0.0640923493796,0.0760069500463,0.0054348889340,15.1439384097487
47050,3.6244564834046,0.0042662040642,0.0640234429389,0.0759797050106,0.0054348889340,15.1439384097487
47051,3.6245145780402,0.0042662040642,0.0639873928700,0.0759676520212,0.0054348889340,15.1439384097487
47054,3.6245064321460,0.0042677631781,0.0639527367883,0.0759558277770,0.0054348889340,15.1439384097487
47055,3.6245094628887,0.0042677631781,0.0638952571621,0.0759353422238,0.0054348889340,15.1439384097487
47056,3.6244718818664,0.0043000362860,0.0637329504372,0.0758906750994,0.0054348889340,15.1439384097487
47057,3.6245359914651,0.0043000362860,0.0635562418888,0.0758284720501,0.0054348889340,15.1439384097487
47060,3.6246684316431,0.0043468703063,0.0632248966450,0.0757320802056,0.0054348889340,15.1439384097487
47221,3.6254988730320,0.0040873136429,0.0633696187638,0.0756842787966,0.0051152739856,15.1439384097487
47743,3.6255040699144,0.0041468574720,0.0632688623715,0.0756738866902,0.0042648482382,15.1439384097487
47744,3.6254923837880,0.0041468574720,0.0632579086029,0.0756698092721,0.0042648482382,15.1439384097487
47749,3.6256457630387,0.0042402169952,0.0630530460166,0.0756388255931,0.0042648482382,15.1439384097487
48059,3.6267660239668,0.0038912564405,0.0634034582289,0.0756302699054,0.0037779833173,15.1439384097487
48060,3.6266858391397,0.0038912564405,0.0632805143100,0.0755852267530,0.0037779833173,15.1439384097487
48971,3.6317870311423,0.0035450394856,0.0631839066809,0.0754745268586,0.0027344957135,15.1439384097487
48973,3.6317547097386,0.0034982054653,0.0630235722988,0.0753967355106,0.0027344957135,15.1439384097487
48974,3.6318070374477,0.0034513714451,0.0629794877672,0.0753616597457,0.0027344957135,15.1439384097487
48976,3.6318772839892,0.0034681415613,0.0629499294256,0.0753592843716,0.0027344957135,15.1439384097487
48977,3.6318245138638,0.0035037036835,0.0624758474504,0.0752044635962,0.0027344957135,15.1439384097487
48978,3.6319491735662,0.0035040122007,0.0624484348794,0.0751965695404,0.0027344957135,15.1439384097487
48995,3.6326140777339,0.0034386946917,0.0620927666084,0.0750509602892,0.0026798057993,15.1439384097487
48998,3.6324760859235,0.0034969548686,0.0619677825282,0.0750293391901,0.0026798057993,15.1439384097487
49001,3.6325865213658,0.0034573324391,0.0620099674933,0.0750289868619,0.0026798057993,15.1439384097487
49003,3.6325659596633,0.0035041664593,0.0617469188095,0.0749548216797,0.0026798057993,15.1439384097487
49004,3.6324638576500,0.0035041664593,0.0617191817615,0.0749434708545,0.0026798057993,15.1439384097487
49005,3.6324826830533,0.0035154383574,0.0616341169591,0.0749181877595,0.0026798057993,15.1439384097487
49006,3.6324687882885,0.0035154383574,0.0616004808264,0.0749059782450,0.0026798057993,15.1439384097487
49007,3.6324513667895,0.0035154383574,0.0615799375059,0.0748983948318,0.0026798057993,15.1439384097487
49008,3.6323211536712,0.0035146505366,0.0615053858135,0.0748695890830,0.0026798057993,15.1439384097487
50849,3.6375130562102,0.0037211036685,0.0609721058845,0.0748410769523,0.0014039050776,15.1439384097487
50850,3.6374332445908,0.0037211036685,0.0609274611652,0.0748240030807,0.0014039050776,15.1439384097487
50851,3.6374336110998,0.0037211036685,0.0608912926711,0.0748110909474,0.0014039050776,15.1439384097487
50852,3.6374760783618,0.0037679376887,0.0608195435632,0.0748061388979,0.0014039050776,15.1439384097487
50876,3.6373265670971,0.0039631189225,0.0604051343652,0.0747396691387,0.0014039050776,15.1439384097487
50877,3.6374752098503,0.0039631189225,0.0603919090416,0.0747370490939,0.0014039050776,15.1439384097487
50879,3.6375064901983,0.0040099529427,0.0603184324467,0.0747313217906,0.0014039050776,15.1439384097487
50881,3.6377644549701,0.0040099529427,0.0602847612307,0.0747229465406,0.0014039050776,15.1439384097487
50927,3.6381183807843,0.0041986608236,0.0600224748227,0.0747151556561,0.0013758269760,15.1439384097487
52061,3.6408871453140,0.0038421636332,0.0603371322670,0.0747139266373,0.0009372582214,15.1439384097487
52073,3.6408636249017,0.0038058302179,0.0600606861217,0.0745992915951,0.0009185130570,15.1439384097487
54007,3.6521719663195,0.0038726186931,0.0594915399979,0.0745846610283,0.0004811935047,15.1439384097487
54013,3.6521640997781,0.0037495037831,0.0595476790145,0.0745518358332,0.0004811935047,15.1439384097487
54014,3.6522020163176,0.0037122282883,0.0595572477106,0.0745398145291,0.0004811935047,15.1439384097487
54015,3.6522143660245,0.0037590623085,0.0594025964420,0.0745048284037,0.0004811935047,15.1439384097487
54017,3.6522283337800,0.0037523134937,0.0593686938969,0.0744900256454,0.0004811935047,15.1439384097487
54251,3.6528115751945,0.0040970760101,0.0589139941408,0.0744836410665,0.0004349608162,15.1439384097487
54652,3.6525888508799,0.0037208282066,0.0591892914457,0.0744175609397,0.0003853067250,15.1439384097487
54844,3.6532800413827,0.0039089521084,0.0587120771224,0.0743375320815,0.0003626476071,15.1439384097487
54853,3.6532859678484,0.0038381529090,0.0587062241782,0.0743051830894,0.0003626476071,15.1439384097487
54854,3.6533134414738,0.0038381529090,0.0586589940101,0.0742887039222,0.0003626476071,15.1439384097487
54857,3.6533854572833,0.0038381529090,0.0586155645204,0.0742742124090,0.0003626476071,15.1439384097487
54858,3.6533061679722,0.0038381529090,0.0585308106225,0.0742428212213,0.0003626476071,15.1439384097487
54859,3.6532462153093,0.0037635853918,0.0585104132794,0.0742027306224,0.0003626476071,15.1439384097487
54863,3.6530465904160,0.0039227251999,0.0582446452748,0.0741731915739,0.0003626476071,15.1439384097487
54864,3.6531935467870,0.0039695592201,0.0581808775716,0.0741725685400,0.0003626476071,15.1439384097487
54865,3.6532051535131,0.0039695592201,0.0580717114459,0.0741337448723,0.0003626476071,15.1439384097487
54867,3.6531468578406,0.0039836573565,0.0580450824172,0.0741294516835,0.0003626476071,15.1439384097487
55597,3.6536274443540,0.0037231586137,0.0582213737757,0.0740875708316,0.0002788841293,15.1439384097487
56053,3.6542641531546,0.0040804436249,0.0576920402625,0.0740606546829,0.0002421064335,15.1439384097487
56056,3.6540782887780,0.0040707308408,0.0576977572906,0.0740559038884,0.0002421064335,15.1439384097487
56579,3.6535700696808,0.0040583791324,0.0576163432619,0.0740143425940,0.0002059752011,15.1439384097487
56580,3.6535713703903,0.0041052131526,0.0574617406819,0.0739792175148,0.0002059752011,15.1439384097487
56581,3.6536423183016,0.0041052131526,0.0574240073760,0.0739667452423,0.0002059752011,15.1439384097487
56584,3.6537208680764,0.0040583791324,0.0573641203886,0.0739263967836,0.0002059752011,15.1439384097487
56585,3.6538221770332,0.0040583791324,0.0573543231553,0.0739243312867,0.0002059752011,15.1439384097487
56599,3.6542012631516,0.0038888929780,0.0571541435995,0.0737855657081,0.0002059752011,15.1439384097487
56644,3.6536534975071,0.0037810055979,0.0572838733397,0.0737779094623,0.0001978185831,15.1439384097487
56646,3.6535794478912,0.0037341715776,0.0572835357415,0.0737566693715,0.0001978185831,15.1439384097487
56648,3.6536145259344,0.0036405035372,0.0573888339276,0.0737546287726,0.0001978185831,15.1439384097487
56655,3.6536132536302,0.0036433132478,0.0573635249195,0.0737467759998,0.0001978185831,15.1439384097487
56657,3.6536294413847,0.0036898387508,0.0572668676193,0.0737324240924,0.0001978185831,15.1439384097487
56658,3.6536751237543,0.0036898387508,0.0572429025724,0.0737245115495,0.0001978185831,15.1439384097487
56664,3.6537941531153,0.0036569486084,0.0572156998848,0.0737023847861,0.0001978185831,15.1439384097487
56672,3.6541105493871,0.0036162298408,0.0572384079900,0.0736975209093,0.0001978185831,15.1439384097487
56676,3.6538734078908,0.0035964792276,0.0572062589145,0.0736742190119,0.0001978185831,15.1439384097487
56677,3.6537039061953,0.0036107316227,0.0571801096923,0.0736685897356,0.0001978185831,15.1439384097487
56679,3.6537666234317,0.0036107316227,0.0570728844087,0.0736311824362,0.0001978185831,15.1439384097487
56680,3.6538544476294,0.0036107316227,0.0570674086324,0.0736304695083,0.0001978185831,15.1439384097487
57406,3.6549543552197,0.0034427715268,0.0571396368907,0.0735998460353,0.0001583995413,15.1439384097487
57407,3.6549264764133,0.0034097271257,0.0571315120695,0.0735823879440,0.0001583995413,15.1439384097487
57408,3.6549795495794,0.0033957832479,0.0570130641443,0.0735348601477,0.0001583995413,15.1439384097487
57461,3.6545290369675,0.0031982716070,0.0571747482512,0.0735015819023,0.0001521269195,15.1439384097487
57464,3.6545688554777,0.0031982716070,0.0570560291607,0.0734597456563,0.0001521269195,15.1439384097487
57465,3.6546147179864,0.0031843277292,0.0569375812355,0.0734121158297,0.0001521269195,15.1439384097487
57466,3.6546381341392,0.0032906725231,0.0566995308610,0.0733730055160,0.0001521269195,15.1439384097487
57467,3.6547387534699,0.0033375065433,0.0565077433336,0.0733260054503,0.0001521269195,15.1439384097487
57468,3.6546454590393,0.0032347427532,0.0564689403386,0.0732667855035,0.0001521269195,15.1439384097487
58105,3.6525371332766,0.0034676787854,0.0562539344366,0.0732599947411,0.0001268354787,15.1439384097487
58106,3.6525610250164,0.0034208447652,0.0562776929966,0.0732487462846,0.0001268354787,15.1439384097487
58116,3.6524456526295,0.0037555529248,0.0557247470168,0.0731930794202,0.0001268354787,15.1439384097487
58122,3.6525133042043,0.0038711642546,0.0555490257626,0.0731808268074,0.0001268354787,15.1439384097487
58298,3.6534483221130,0.0039339805702,0.0554060436612,0.0731699134901,0.0001193765378,15.1439384097487
58299,3.6536190175330,0.0039106324255,0.0553299143578,0.0731351334342,0.0001193765378,15.1439384097487
58301,3.6536741576295,0.0039106324255,0.0552215736930,0.0730972205683,0.0001193765378,15.1439384097487
58303,3.6535474064495,0.0038637984053,0.0552628138011,0.0730900839347,0.0001193765378,15.1439384097487
58312,3.6531988503618,0.0037392786400,0.0553754866794,0.0730720265893,0.0001169890071,15.1439384097487
58313,3.6532523867449,0.0037190817786,0.0553736133931,0.0730634592970,0.0001169890071,15.1439384097487
58317,3.6532629210929,0.0036722477584,0.0552046068259,0.0729831771461,0.0001169890071,15.1439384097487
58318,3.6532713910566,0.0036722477584,0.0551928981101,0.0729791153113,0.0001169890071,15.1439384097487
58319,3.6533867759041,0.0036254137382,0.0551722094136,0.0729532874560,0.0001169890071,15.1439384097487
59089,3.6534650760353,0.0035666412022,0.0552313383280,0.0729503246374,0.0000936767657,15.1439384097487
59090,3.6534087169469,0.0035934160921,0.0551936242511,0.0729475327997,0.0000936767657,15.1439384097487
59091,3.6533085865031,0.0037110493117,0.0550233896688,0.0729357321325,0.0000936767657,15.1439384097487
59106,3.6530560866405,0.0036747324241,0.0550635041077,0.0729309214813,0.0000936767657,15.1439384097487
59107,3.6530201545734,0.0036623476602,0.0550612907018,0.0729243147869,0.0000936767657,15.1439384097487
59108,3.6529979339213,0.0036714268821,0.0550166199692,0.0729119376281,0.0000936767657,15.1439384097487
59109,3.6531453093726,0.0036938164196,0.0549452498437,0.0728981291665,0.0000936767657,15.1439384097487
59112,3.6533532004258,0.0035873008394,0.0550495145294,0.0728926586643,0.0000936767657,15.1439384097487
59113,3.6531871469542,0.0037049340591,0.0548946584608,0.0728854175170,0.0000936767657,15.1439384097487
59139,3.6531544777187,0.0034457189684,0.0551542055340,0.0728665584511,0.0000936767657,15.1439384097487
59141,3.6531469704272,0.0033675704474,0.0552352623879,0.0728619088765,0.0000936767657,15.1439384097487
59144,3.6532297501135,0.0034316208319,0.0551260654579,0.0728515314648,0.0000936767657,15.1439384097487
59145,3.6532881914398,0.0034440055958,0.0551075331393,0.0728510474763,0.0000936767657,15.1439384097487
59146,3.6532622479977,0.0034440055958,0.0550005454370,0.0728124704847,0.0000936767657,15.1439384097487
59237,3.6527800176180,0.0032134495538,0.0552489850610,0.0727955656620,0.0000899671657,15.1439384097487
59250,3.6528622278879,0.0032115819226,0.0552001736528,0.0727784958727,0.0000899671657,15.1439384097487
59251,3.6529345159660,0.0031884045643,0.0551334623565,0.0727457601276,0.0000899671657,15.1439384097487
59253,3.6530018027972,0.0031683454339,0.0551344658443,0.0727384738501,0.0000899671657,15.1439384097487
59258,3.6530236771919,0.0031683454339,0.0550275487775,0.0727005987046,0.0000881678224,15.1439384097487
59259,3.6530950517464,0.0031683454339,0.0550145538116,0.0726969675905,0.0000881678224,15.1439384097487
59261,3.6529761969495,0.0031683454339,0.0549149379215,0.0726597086995,0.0000881678224,15.1439384097487
59270,3.6530825486684,0.0031205693342,0.0549629190795,0.0726578742257,0.0000881678224,15.1439384097487
59298,3.6528890707142,0.0030505414279,0.0549582811759,0.0726234681716,0.0000881678224,15.1439384097487
59299,3.6529293215940,0.0030037074077,0.0549165002651,0.0725890442421,0.0000881678224,15.1439384097487
59300,3.6529185682569,0.0030037074077,0.0548212196736,0.0725548633004,0.0000881678224,15.1439384097487
59345,3.6534571220443,0.0030041867113,0.0547705622935,0.0725445972948,0.0000864044660,15.1439384097487
59346,3.6533827349520,0.0030041867113,0.0547197130081,0.0725253842634,0.0000864044660,15.1439384097487
59351,3.6531260049824,0.0029814721288,0.0545515330881,0.0724519524733,0.0000864044660,15.1439384097487
59352,3.6531249659687,0.0029814721288,0.0544481164223,0.0724150032478,0.0000864044660,15.1439384097487
59354,3.6530213760714,0.0029346381086,0.0542589971364,0.0723259231326,0.0000864044660,15.1439384097487
59355,3.6529000789700,0.0029127113470,0.0542093660483,0.0722970842146,0.0000864044660,15.1439384097487
59357,3.6528617843808,0.0029144412473,0.0541452985049,0.0722744024691,0.0000864044660,15.1439384097487
59364,3.6528560047351,0.0028029232803,0.0542113854130,0.0722501297402,0.0000864044660,15.1439384097487
59583,3.6522492022160,0.0028096886228,0.0542178972490,0.0722467686135,0.0000813231921,15.1439384097487
59584,3.6522831338676,0.0027656643132,0.0542646665264,0.0722450844962,0.0000813231921,15.1439384097487
59585,3.6523035196030,0.0027656643132,0.0542400510513,0.0722365817119,0.0000813231921,15.1439384097487
59590,3.6520390181478,0.0028723341520,0.0540744832860,0.0722194233344,0.0000813231921,15.1439384097487
59600,3.6523700825654,0.0028255001318,0.0540752859832,0.0722043228284,0.0000813231921,15.1439384097487
59607,3.6524082860850,0.0028255001318,0.0540499935858,0.0721958304066,0.0000813231921,15.1439384097487
59799,3.6519601934894,0.0028259959631,0.0540411451687,0.0721865422765,0.0000765407379,15.1439384097487
59810,3.6519911533580,0.0028798707877,0.0538596115508,0.0721452361321,0.0000765407379,15.1439384097487
59811,3.6519194837335,0.0028798707877,0.0537850857019,0.0721176056371,0.0000765407379,15.1439384097487
59812,3.6520494818759,0.0029267048079,0.0536772363570,0.0721009992019,0.0000765407379,15.1439384097487
59996,3.6539369070660,0.0028837603087,0.0535752561157,0.0720728798419,0.0000720395301,15.1439384097487
60002,3.6538494927820,0.0028669901925,0.0535878148824,0.0720689410167,0.0000720395301,15.1439384097487
60277,3.6531027704702,0.0028240622211,0.0536479575499,0.0720614567681,0.0000664469689,15.1439384097487
60278,3.6531052650201,0.0028240622211,0.0536268857121,0.0720539664094,0.0000664469689,15.1439384097487
60306,3.6535301106635,0.0027495277593,0.0535852385930,0.0720131606350,0.0000664469689,15.1439384097487
60313,3.6529625432666,0.0027539296393,0.0536005191490,0.0720124734558,0.0000664469689,15.1439384097487
60318,3.6530036075324,0.0027761649182,0.0535122247827,0.0719910502153,0.0000664469689,15.1439384097487
60319,3.6530151069997,0.0027963617795,0.0533812513678,0.0719530925102,0.0000664469689,15.1439384097487
60908,3.6546381712010,0.0032017148799,0.0527240566162,0.0719150691059,0.0000554000116,15.1439384097487
60922,3.6547729997125,0.0031331083567,0.0527882110342,0.0719104864168,0.0000554000116,15.1439384097487
60923,3.6547854501635,0.0030278433732,0.0528370108764,0.0718829775406,0.0000554000116,15.1439384097487
60924,3.6548808856456,0.0030746773934,0.0526863108519,0.0718505782319,0.0000554000116,15.1439384097487
60925,3.6550130954458,0.0029789709354,0.0525920972872,0.0717777842366,0.0000554000116,15.1439384097487
60926,3.6551373782070,0.0030056080943,0.0525359159644,0.0717708939965,0.0000554000116,15.1439384097487
60927,3.6550784115819,0.0029904136198,0.0525441350880,0.0717664831063,0.0000554000116,15.1439384097487
60928,3.6551897642102,0.0030372476401,0.0524594016025,0.0717578685024,0.0000554000116,15.1439384097487
60929,3.6553018487451,0.0030790792735,0.0523771185692,0.0717479955363,0.0000554000116,15.1439384097487
61672,3.6537653828591,0.0029880501573,0.0525402547418,0.0717455050874,0.0000452658430,15.1439384097487
61754,3.6528542937975,0.0030657524302,0.0524500393179,0.0717336944180,0.0000443605261,15.1439384097487
61755,3.6528045131029,0.0030657524302,0.0524500393179,0.0717329900245,0.0000443605261,15.1439384097487
61771,3.6528698128664,0.0030178220718,0.0524606195781,0.0717171510940,0.0000443605261,15.1439384097487
61773,3.6528632869745,0.0029712965689,0.0524768081894,0.0717029008987,0.0000443605261,15.1439384097487
61774,3.6529084522261,0.0029244625486,0.0524251741124,0.0716650275193,0.0000443605261,15.1439384097487
61785,3.6528566792921,0.0029250961108,0.0523818891958,0.0716491075636,0.0000443605261,15.1439384097487
61790,3.6530020735545,0.0029517332697,0.0522169310111,0.0716036671705,0.0000443605261,15.1439384097487
61792,3.6530371298261,0.0029168047098,0.0522086670888,0.0715862424307,0.0000443605261,15.1439384097487
61793,3.6530995760428,0.0029589448604,0.0521473416870,0.0715832841759,0.0000443605261,15.1439384097487
61797,3.6528941411539,0.0029747563694,0.0520827198357,0.0715640744143,0.0000434733156,15.1439384097487
61806,3.6528652625163,0.0029279223492,0.0520816923467,0.0715432271002,0.0000434733156,15.1439384097487
61808,3.6529006837621,0.0029440423755,0.0520372400244,0.0715347610618,0.0000434733156,15.1439384097487
61817,3.6528966798941,0.0030859492915,0.0518168350621,0.0715168055991,0.0000434733156,15.1439384097487
61818,3.6529203972216,0.0030505579556,0.0517464084062,0.0714768211052,0.0000434733156,15.1439384097487
61819,3.6527835148202,0.0030505579556,0.0517431490580,0.0714737201755,0.0000434733156,15.1439384097487
61852,3.6525279118325,0.0030135909781,0.0517245927101,0.0714476331528,0.0000434733156,15.1439384097487
61854,3.6524647527956,0.0028962662758,0.0518156483697,0.0714289773198,0.0000434733156,15.1439384097487
61858,3.6524565951785,0.0029687953754,0.0516834680850,0.0714127385454,0.0000434733156,15.1439384097487
61938,3.6522790850712,0.0028997260763,0.0517413340451,0.0714012920754,0.0000426038493,15.1439384097487
61941,3.6522889947957,0.0028433335306,0.0516775479387,0.0713544833112,0.0000426038493,15.1439384097487
61942,3.6522996995258,0.0029131906506,0.0514927942295,0.0713185900805,0.0000426038493,15.1439384097487
61947,3.6522555223234,0.0030308238702,0.0513383954278,0.0713132367839,0.0000426038493,15.1439384097487
61949,3.6523272872380,0.0030308238702,0.0513290344679,0.0713109090526,0.0000417517723,15.1439384097487
62134,3.6525753316819,0.0029468520861,0.0514062814669,0.0713060191714,0.0000400984021,15.1439384097487
62135,3.6527011422615,0.0029468520861,0.0513225697172,0.0712779023292,0.0000400984021,15.1439384097487
62304,3.6549471289272,0.0028552224632,0.0512978733897,0.0712615929347,0.0000385105054,15.1439384097487
62310,3.6549687063541,0.0029020564834,0.0512253964426,0.0712560853529,0.0000385105054,15.1439384097487
62311,3.6551436054914,0.0029222533448,0.0510669608916,0.0712106318363,0.0000385105054,15.1439384097487
62313,3.6551472241498,0.0028046201251,0.0510841090508,0.0711663931457,0.0000385105054,15.1439384097487
62322,3.6551212702949,0.0027577861049,0.0510093271427,0.0711192463531,0.0000385105054,15.1439384097487
62552,3.6544076314146,0.0023978621694,0.0514678373053,0.0711186489250,0.0000362457796,15.1439384097487
62553,3.6541837681948,0.0023978621694,0.0514594244465,0.0711124766830,0.0000362457796,15.1439384097487
62558,3.6542128236429,0.0023510281492,0.0514697629854,0.0710965084280,0.0000362457796,15.1439384097487
62559,3.6541849705258,0.0024686613688,0.0513102036522,0.0710895430691,0.0000362457796,15.1439384097487
62560,3.6541544877179,0.0024686613688,0.0512552890634,0.0710694993863,0.0000362457796,15.1439384097487
62564,3.6542162888404,0.0024183840757,0.0513127018388,0.0710693310193,0.0000355208640,15.1439384097487
62565,3.6541243014846,0.0024937228860,0.0511858821571,0.0710550247225,0.0000355208640,15.1439384097487
62567,3.6541638007651,0.0025355545194,0.0511315328164,0.0710541009988,0.0000355208640,15.1439384097487
62568,3.6543222157046,0.0025355545194,0.0509945244889,0.0710074110140,0.0000355208640,15.1439384097487
62589,3.6540482467369,0.0026564602256,0.0508243868921,0.0709945876752,0.0000355208640,15.1439384097487
62591,3.6538984654324,0.0026732303418,0.0507602036856,0.0709767328987,0.0000355208640,15.1439384097487
62662,3.6545577857923,0.0028339292638,0.0504137310831,0.0709311929891,0.0000355208640,15.1439384097487
62919,3.6545705375312,0.0030861035501,0.0500759181442,0.0709188006413,0.0000327633140,15.1439384097487
62922,3.6545984359994,0.0030861035501,0.0500344674188,0.0709043915722,0.0000327633140,15.1439384097487
63147,3.6548807731306,0.0030633559122,0.0500088574064,0.0708894912031,0.0000314658867,15.1439384097487
63150,3.6549937488789,0.0030387571709,0.0500074250878,0.0708800359422,0.0000314658867,15.1439384097487
63181,3.6549384421899,0.0030077511874,0.0500137814011,0.0708682351895,0.0000314658867,15.1439384097487
63328,3.6541634673557,0.0028647479333,0.0501665286600,0.0708505348311,0.0000302198376,15.1439384097487
63342,3.6542130170213,0.0028694418028,0.0500880779915,0.0708252295180,0.0000302198376,15.1439384097487
63352,3.6545911762176,0.0028484571207,0.0500408381747,0.0708047156470,0.0000302198376,15.1439384097487
63361,3.6545463579887,0.0028506663245,0.0500376714584,0.0708038973036,0.0000302198376,15.1439384097487
63444,3.6545222341244,0.0028854736813,0.0499513094214,0.0707876298065,0.0000290231320,15.1439384097487
63794,3.6552172877387,0.0030353965366,0.0496592272465,0.0707574023584,0.0000267700129,15.1439384097487
63801,3.6552632127993,0.0030570147809,0.0495632061540,0.0707330239095,0.0000267700129,15.1439384097487
63802,3.6551694466617,0.0030737848971,0.0495117970852,0.0707205239359,0.0000267700129,15.1439384097487
63822,3.6551321239730,0.0031116939541,0.0494013843966,0.0706968094579,0.0000267700129,15.1439384097487
63831,3.6551536189854,0.0031445840965,0.0493362898536,0.0706879613352,0.0000267700129,15.1439384097487
63835,3.6552204338930,0.0031445840965,0.0492792005320,0.0706685177182,0.0000267700129,15.1439384097487
63899,3.6552931938801,0.0029586363432,0.0493465988989,0.0706139262182,0.0000267700129,15.1439384097487
63900,3.6552686751937,0.0029138407405,0.0493993483352,0.0706132202494,0.0000267700129,15.1439384097487
63902,3.6552092954477,0.0029138407405,0.0492885504706,0.0705728093640,0.0000267700129,15.1439384097487
64087,3.6561347738006,0.0027792831461,0.0493234946130,0.0705407173311,0.0000257099204,15.1439384097487
64105,3.6558764069104,0.0028081129811,0.0492916742047,0.0705380526690,0.0000251957220,15.1439384097487
64128,3.6559516123093,0.0028081129811,0.0492843111274,0.0705364871499,0.0000251957220,15.1439384097487
64366,3.6557868584248,0.0031379730126,0.0488636668050,0.0705252943632,0.0000241979714,15.1439384097487
64388,3.6554666866649,0.0030958493896,0.0488345634216,0.0704923169075,0.0000241979714,15.1439384097487
64393,3.6553794496451,0.0031119694159,0.0487842559953,0.0704800241542,0.0000241979714,15.1439384097487
64397,3.6553642464884,0.0031182389271,0.0487458218319,0.0704687694770,0.0000241979714,15.1439384097487
64419,3.6554028211298,0.0030916017682,0.0487759826962,0.0704686711176,0.0000241979714,15.1439384097487
64420,3.6553277626987,0.0031136827885,0.0487485826737,0.0704672866180,0.0000241979714,15.1439384097487
64502,3.6554681871104,0.0028400610441,0.0490125158403,0.0704462689973,0.0000232397317,15.1439384097487
65098,3.6535257131534,0.0029269637420,0.0488630259053,0.0704026378718,0.0000210068768,15.1439384097487
65099,3.6535777263943,0.0029269637420,0.0488317586474,0.0703922069779,0.0000210068768,15.1439384097487
65115,3.6535426249551,0.0028055622046,0.0489587337407,0.0703850293121,0.0000205867393,15.1439384097487
65119,3.6534443627425,0.0028523962248,0.0488362825178,0.0703599780517,0.0000205867393,15.1439384097487
65130,3.6534436469219,0.0028992302451,0.0487580167916,0.0703520876008,0.0000205867393,15.1439384097487
65135,3.6534548228918,0.0028638389092,0.0487935926654,0.0703497836939,0.0000205867393,15.1439384097487
65140,3.6533675460376,0.0028638389092,0.0487944479786,0.0703488542013,0.0000205867393,15.1439384097487
65211,3.6536629372057,0.0028488152210,0.0487588106843,0.0703338676379,0.0000205867393,15.1439384097487
65215,3.6535872490431,0.0028488152210,0.0487569466710,0.0703321309364,0.0000201750045,15.1439384097487
65223,3.6531330646377,0.0028488152210,0.0487569466710,0.0703257042575,0.0000201750045,15.1439384097487
65425,3.6533317256277,0.0028000970419,0.0487599915732,0.0703087235426,0.0000197715044,15.1439384097487
65531,3.6533601093518,0.0029120943125,0.0485950234729,0.0702982068220,0.0000189885528,15.1439384097487
65676,3.6537355328837,0.0027777075044,0.0487145611204,0.0702886167105,0.0000186087818,15.1439384097487
65743,3.6538104026922,0.0027885000989,0.0486926262569,0.0702864676311,0.0000186087818,15.1439384097487
65745,3.6538013625299,0.0027042197976,0.0486556920735,0.0702370288045,0.0000186087818,15.1439384097487
65746,3.6539476299716,0.0027510538178,0.0485715966079,0.0702291361071,0.0000186087818,15.1439384097487
65750,3.6539761453815,0.0026525211214,0.0485813706901,0.0701908020434,0.0000186087818,15.1439384097487
65771,3.6540848697559,0.0026661564820,0.0485074739080,0.0701717925041,0.0000182366061,15.1439384097487
65774,3.6540946912256,0.0026614626124,0.0483224239450,0.0701038305463,0.0000182366061,15.1439384097487
65967,3.6548438277157,0.0025214563830,0.0484400577092,0.0700964401664,0.0000175144365,15.1439384097487
66001,3.6551302737107,0.0024038231634,0.0484348466408,0.0700482180252,0.0000175144365,15.1439384097487
66002,3.6550974045114,0.0024469053935,0.0483583438979,0.0700388943329,0.0000175144365,15.1439384097487
66008,3.6550001478701,0.0025349374849,0.0482016320819,0.0700192776914,0.0000175144365,15.1439384097487
66031,3.6550292317057,0.0027177174272,0.0479788788157,0.0700184687488,0.0000171641478,15.1439384097487
66056,3.6549529044941,0.0026455133725,0.0480628873926,0.0700164471922,0.0000171641478,15.1439384097487
66058,3.6549752462658,0.0026455133725,0.0480012099323,0.0699947356624,0.0000171641478,15.1439384097487
66105,3.6549988789918,0.0026470724864,0.0479515481138,0.0699780018918,0.0000171641478,15.1439384097487
66122,3.6549335850505,0.0027067540464,0.0478507547965,0.0699666581850,0.0000171641478,15.1439384097487
66136,3.6549131993151,0.0026599200262,0.0478687141050,0.0699527120440,0.0000168208649,15.1439384097487
66329,3.6548710758648,0.0026990796798,0.0478172332630,0.0699505126937,0.0000161547586,15.1439384097487
66425,3.6545937052977,0.0025284971874,0.0479883494196,0.0699345940494,0.0000161547586,15.1439384097487
66426,3.6545361262042,0.0025603075194,0.0479521752627,0.0699344929667,0.0000161547586,15.1439384097487
66441,3.6545550435347,0.0025603075194,0.0479483437531,0.0699333922494,0.0000161547586,15.1439384097487
66580,3.6546931308542,0.0025058156603,0.0479358134286,0.0699075174060,0.0000155150302,15.1439384097487
66581,3.6547043777120,0.0025225692488,0.0478951691647,0.0699003408491,0.0000155150302,15.1439384097487
66996,3.6546248712140,0.0026115268920,0.0477700739328,0.0698926636731,0.0000143105698,15.1439384097487
67012,3.6545610290436,0.0025814629879,0.0477622126639,0.0698760681843,0.0000143105698,15.1439384097487
67015,3.6546592071119,0.0026282970081,0.0476520347908,0.0698581798800,0.0000143105698,15.1439384097487
67016,3.6547296309455,0.0026282970081,0.0476303602342,0.0698514354594,0.0000143105698,15.1439384097487
67022,3.6549046164594,0.0026282970081,0.0475803106763,0.0698360366506,0.0000143105698,15.1439384097487
67029,3.6549748344191,0.0026751310284,0.0474623334091,0.0698149672147,0.0000143105698,15.1439384097487
67036,3.6548674497455,0.0026282970081,0.0475146099863,0.0698120462120,0.0000143105698,15.1439384097487
67049,3.6550125719182,0.0026900004579,0.0473666399122,0.0697876975616,0.0000143105698,15.1439384097487
67092,3.6550620003564,0.0026900004579,0.0473596448441,0.0697858987321,0.0000140243584,15.1439384097487
67107,3.6550094168074,0.0026900004579,0.0473158553315,0.0697695155667,0.0000140243584,15.1439384097487
67135,3.6549857432101,0.0026431664377,0.0473497691483,0.0697612209414,0.0000140243584,15.1439384097487
67296,3.6544580142384,0.0025459008657,0.0474332231332,0.0697418733613,0.0000137438713,15.1439384097487
67298,3.6543761171695,0.0025777111978,0.0473969751377,0.0697414018100,0.0000137438713,15.1439384097487
67304,3.6543263568036,0.0025913465584,0.0473529464439,0.0697308168966,0.0000137438713,15.1439384097487
67463,3.6545162455342,0.0024235572488,0.0475164275915,0.0697199802295,0.0000131996140,15.1439384097487
67465,3.6545190529874,0.0024703912691,0.0473386733603,0.0696766080237,0.0000131996140,15.1439384097487
67473,3.6545324739934,0.0024703912691,0.0473184464923,0.0696695740486,0.0000131996140,15.1439384097487
67524,3.6546205965033,0.0024703912691,0.0472396035771,0.0696426627922,0.0000129356217,15.1439384097487
67545,3.6546843999973,0.0023685860862,0.0473370103541,0.0696347229494,0.0000129356217,15.1439384097487
67550,3.6546351710949,0.0023945896829,0.0472773835583,0.0696238754781,0.0000129356217,15.1439384097487
67565,3.6544826842673,0.0023945896829,0.0472684684893,0.0696185338465,0.0000129356217,15.1439384097487
67612,3.6545246960725,0.0023945896829,0.0472661648684,0.0696183055890,0.0000129356217,15.1439384097487
67891,3.6541917306766,0.0024876406888,0.0471194660426,0.0696010807157,0.0000121749036,15.1439384097487
67914,3.6542700870519,0.0024876406888,0.0471148342945,0.0696005352574,0.0000121749036,15.1439384097487
67915,3.6541915203470,0.0025255332181,0.0470636359739,0.0695973780847,0.0000121749036,15.1439384097487
67931,3.6541819482706,0.0025344747091,0.0470494049563,0.0695959922017,0.0000121749036,15.1439384097487
67951,3.6541086124769,0.0025344747091,0.0470276011822,0.0695871674430,0.0000121749036,15.1439384097487
67954,3.6540708864569,0.0025723672383,0.0469773594713,0.0695849298095,0.0000121749036,15.1439384097487
67998,3.6541749963862,0.0025115893403,0.0470460113069,0.0695848738002,0.0000121749036,15.1439384097487
68295,3.6545588134989,0.0026348585089,0.0468613024164,0.0695771669694,0.0000114589219,15.1439384097487
68433,3.6544012236054,0.0024459633140,0.0469995811576,0.0695433672642,0.0000112297435,15.1439384097487
68468,3.6542557733149,0.0025009344767,0.0469065290984,0.0695316353437,0.0000112297435,15.1439384097487
68476,3.6540586997160,0.0024553675809,0.0469160652304,0.0695127238573,0.0000112297435,15.1439384097487
68651,3.6539553376484,0.0026171628410,0.0467247850380,0.0695122877623,0.0000107850456,15.1439384097487
68709,3.6539300235987,0.0025703288208,0.0467015232916,0.0694835500806,0.0000105693447,15.1439384097487
68713,3.6539358012513,0.0025703288208,0.0466734015915,0.0694735883697,0.0000105693447,15.1439384097487
69041,3.6541279757880,0.0026718254864,0.0464927094200,0.0694552732792,0.0000099477827,15.1439384097487
69078,3.6541171835147,0.0026505157593,0.0464495958124,0.0694305901120,0.0000099477827,15.1439384097487
69096,3.6541581013026,0.0026036817391,0.0464670208187,0.0694173205896,0.0000099477827,15.1439384097487
69167,3.6541174909018,0.0026925016513,0.0463581706346,0.0694159365660,0.0000099477827,15.1439384097487
69337,3.6542187030247,0.0026639968612,0.0463699887911,0.0694093731424,0.0000097488270,15.1439384097487
69363,3.6542653913339,0.0026729383522,0.0463337324838,0.0694009171652,0.0000095538505,15.1439384097487
69372,3.6542861061371,0.0027197723724,0.0462456155290,0.0693898116602,0.0000095538505,15.1439384097487
69390,3.6542816406762,0.0027365259609,0.0462024355140,0.0693815071497,0.0000093627735,15.1439384097487
69417,3.6543334919186,0.0027025229527,0.0461798578728,0.0693596046802,0.0000093627735,15.1439384097487
69528,3.6543489795507,0.0027446631034,0.0461243170692,0.0693580478924,0.0000093627735,15.1439384097487
69617,3.6544009641001,0.0028449091723,0.0459944382336,0.0693553607729,0.0000091755180,15.1439384097487
69768,3.6544891269530,0.0028120025022,0.0460283228093,0.0693546070469,0.0000089920077,15.1439384097487
69789,3.6544361493509,0.0028120025022,0.0460302848857,0.0693545581589,0.0000089920077,15.1439384097487
69804,3.6545455729951,0.0027579568912,0.0459665382308,0.0693101774290,0.0000089920077,15.1439384097487
69999,3.6542369485592,0.0026804419324,0.0459881983456,0.0692803254726,0.0000086359242,15.1439384097487
70004,3.6542078103670,0.0026943692825,0.0459588164768,0.0692753885089,0.0000086359242,15.1439384097487
70021,3.6542943135389,0.0027412033028,0.0458931870209,0.0692732451545,0.0000086359242,15.1439384097487
70036,3.6542906618946,0.0026964077001,0.0459466960585,0.0692731057391,0.0000086359242,15.1439384097487
70135,3.6544780069384,0.0027089301948,0.0458351519055,0.0692412862449,0.0000084632057,15.1439384097487
70154,3.6543699935412,0.0027557642151,0.0457711359421,0.0692369667415,0.0000084632057,15.1439384097487
70179,3.6544500963510,0.0027275679422,0.0456823118593,0.0691942931872,0.0000084632057,15.1439384097487
70181,3.6544307052715,0.0027744019625,0.0455854251421,0.0691794881287,0.0000084632057,15.1439384097487
70204,3.6542282953903,0.0027618629400,0.0456019282848,0.0691771441552,0.0000084632057,15.1439384097487
70244,3.6542628976430,0.0027629592781,0.0455558930493,0.0691616624784,0.0000081280627,15.1439384097487
70246,3.6542957114132,0.0028097932983,0.0454884861130,0.0691581246082,0.0000081280627,15.1439384097487
70274,3.6540907838383,0.0027690745307,0.0454406397283,0.0691206860018,0.0000081280627,15.1439384097487
70363,3.6541418203594,0.0027690745307,0.0454288021013,0.0691171804412,0.0000081280627,15.1439384097487
70390,3.6540772026508,0.0027690745307,0.0454164594543,0.0691118580167,0.0000079655015,15.1439384097487
70396,3.6540213773730,0.0027413410337,0.0453067782573,0.0690600104523,0.0000079655015,15.1439384097487
70433,3.6541038023878,0.0027413410337,0.0452822077440,0.0690524015774,0.0000079655015,15.1439384097487
70577,3.6539139777012,0.0028350090742,0.0451732597701,0.0690509490260,0.0000078061914,15.1439384097487
70603,3.6538911620901,0.0028350090742,0.0451717697707,0.0690500940440,0.0000078061914,15.1439384097487
70645,3.6539552841151,0.0028350090742,0.0450491076507,0.0690071934664,0.0000078061914,15.1439384097487
70897,3.6543313494699,0.0028688578237,0.0449511131651,0.0689920233424,0.0000073471249,15.1439384097487
70898,3.6541189022008,0.0028270261903,0.0450087218540,0.0689916639166,0.0000073471249,15.1439384097487
70917,3.6543892574376,0.0028210817241,0.0450037916679,0.0689911810159,0.0000073471249,15.1439384097487
70923,3.6543633153230,0.0027742477038,0.0450278746581,0.0689793432817,0.0000073471249,15.1439384097487
70945,3.6545871471393,0.0027076630704,0.0450429336179,0.0689593524154,0.0000073471249,15.1439384097487
70974,3.6544708225379,0.0027322618118,0.0450174557527,0.0689591495103,0.0000073471249,15.1439384097487
71033,3.6546413946371,0.0026139950300,0.0451007156991,0.0689406130255,0.0000073471249,15.1439384097487
71042,3.6547212746185,0.0026418827856,0.0450079374103,0.0689205601141,0.0000073471249,15.1439384097487
71046,3.6546813393247,0.0026130694782,0.0450252928929,0.0689138448587,0.0000073471249,15.1439384097487
71049,3.6547382693176,0.0026130694782,0.0449567421263,0.0688901679976,0.0000073471249,15.1439384097487
71068,3.6546665519478,0.0026599034984,0.0448629129642,0.0688757145096,0.0000072001824,15.1439384097487
71121,3.6546397923881,0.0026494194212,0.0448634363436,0.0688710296088,0.0000072001824,15.1439384097487
71129,3.6547913434334,0.0026494194212,0.0448468321382,0.0688672439726,0.0000072001824,15.1439384097487
71139,3.6548108476473,0.0026494194212,0.0447917386685,0.0688478437167,0.0000072001824,15.1439384097487
71164,3.6548956076231,0.0026494194212,0.0447589892731,0.0688373468521,0.0000072001824,15.1439384097487
71429,3.6546044863309,0.0024981082383,0.0448607661240,0.0688047287308,0.0000067767541,15.1439384097487
71472,3.6544283936426,0.0025449422586,0.0447404861711,0.0687793516280,0.0000067767541,15.1439384097487
71525,3.6544082955184,0.0025862945884,0.0446618675442,0.0687687115869,0.0000067767541,15.1439384097487
71547,3.6543868385864,0.0025120521161,0.0445961457901,0.0687131177153,0.0000067767541,15.1439384097487
71700,3.6538282803130,0.0025897378613,0.0444908610529,0.0687009063521,0.0000065083946,15.1439384097487
71705,3.6538227680232,0.0025596739572,0.0445191192595,0.0686980360399,0.0000065083946,15.1439384097487
71793,3.6539082573423,0.0025717171484,0.0444909839395,0.0686943587471,0.0000063782268,15.1439384097487
71810,3.6538203197552,0.0025248831282,0.0445331816899,0.0686881133383,0.0000063782268,15.1439384097487
71825,3.6537393917851,0.0025429038410,0.0444771731175,0.0686746883140,0.0000063782268,15.1439384097487
71953,3.6537787683778,0.0024887039715,0.0443653793443,0.0686120906271,0.0000062506622,15.1439384097487
72586,3.6537967471320,0.0024686613688,0.0443786357089,0.0686084897543,0.0000056501036,15.1439384097487
72736,3.6538488580698,0.0024686613688,0.0443676356293,0.0686052985208,0.0000055371015,15.1439384097487
72747,3.6538917055085,0.0024974746761,0.0443204229476,0.0686013916974,0.0000055371015,15.1439384097487
73022,3.6538774697651,0.0024706832586,0.0443317169410,0.0685937417956,0.0000052114756,15.1439384097487
73217,3.6538314554112,0.0024935520997,0.0442840628162,0.0685858722971,0.0000051072461,15.1439384097487
73625,3.6537236650880,0.0024188303238,0.0443678332849,0.0685822414776,0.0000047107612,15.1439384097487
73659,3.6536963286084,0.0023889206784,0.0443836437168,0.0685746828316,0.0000047107612,15.1439384097487
73677,3.6535761615262,0.0024279260734,0.0442954523666,0.0685582021626,0.0000047107612,15.1439384097487
73710,3.6536459145286,0.0023920554340,0.0442723905810,0.0685355796797,0.0000047107612,15.1439384097487
73827,3.6534621143664,0.0024327742016,0.0441986698881,0.0685241010012,0.0000046165460,15.1439384097487
73987,3.6534597254461,0.0023920554340,0.0442397902026,0.0685213021243,0.0000045242151,15.1439384097487
74007,3.6534595136634,0.0024388894543,0.0441241819391,0.0685000821850,0.0000045242151,15.1439384097487
74135,3.6535688939213,0.0024489272833,0.0440881972103,0.0684930801463,0.0000043450561,15.1439384097487
74170,3.6537193888638,0.0023840725502,0.0441195207582,0.0684786017354,0.0000043450561,15.1439384097487
74181,3.6535751715876,0.0024309065704,0.0440181540338,0.0684604303920,0.0000043450561,15.1439384097487
74413,3.6534295876071,0.0024844728778,0.0439333410959,0.0684510370423,0.0000042581550,15.1439384097487
74509,3.6533831430321,0.0024490815419,0.0439767640216,0.0684507203270,0.0000041729919,15.1439384097487
74541,3.6533760005270,0.0024544089737,0.0439605430144,0.0684471092293,0.0000040895321,15.1439384097487
74580,3.6535301241330,0.0024376388576,0.0439644005717,0.0684434805744,0.0000040895321,15.1439384097487
74594,3.6533809817796,0.0024844728778,0.0438348990068,0.0684151913841,0.0000040895321,15.1439384097487
74766,3.6533141054524,0.0024124230817,0.0439034037703,0.0684078325915,0.0000040077414,15.1439384097487
74852,3.6533633727453,0.0024011511836,0.0438726946086,0.0683927313492,0.0000039275866,15.1439384097487
74882,3.6534598280056,0.0024149408028,0.0438363305393,0.0683870188539,0.0000039275866,15.1439384097487
75030,3.6535179861920,0.0024556595704,0.0437572890384,0.0683770635812,0.0000037720542,15.1439384097487
75187,3.6534899841179,0.0024349834055,0.0437830680090,0.0683770129154,0.0000036966131,15.1439384097487
75223,3.6533372982380,0.0025024935907,0.0436694652177,0.0683632129315,0.0000036966131,15.1439384097487
75281,3.6533258894779,0.0025493276109,0.0435688814921,0.0683472004621,0.0000036966131,15.1439384097487
75373,3.6532269912085,0.0024645845337,0.0436096508651,0.0683240430869,0.0000036226808,15.1439384097487
75433,3.6531134692781,0.0024378096439,0.0436129840970,0.0683121522464,0.0000036226808,15.1439384097487
75464,3.6531497629745,0.0024340578538,0.0435457089486,0.0682870310510,0.0000035502272,15.1439384097487
75524,3.6530574953879,0.0023909756237,0.0435803678641,0.0682796398420,0.0000034792227,15.1439384097487
75933,3.6530344091180,0.0023909756237,0.0435803678641,0.0682793131729,0.0000033414455,15.1439384097487
76220,3.6530265705942,0.0024378096439,0.0435092085100,0.0682738599262,0.0000031449417,15.1439384097487
76278,3.6530300422269,0.0023856481919,0.0435540107357,0.0682675549365,0.0000031449417,15.1439384097487
76479,3.6530284778716,0.0023477556626,0.0435816596340,0.0682611677521,0.0000030820429,15.1439384097487
76513,3.6529921738544,0.0023455629865,0.0435803226217,0.0682592368299,0.0000030204020,15.1439384097487
76610,3.6530448037615,0.0023613910232,0.0435302397659,0.0682488782497,0.0000030204020,15.1439384097487
76946,3.6530098473366,0.0023552757706,0.0435323090453,0.0682465018244,0.0000028427782,15.1439384097487
76953,3.6530320819917,0.0023552757706,0.0435306955528,0.0682462401960,0.0000028427782,15.1439384097487
77006,3.6530987906910,0.0023613910232,0.0435074676304,0.0682415092556,0.0000028427782,15.1439384097487
77081,3.6531031431594,0.0022913631169,0.0435144292796,0.0682140451862,0.0000027859227,15.1439384097487
77092,3.6531110177092,0.0022207181761,0.0435783158172,0.0682066968279,0.0000027859227,15.1439384097487
77115,3.6530798964873,0.0022675521964,0.0434641072426,0.0681855394110,0.0000027859227,15.1439384097487
77129,3.6530700269204,0.0023143862166,0.0433988417025,0.0681821623588,0.0000027302042,15.1439384097487
77161,3.6531201961007,0.0023410068478,0.0433482804844,0.0681762235134,0.0000027302042,15.1439384097487
77162,3.6531499009084,0.0023596445952,0.0432623853237,0.0681539545973,0.0000027302042,15.1439384097487
77185,3.6531239361640,0.0023596445952,0.0432348374046,0.0681437486554,0.0000026756001,15.1439384097487
77387,3.6532419822070,0.0023702994587,0.0432138794129,0.0681425003721,0.0000026220881,15.1439384097487
77388,3.6532642700486,0.0023702994587,0.0432007176394,0.0681381151101,0.0000026220881,15.1439384097487
77395,3.6532221800240,0.0024171334790,0.0431384507358,0.0681353530822,0.0000026220881,15.1439384097487
77740,3.6532323659430,0.0024639674992,0.0430599032198,0.0681275162510,0.0000024678884,15.1439384097487
77790,3.6532965232854,0.0024639674992,0.0430367913592,0.0681201698371,0.0000024678884,15.1439384097487
77850,3.6532582104847,0.0024169626926,0.0430769259875,0.0681138165923,0.0000024678884,15.1439384097487
77934,3.6532300729282,0.0023906505787,0.0431077820795,0.0681131618603,0.0000024185306,15.1439384097487
77978,3.6532207333096,0.0024772612871,0.0429903253117,0.0681081997348,0.0000024185306,15.1439384097487
78067,3.6531682695419,0.0024304272669,0.0430399946387,0.0681051246984,0.0000023701600,15.1439384097487
78094,3.6531424085590,0.0024365425195,0.0429765397898,0.0680847171437,0.0000023227568,15.1439384097487
78118,3.6531313398915,0.0023361421919,0.0430953304194,0.0680839570358,0.0000023227568,15.1439384097487
78253,3.6531414476661,0.0023447586379,0.0430705015097,0.0680789253550,0.0000022763017,15.1439384097487
78270,3.6531644015077,0.0023915926582,0.0429606394147,0.0680600854108,0.0000022763017,15.1439384097487
78518,3.6531538633354,0.0023447586379,0.0429829745974,0.0680478414243,0.0000022307756,15.1439384097487
78522,3.6531530223837,0.0023518159700,0.0429606394147,0.0680428772448,0.0000022307756,15.1439384097487
78684,3.6531954886316,0.0023950359310,0.0428893737127,0.0680365489434,0.0000021861601,15.1439384097487
78745,3.6532217586127,0.0024418699513,0.0428238846184,0.0680336034226,0.0000020995882,15.1439384097487
78861,3.6532653630855,0.0023803042324,0.0428085146076,0.0680023458253,0.0000020995882,15.1439384097487
78863,3.6532957546277,0.0023334702122,0.0427202821801,0.0679511925594,0.0000020995882,15.1439384097487
79273,3.6531470246721,0.0023749768006,0.0426197275148,0.0679309641979,0.0000019761156,15.1439384097487
79429,3.6531642533337,0.0023839182916,0.0425465576757,0.0679089079645,0.0000018978614,15.1439384097487
79476,3.6531553182276,0.0023539921184,0.0425678365703,0.0679035556358,0.0000018978614,15.1439384097487
79515,3.6531782372923,0.0023308147601,0.0425076100033,0.0678724372973,0.0000018978614,15.1439384097487
79547,3.6531311251041,0.0023215812796,0.0425194474476,0.0678720411157,0.0000018978614,15.1439384097487
79550,3.6531548556300,0.0023840725502,0.0424294532170,0.0678670180775,0.0000018978614,15.1439384097487
79557,3.6532057217109,0.0023840725502,0.0424258821426,0.0678664624454,0.0000018978614,15.1439384097487
79594,3.6531987063153,0.0023372385300,0.0424682345074,0.0678614172997,0.0000018599042,15.1439384097487
79597,3.6531014909165,0.0023840725502,0.0423480992138,0.0678372079692,0.0000018599042,15.1439384097487
79890,3.6531646155366,0.0023840725502,0.0423394442031,0.0678350101031,0.0000017862520,15.1439384097487
79943,3.6531411102978,0.0023146947339,0.0423608879860,0.0678126026496,0.0000017505269,15.1439384097487
80074,3.6531739638527,0.0023146947339,0.0423312762865,0.0678024919183,0.0000017155164,15.1439384097487
80226,3.6532719603638,0.0022678607136,0.0423481918907,0.0677898481266,0.0000017155164,15.1439384097487
80299,3.6531690624497,0.0023146947339,0.0422569691689,0.0677758843074,0.0000016812061,15.1439384097487
80330,3.6532125977505,0.0023146947339,0.0422403558193,0.0677705669899,0.0000016475820,15.1439384097487
80547,3.6531685866376,0.0022793033980,0.0422800817366,0.0677689643478,0.0000016146303,15.1439384097487
80555,3.6531738889039,0.0022402980030,0.0422961625625,0.0677580659288,0.0000016146303,15.1439384097487
80556,3.6531712045419,0.0022288553186,0.0422604935021,0.0677403849875,0.0000016146303,15.1439384097487
80638,3.6531401941558,0.0022756893388,0.0421818654556,0.0677319364704,0.0000015823377,15.1439384097487
80656,3.6531545159844,0.0023160995892,0.0421069492035,0.0677227019977,0.0000015823377,15.1439384097487
80706,3.6531827392366,0.0023160995892,0.0420617679676,0.0677069651992,0.0000015823377,15.1439384097487
80791,3.6532240912197,0.0023160995892,0.0420449338965,0.0677015381587,0.0000015506910,15.1439384097487
80919,3.6532224486099,0.0023629336094,0.0419804749018,0.0676985655693,0.0000015196771,15.1439384097487
81106,3.6532100729986,0.0022996545180,0.0420145374393,0.0676834360366,0.0000014594979,15.1439384097487
81313,3.6531981029391,0.0022893246994,0.0420248298329,0.0676825154508,0.0000014303080,15.1439384097487
81503,3.6532583571103,0.0023361587196,0.0419603523785,0.0676804121039,0.0000013736678,15.1439384097487
81907,3.6532872419628,0.0024237115075,0.0418412583997,0.0676758098822,0.0000012928851,15.1439384097487
81944,3.6533528467069,0.0024237115075,0.0418178643406,0.0676683831638,0.0000012670274,15.1439384097487
82066,3.6533544892117,0.0024147700165,0.0418043119339,0.0676597341923,0.0000012670274,15.1439384097487
82169,3.6533301321078,0.0023740512489,0.0418353605763,0.0676530274414,0.0000012416869,15.1439384097487
82180,3.6533318709383,0.0023272172286,0.0418628474937,0.0676427970790,0.0000012416869,15.1439384097487
82346,3.6533241765177,0.0023740512489,0.0417983146605,0.0676397124860,0.0000011925161,15.1439384097487
82739,3.6532973510079,0.0023272172286,0.0418434149060,0.0676353684144,0.0000011452924,15.1439384097487
82831,3.6532169878497,0.0023740512489,0.0417611692946,0.0676249295714,0.0000011223866,15.1439384097487
82877,3.6531339112259,0.0023740512489,0.0417230533460,0.0676101412039,0.0000011223866,15.1439384097487
83349,3.6531399785473,0.0024058615809,0.0416474469690,0.0675968577781,0.0000010352536,15.1439384097487
83431,3.6531229038189,0.0023740512489,0.0415714955297,0.0675558576583,0.0000010352536,15.1439384097487
83538,3.6531416739797,0.0023272172286,0.0415986584855,0.0675457525875,0.0000010145486,15.1439384097487
83548,3.6530909767819,0.0023740512489,0.0415441788647,0.0675456499411,0.0000010145486,15.1439384097487
83723,3.6530945797067,0.0024208852691,0.0414816498212,0.0675434408440,0.0000009743724,15.1439384097487
83771,3.6531162308929,0.0024208852691,0.0414715781491,0.0675401501810,0.0000009743724,15.1439384097487
83876,3.6532036503650,0.0024208852691,0.0414324059124,0.0675273970762,0.0000009548850,15.1439384097487
84028,3.6531677650486,0.0023818964018,0.0414771821963,0.0675261713168,0.0000009357873,15.1439384097487
84174,3.6531714603327,0.0023818964018,0.0414463234542,0.0675152026255,0.0000008987301,15.1439384097487
84251,3.6531865404742,0.0023818964018,0.0414286291358,0.0675090966090,0.0000008987301,15.1439384097487
84453,3.6531873814258,0.0023301977256,0.0414470032380,0.0674935141123,0.0000008807555,15.1439384097487
84535,3.6532350573659,0.0023301977256,0.0414447768277,0.0674933935771,0.0000008631404,15.1439384097487
84603,3.6531981508660,0.0023496232938,0.0413344924846,0.0674618093308,0.0000008631404,15.1439384097487
84627,3.6532243767513,0.0023560470637,0.0413030023992,0.0674536870104,0.0000008631404,15.1439384097487
85393,3.6531525646809,0.0023621623163,0.0412950523332,0.0674524523877,0.0000007493142,15.1439384097487
85448,3.6533679420739,0.0024089963365,0.0412150016682,0.0674469821631,0.0000007493142,15.1439384097487
85470,3.6534160264302,0.0023619915300,0.0412549886194,0.0674417986904,0.0000007493142,15.1439384097487
85592,3.6534502888708,0.0023181380067,0.0412786666901,0.0674319455884,0.0000007343279,15.1439384097487
85698,3.6536102605361,0.0023181380067,0.0412692040856,0.0674308296751,0.0000007052486,15.1439384097487
85699,3.6535451988814,0.0023649720270,0.0411774144310,0.0674171987606,0.0000007052486,15.1439384097487
85957,3.6534911312507,0.0023649720270,0.0411598229635,0.0674101510402,0.0000006911436,15.1439384097487
86510,3.6534764922694,0.0023181380067,0.0412150016682,0.0674095788569,0.0000006374888,15.1439384097487
87400,3.6534769114867,0.0023106178988,0.0412169459488,0.0674070562713,0.0000005423519,15.1439384097487
87459,3.6534949026971,0.0023574519190,0.0411516804086,0.0674040734472,0.0000005423519,15.1439384097487
87497,3.6535085707611,0.0023574519190,0.0411201595020,0.0673930093828,0.0000005423519,15.1439384097487
89518,3.6535333540620,0.0023104636402,0.0411470426064,0.0673828233397,0.0000004005644,15.1439384097487
89552,3.6535740494129,0.0023104636402,0.0410514949251,0.0673492750043,0.0000003925531,15.1439384097487
89570,3.6535701022177,0.0023511824078,0.0409926802921,0.0673456648261,0.0000003925531,15.1439384097487
89744,3.6535065208539,0.0023397562511,0.0410014276350,0.0673429922808,0.0000003847020,15.1439384097487
89936,3.6535082296148,0.0023712415382,0.0409377681318,0.0673337746173,0.0000003694678,15.1439384097487
90079,3.6533562180347,0.0023244075180,0.0409941794584,0.0673316988430,0.0000003620785,15.1439384097487
90100,3.6533900782215,0.0022745930007,0.0409377681318,0.0672906819812,0.0000003620785,15.1439384097487
90285,3.6533569904391,0.0023214270210,0.0408817065409,0.0672902635175,0.0000003477402,15.1439384097487
90320,3.6533326905381,0.0022832094468,0.0409135618632,0.0672849176160,0.0000003477402,15.1439384097487
90412,3.6533828455543,0.0022905752961,0.0408916259333,0.0672809498380,0.0000003477402,15.1439384097487
90652,3.6534582115219,0.0023374093163,0.0408254057689,0.0672784379256,0.0000003339697,15.1439384097487
90797,3.6533506361858,0.0023596445952,0.0407607806375,0.0672633647430,0.0000003207445,15.1439384097487
90990,3.6533418671406,0.0023242532593,0.0407984775152,0.0672615361168,0.0000003143296,15.1439384097487
91004,3.6533992270411,0.0022261998666,0.0409046734695,0.0672582519995,0.0000003143296,15.1439384097487
91029,3.6533636597267,0.0022506278216,0.0408104181790,0.0672345552442,0.0000003143296,15.1439384097487
91049,3.6533218376068,0.0022974618418,0.0407457561282,0.0672309415974,0.0000003143296,15.1439384097487
91098,3.6533032124585,0.0023442958620,0.0406804905880,0.0672274406543,0.0000003143296,15.1439384097487
91253,3.6532598983544,0.0023911298823,0.0406236745344,0.0672266080378,0.0000003018821,15.1439384097487
91276,3.6532345019668,0.0023911298823,0.0405903878555,0.0672143605811,0.0000003018821,15.1439384097487
91573,3.6532558117740,0.0023850146297,0.0405666192996,0.0672035525209,0.0000002899276,15.1439384097487
91683,3.6531874150131,0.0023489897316,0.0405988319731,0.0671986499955,0.0000002841290,15.1439384097487
91865,3.6531370016754,0.0023833012571,0.0405413168356,0.0671921004691,0.0000002728775,15.1439384097487
91882,3.6529747975108,0.0023833012571,0.0405165271759,0.0671809518412,0.0000002728775,15.1439384097487
91950,3.6529958986390,0.0023551049842,0.0404825783324,0.0671570417168,0.0000002728775,15.1439384097487
92054,3.6529718547510,0.0023704537174,0.0404184648567,0.0671403818560,0.0000002674200,15.1439384097487
92178,3.6529466384071,0.0023236196971,0.0403842952917,0.0671077499074,0.0000002620716,15.1439384097487
92304,3.6528026485972,0.0022871320232,0.0404275636944,0.0671055278876,0.0000002568301,15.1439384097487
92322,3.6528485388135,0.0023339660434,0.0403691472111,0.0671053859243,0.0000002516935,15.1439384097487
92454,3.6526789426410,0.0023808000637,0.0402676645871,0.0670868140785,0.0000002516935,15.1439384097487
92611,3.6526354463865,0.0024276340839,0.0402089904631,0.0670853152881,0.0000002466597,15.1439384097487
92794,3.6526838128665,0.0024744681041,0.0401500771579,0.0670850309274,0.0000002417265,15.1439384097487
92913,3.6527001045261,0.0024744681041,0.0401441991949,0.0670831621808,0.0000002321541,15.1439384097487
93080,3.6526959936553,0.0024666229512,0.0401063904421,0.0670662386778,0.0000002275110,15.1439384097487
93169,3.6525234777195,0.0024185383343,0.0401277493175,0.0670508180657,0.0000002229608,15.1439384097487
93320,3.6524406040299,0.0024191718965,0.0400898411147,0.0670363782914,0.0000002229608,15.1439384097487
93499,3.6523916204777,0.0024055530637,0.0400954983561,0.0670318689781,0.0000002141316,15.1439384097487
93502,3.6524284015444,0.0024191718965,0.0400743602022,0.0670306767297,0.0000002098489,15.1439384097487
93667,3.6523894188285,0.0023723378763,0.0401166801089,0.0670251676563,0.0000002098489,15.1439384097487
93791,3.6524733979376,0.0022564180292,0.0402193426796,0.0670133412245,0.0000002056519,15.1439384097487
93794,3.6522959547006,0.0023164081064,0.0400743602022,0.0669847609914,0.0000002056519,15.1439384097487
93806,3.6523552030712,0.0023626085645,0.0400095135551,0.0669822400313,0.0000002056519,15.1439384097487
94103,3.6523997295715,0.0023958237519,0.0399503056898,0.0669759594925,0.0000001935580,15.1439384097487
94139,3.6523721946164,0.0023489897316,0.0399771446840,0.0669650835068,0.0000001935580,15.1439384097487
94528,3.6523807307113,0.0023958237519,0.0399122611176,0.0669621033127,0.0000001821752,15.1439384097487
94565,3.6523098271221,0.0023897084992,0.0398882895057,0.0669499179191,0.0000001821752,15.1439384097487
94632,3.6524638247808,0.0022799039048,0.0399768606565,0.0669366704176,0.0000001785317,15.1439384097487
94842,3.6523671013944,0.0022799039048,0.0399535550459,0.0669269783558,0.0000001749611,15.1439384097487
94878,3.6523360896231,0.0023106178988,0.0398741170954,0.0669113319850,0.0000001714618,15.1439384097487
94893,3.6523163718959,0.0023267379250,0.0398527956115,0.0669103467475,0.0000001714618,15.1439384097487
95476,3.6522983635055,0.0023267379250,0.0398527956115,0.0669100919300,0.0000001581510,15.1439384097487
95591,3.6522708419125,0.0023735719453,0.0397527034481,0.0668940270230,0.0000001549879,15.1439384097487
95684,3.6522661723592,0.0024204059655,0.0396880618284,0.0668909463794,0.0000001549879,15.1439384097487
95727,3.6521801669486,0.0024511199595,0.0396498993465,0.0668892630910,0.0000001488504,15.1439384097487
95829,3.6520966232977,0.0024204059655,0.0396880618284,0.0668885472715,0.0000001488504,15.1439384097487
96034,3.6520772941773,0.0023698036274,0.0397045874265,0.0668724890487,0.0000001458734,15.1439384097487
96075,3.6520636540527,0.0023919011754,0.0396252452524,0.0668534299289,0.0000001429559,15.1439384097487
96202,3.6520778444180,0.0024204059655,0.0395295605619,0.0668316739564,0.0000001429559,15.1439384097487
96206,3.6520897546194,0.0023735719453,0.0395152261708,0.0668066513366,0.0000001400968,15.1439384097487
96529,3.6520477046498,0.0023034063081,0.0395727993113,0.0667965471809,0.0000001345490,15.1439384097487
96757,3.6519756261011,0.0023034063081,0.0395202212477,0.0667767493944,0.0000001266364,15.1439384097487
96787,3.6520065727687,0.0022633211027,0.0395644305988,0.0667757969679,0.0000001266364,15.1439384097487
97174,3.6520234167306,0.0023303519842,0.0394403720304,0.0667604561979,0.0000001216216,15.1439384097487
97282,3.6520380640397,0.0022835179640,0.0394399396628,0.0667404373164,0.0000001168054,15.1439384097487
97588,3.6519492677573,0.0023081167054,0.0393986457345,0.0667349753412,0.0000001121799,15.1439384097487
97637,3.6519256491315,0.0023223691004,0.0393326837547,0.0667171914586,0.0000001121799,15.1439384097487
98108,3.6518505673293,0.0023446043793,0.0393085222425,0.0667170293498,0.0000001034712,15.1439384097487
98167,3.6517778040203,0.0023223691004,0.0393326837547,0.0667150994602,0.0000001034712,15.1439384097487
98269,3.6518869833667,0.0023446043793,0.0392942157709,0.0667124351802,0.0000001014018,15.1439384097487
98305,3.6518420148190,0.0023914383995,0.0392340696406,0.0667103898404,0.0000001014018,15.1439384097487
98329,3.6518151560130,0.0023914383995,0.0392194922783,0.0667048035892,0.0000000993737,15.1439384097487
98398,3.6518063999848,0.0023395854648,0.0391808253944,0.0666686474043,0.0000000993737,15.1439384097487
98412,3.6517869462161,0.0022927514445,0.0392346586190,0.0666675265635,0.0000000993737,15.1439384097487
98427,3.6518845942112,0.0023206392001,0.0391958738254,0.0666670084593,0.0000000993737,15.1439384097487
98527,3.6518148594536,0.0023674732204,0.0391031932765,0.0666529932441,0.0000000973862,15.1439384097487
98670,3.6518487995231,0.0023674732204,0.0390816368297,0.0666457747628,0.0000000954385,15.1439384097487
98806,3.6518130969483,0.0024143072406,0.0390209754177,0.0666436765067,0.0000000935298,15.1439384097487
98890,3.6518301666442,0.0024611412608,0.0389399290324,0.0666350446271,0.0000000935298,15.1439384097487
98892,3.6518694820049,0.0025079752811,0.0388790284393,0.0666339224480,0.0000000935298,15.1439384097487
