0,3.12456,0.555358,0.320124,0.396553,100000.000000
1,3.1246543607784,0.5552407902202,0.3198026612378,0.3963892247644,100000.0000000000000,15.1439384097487
2,3.1246466692833,0.5551231570006,0.3198756981740,0.3963647863133,100000.0000000000000,15.1439384097487
3,3.1245492497997,0.5550055237810,0.3198736568316,0.3963122645463,100000.0000000000000,15.1439384097487
4,3.1246196375144,0.5548878905614,0.3199210244706,0.3962797633047,100000.0000000000000,15.1439384097487
5,3.1245489055535,0.5548410565411,0.3199718202622,0.3962768320834,100000.0000000000000,15.1439384097487
6,3.1245279366842,0.5548878905614,0.3194468320206,0.3961091112977,100000.0000000000000,15.1439384097487
7,3.1244977155292,0.5548410565411,0.3194066719437,0.3960742690628,100000.0000000000000,15.1439384097487
8,3.1246812275164,0.5547942225209,0.3194444691589,0.3960702930276,100000.0000000000000,15.1439384097487
9,3.1245612345504,0.5547473885007,0.3194832413837,0.3960623706354,100000.0000000000000,15.1439384097487
10,3.1245040497699,0.5547473885007,0.3194819647803,0.3960611055448,100000.0000000000000,15.1439384097487
11,3.1244446956719,0.5546297552810,0.3195051401677,0.3960181283754,100000.0000000000000,15.1439384097487
12,3.1245227158211,0.5545121220614,0.3189750158881,0.3957794880184,100000.0000000000000,15.1439384097487
13,3.1245184339391,0.5545121220614,0.3189095165067,0.3957560347938,100000.0000000000000,15.1439384097487
14,3.1245233362838,0.5543944888418,0.3188004487730,0.3956667371627,100000.0000000000000,15.1439384097487
15,3.1244870755785,0.5543944888418,0.3187648173289,0.3956534985604,100000.0000000000000,15.1439384097487
16,3.1244672516855,0.5543476548216,0.3187082173957,0.3956129320688,100000.0000000000000,15.1439384097487
17,3.1245630491972,0.5543476548216,0.3180353136704,0.3953739648381,100000.0000000000000,15.1439384097487
18,3.1245449730394,0.5543008208013,0.3180249278402,0.3953499281137,100000.0000000000000,15.1439384097487
19,3.1245946448427,0.5542539867811,0.3180269691826,0.3953312882943,100000.0000000000000,15.1439384097487
20,3.1246960953069,0.5541363535615,0.3179842228832,0.3952670430391,100000.0000000000000,15.1439384097487
21,3.1246692291797,0.5541363535615,0.3179827887694,0.3952661507017,100000.0000000000000,15.1439384097487
22,3.1248401112342,0.5540895195412,0.3178484236061,0.3952005093900,100000.0000000000000,15.1439384097487
23,3.1248933517511,0.5540426855210,0.3178191471877,0.3951707351531,100000.0000000000000,15.1439384097487
24,3.1249142537575,0.5540426855210,0.3177753673628,0.3951553952633,100000.0000000000000,15.1439384097487
25,3.1249313969887,0.5539250523014,0.3177633982325,0.3951009489125,100000.0000000000000,15.1439384097487
26,3.1249142303438,0.5538074190818,0.3176938695946,0.3950254601123,100000.0000000000000,15.1439384097487
27,3.1248765164212,0.5536897858621,0.3175412235614,0.3949199957854,100000.0000000000000,15.1439384097487
28,3.1247793216859,0.5536897858621,0.3172373816531,0.3948101055191,100000.0000000000000,15.1439384097487
29,3.1247198561369,0.5536897858621,0.3169755629410,0.3947157574027,100000.0000000000000,15.1439384097487
30,3.1247973151788,0.5535721526425,0.3167596177474,0.3945893159226,100000.0000000000000,15.1439384097487
31,3.1248182011625,0.5535721526425,0.3164775892484,0.3944888869939,100000.0000000000000,15.1439384097487
32,3.1248662113269,0.5535721526425,0.3164067519728,0.3944642673075,100000.0000000000000,15.1439384097487
33,3.1249306017798,0.5535253186223,0.3164359986139,0.3944555519341,100000.0000000000000,15.1439384097487
34,3.1249299786392,0.5535253186223,0.3157726782904,0.3942186430012,100000.0000000000000,15.1439384097487
35,3.1249014617643,0.5534784846021,0.3157322765499,0.3941837385733,100000.0000000000000,15.1439384097487
36,3.1248989856859,0.5534784846021,0.3156484757995,0.3941537746976,100000.0000000000000,15.1439384097487
37,3.1249186490285,0.5534784846021,0.3154937082008,0.3940987787901,100000.0000000000000,15.1439384097487
38,3.1248135871725,0.5534784846021,0.3152395443756,0.3940065193772,100000.0000000000000,15.1439384097487
39,3.1247801780836,0.5534784846021,0.3151277419144,0.3939661171904,100000.0000000000000,15.1439384097487
40,3.1247380379530,0.5533608513824,0.3149454191669,0.3938499914064,100000.0000000000000,15.1439384097487
41,3.1248048328671,0.5533608513824,0.3146392017244,0.3937415731777,100000.0000000000000,15.1439384097487
42,3.1245435065953,0.5533608513824,0.3146104729825,0.3937276151635,100000.0000000000000,15.1439384097487
43,3.1246677717304,0.5532432181628,0.3140101980068,0.3934645753499,100000.0000000000000,15.1439384097487
44,3.1247313930761,0.5532432181628,0.3140046920949,0.3934635091906,100000.0000000000000,15.1439384097487
45,3.1247399464302,0.5531255849432,0.3141424455667,0.3934624136515,100000.0000000000000,15.1439384097487
46,3.1246522667817,0.5530079517236,0.3141568953471,0.3934159193892,100000.0000000000000,15.1439384097487
47,3.1245430691819,0.5529611177033,0.3141141739206,0.3933790448752,100000.0000000000000,15.1439384097487
48,3.1244870205673,0.5529611177033,0.3140747392536,0.3933641679814,100000.0000000000000,15.1439384097487
49,3.1244773864473,0.5529611177033,0.3140056628459,0.3933393615137,100000.0000000000000,15.1439384097487
50,3.1246758946112,0.5529611177033,0.3139212430860,0.3933120204767,100000.0000000000000,15.1439384097487
51,3.1248088125474,0.5529611177033,0.3138890808073,0.3933024147285,100000.0000000000000,15.1439384097487
52,3.1249216798721,0.5529611177033,0.3136489865314,0.3932182638378,100000.0000000000000,15.1439384097487
53,3.1249752006106,0.5528434844837,0.3135833162612,0.3931451532478,100000.0000000000000,15.1439384097487
54,3.1249855620769,0.5527966504635,0.3134984838766,0.3930949308587,100000.0000000000000,15.1439384097487
55,3.1251277786493,0.5526790172439,0.3134652334547,0.3930346538260,100000.0000000000000,15.1439384097487
15465,3.4035093840885,0.1468820982382,0.7839006870170,0.3910734315977,419.0506442385525,15.1439384097487
15466,3.4033681754284,0.1468820982382,0.7838658098955,0.3910589773898,419.0506442385525,15.1439384097487
15468,3.4033339320060,0.1466468317989,0.7840873150330,0.3910367733514,419.0506442385525,15.1439384097487
15469,3.4033962563844,0.1466468317989,0.7839714169535,0.3909962630659,419.0506442385525,15.1439384097487
15475,3.4037429471559,0.1464873669459,0.7840123536667,0.3909474468920,402.4562387267059,15.1439384097487
15481,3.4036299186684,0.1465342009661,0.7838602479310,0.3909115957924,402.4562387267059,15.1439384097487
15482,3.4036662973598,0.1465342009661,0.7837900875109,0.3908870532555,402.4562387267059,15.1439384097487
15483,3.4035888688806,0.1464873669459,0.7838107754682,0.3908732744810,402.4562387267059,15.1439384097487
15484,3.4035829417655,0.1464873669459,0.7837254365625,0.3908427124321,402.4562387267059,15.1439384097487
15485,3.4035624917699,0.1464723432577,0.7836096878772,0.3907946455263,402.4562387267059,15.1439384097487
15486,3.4036194792431,0.1463547100381,0.7836361247418,0.3907544793956,402.4562387267059,15.1439384097487
15487,3.4035975583657,0.1462370768185,0.7834401660988,0.3906337697501,402.4562387267059,15.1439384097487
15488,3.4036799535731,0.1462370768185,0.7833814376346,0.3906139611852,402.4562387267059,15.1439384097487
15489,3.4037345018546,0.1462839108387,0.7829388633301,0.3904767425111,402.4562387267059,15.1439384097487
15490,3.4038935292455,0.1463307448589,0.6680458227951,0.3494658356985,402.4562387267059,15.1439384097487
15491,3.4038246258956,0.1462839108387,0.6678287697145,0.3493672700404,402.4562387267059,15.1439384097487
15495,3.4039319961158,0.1461755276273,0.6679486269694,0.3493651455365,402.4562387267059,15.1439384097487
15498,3.4039484823956,0.1461755276273,0.6679285509294,0.3493582088020,402.4562387267059,15.1439384097487
15582,3.4056881773754,0.1450262788382,0.5662478144591,0.3125757414347,394.4071139521718,15.1439384097487
15583,3.4056467668609,0.1450731128584,0.5660999346380,0.3125424129799,394.4071139521718,15.1439384097487
15587,3.4058371375897,0.1449554796388,0.5662252715311,0.3125394556520,394.4071139521718,15.1439384097487
15592,3.4055594285187,0.1449086456185,0.5662569161875,0.3125267560273,394.4071139521718,15.1439384097487
15593,3.4056002554947,0.1448618115983,0.5662430128673,0.3125022965318,394.4071139521718,15.1439384097487
15594,3.4054908757294,0.1448618115983,0.5660258210416,0.3124231803063,394.4071139521718,15.1439384097487
15596,3.4055556665922,0.1448376921605,0.5660405781447,0.3124190305847,394.4071139521718,15.1439384097487
15597,3.4054504219467,0.1448547707939,0.5659534666386,0.3123937495422,394.4071139521718,15.1439384097487
15598,3.4054963242652,0.1448547707939,0.5659007953285,0.3123755878747,394.4071139521718,15.1439384097487
15599,3.4055582786156,0.1448079367737,0.5657183698130,0.3122912408319,394.4071139521718,15.1439384097487
15610,3.4060610187455,0.1445394716748,0.5658516129466,0.3122308849335,394.4071139521718,15.1439384097487
15643,3.4062942601584,0.1439608641022,0.5664808019195,0.3122109209574,378.7885922396657,15.1439384097487
15644,3.4063353676470,0.1439140300819,0.5665181266279,0.3122047611556,378.7885922396657,15.1439384097487
15654,3.4063768833980,0.1437093233780,0.4733857571867,0.2788560566415,378.7885922396657,15.1439384097487
15656,3.4063313316226,0.1436624893578,0.4733253844761,0.2788137786816,378.7885922396657,15.1439384097487
15657,3.4063114127080,0.1436624893578,0.4730936167761,0.2787307226517,378.7885922396657,15.1439384097487
15658,3.4063968293484,0.1436494875595,0.4727621953328,0.2786079942910,378.7885922396657,15.1439384097487
15659,3.4065109225312,0.1435318543398,0.4728345267063,0.2785850270983,378.7885922396657,15.1439384097487
15671,3.4065969612900,0.1435553402154,0.4725843503482,0.2785069612169,378.7885922396657,15.1439384097487
15672,3.4066772724218,0.1436021742356,0.4724164285109,0.2784681972522,378.7885922396657,15.1439384097487
15673,3.4066987633304,0.1435553402154,0.4724395112098,0.2784566734452,378.7885922396657,15.1439384097487
15674,3.4067683231054,0.1435553402154,0.4722325981205,0.2783837601795,378.7885922396657,15.1439384097487
15675,3.4067279140145,0.1434377069958,0.4722724531844,0.2783470081080,378.7885922396657,15.1439384097487
15676,3.4067675959198,0.1434845410160,0.4715914820732,0.2781244373590,378.7885922396657,15.1439384097487
15682,3.4068560758522,0.1431817478639,0.4719488548267,0.2781235539766,378.7885922396657,15.1439384097487
15683,3.4067806204121,0.1431817478639,0.4719241804824,0.2781136740213,378.7885922396657,15.1439384097487
15686,3.4067778729554,0.1430880798235,0.4720213700818,0.2781082022703,378.7885922396657,15.1439384097487
15696,3.4064883744513,0.1429640228340,0.4721365515292,0.2780920748359,378.7885922396657,15.1439384097487
15700,3.4065454148701,0.1428463896144,0.4717688134065,0.2779111326732,378.7885922396657,15.1439384097487
15701,3.4065169062551,0.1427995555941,0.4714735018366,0.2777851891374,378.7885922396657,15.1439384097487
15702,3.4065572762878,0.1427417581931,0.4713065753348,0.2777013734481,378.7885922396657,15.1439384097487
15703,3.4067028795921,0.1427417581931,0.4712926733933,0.2776984687460,378.7885922396657,15.1439384097487
15944,3.4101147814251,0.1391521379650,0.4694658583880,0.2755559043288,349.3825368530907,15.1439384097487
15945,3.4101610564245,0.1391521379650,0.4694243885351,0.2755417484552,349.3825368530907,15.1439384097487
18210,3.4399962964268,0.1082119457526,0.4737026677292,0.2642317895814,152.6055390526539,15.1439384097487
18212,3.4400596465332,0.1083135966769,0.4733146441268,0.2641376708050,152.6055390526539,15.1439384097487
18213,3.4401118980350,0.1083135966769,0.4732880483892,0.2641289116826,152.6055390526539,15.1439384097487
18214,3.4402349230168,0.1083135966769,0.4732489582358,0.2641166917087,152.6055390526539,15.1439384097487
18215,3.4403379084426,0.1083637197114,0.4730665815666,0.2640744957214,152.6055390526539,15.1439384097487
18246,3.4406954146559,0.1082282365652,0.3903033824598,0.2344632048096,152.6055390526539,15.1439384097487
18247,3.4407515589352,0.1082282365652,0.3902525175370,0.2344458332035,152.6055390526539,15.1439384097487
18248,3.4407412443833,0.1082750705854,0.3896843568704,0.2342628444525,152.6055390526539,15.1439384097487
18250,3.4408407973826,0.1082750705854,0.3896578169517,0.2342547745783,152.6055390526539,15.1439384097487
18251,3.4409190097102,0.1082282365652,0.3894693034672,0.2341684833101,152.6055390526539,15.1439384097487
18292,3.4409809637675,0.1069146582671,0.3909948859376,0.2341512487104,149.5534282716008,15.1439384097487
18293,3.4411383575630,0.1068678242469,0.3908702591666,0.2340888945381,149.5534282716008,15.1439384097487
18294,3.4413027340081,0.1068678242469,0.3908358325110,0.2340789252196,149.5534282716008,15.1439384097487
18295,3.4413060024940,0.1068209902267,0.3908387428664,0.2340599391582,149.5534282716008,15.1439384097487
18296,3.4412874196161,0.1067033570070,0.3908535584780,0.2340145532646,149.5534282716008,15.1439384097487
18298,3.4414388830590,0.1065857237874,0.3907363071909,0.2339244067655,149.5534282716008,15.1439384097487
18302,3.4415159532017,0.1064331620078,0.3909062791014,0.2339208179368,149.5534282716008,15.1439384097487
18303,3.4415712505689,0.1063863279876,0.3908038117770,0.2338649331948,149.5534282716008,15.1439384097487
18311,3.4415887376321,0.1063393562364,0.3893310554992,0.2333190655002,149.5534282716008,15.1439384097487
18312,3.4415582066095,0.1063393562364,0.3892227860220,0.2332799658178,149.5534282716008,15.1439384097487
18321,3.4417199088078,0.1065058618938,0.3886696976991,0.2331560819167,149.5534282716008,15.1439384097487
18322,3.4416918321633,0.1064590278736,0.3883519009426,0.2330221140695,149.5534282716008,15.1439384097487
18323,3.4417162629632,0.1064042109696,0.3883217384648,0.2329881944913,149.5534282716008,15.1439384097487
18325,3.4416294966578,0.1064042109696,0.3882316506052,0.2329547925183,149.5534282716008,15.1439384097487
18326,3.4416034165026,0.1064042109696,0.3882235477602,0.2329515296126,149.5534282716008,15.1439384097487
18340,3.4421192708396,0.1061285673354,0.3884743968317,0.2329302848850,149.5534282716008,15.1439384097487
18341,3.4420505323453,0.1061614574778,0.3883626342026,0.2329034927905,149.5534282716008,15.1439384097487
18342,3.4421203364773,0.1061146234576,0.3883503355397,0.2328800164118,149.5534282716008,15.1439384097487
18346,3.4424002310413,0.1059501562177,0.3883908923830,0.2328279755281,149.5534282716008,15.1439384097487
18347,3.4423803587106,0.1058937471443,0.3884235217634,0.2328151723689,149.5534282716008,15.1439384097487
18348,3.4423887560849,0.1058705532583,0.3884198418203,0.2328040366889,149.5534282716008,15.1439384097487
18353,3.4422266224349,0.1058393930161,0.3883704272423,0.2327707400555,149.5534282716008,15.1439384097487
18355,3.4422369102578,0.1057925589959,0.3883781293381,0.2327535646531,149.5534282716008,15.1439384097487
18356,3.4423348373966,0.1057457249756,0.3884045849846,0.2327443270378,149.5534282716008,15.1439384097487
18358,3.4421577266984,0.1056988909554,0.3883435552295,0.2326999528692,149.5534282716008,15.1439384097487
18363,3.4423463561776,0.1055093621983,0.3163735928350,0.2069178373555,143.6311125120454,15.1439384097487
18369,3.4424879592034,0.1053179492823,0.3163535857098,0.2068306615201,143.6311125120454,15.1439384097487
18370,3.4426841183922,0.1053179492823,0.3161977085225,0.2067777667354,143.6311125120454,15.1439384097487
18372,3.4426735309021,0.1053179492823,0.3161446494785,0.2067586672646,143.6311125120454,15.1439384097487
18969,3.4549071458807,0.0958871113790,0.3138652121774,0.2020758996740,117.3570762565980,15.1439384097487
18970,3.4550377382040,0.0958871113790,0.3133722582902,0.2019016925869,117.3570762565980,15.1439384097487
18971,3.4550784166504,0.0959339453992,0.3132280019055,0.2018708197698,117.3570762565980,15.1439384097487
18973,3.4550907002047,0.0959281386639,0.3131675250863,0.2018469061164,117.3570762565980,15.1439384097487
18978,3.4552007801664,0.0956798704263,0.3134373176722,0.2018384175621,117.3570762565980,15.1439384097487
18979,3.4552874896271,0.0955622372067,0.3135734156247,0.2018378366698,117.3570762565980,15.1439384097487
18980,3.4553115335450,0.0954446039870,0.3137096955145,0.2018364340419,117.3570762565980,15.1439384097487
18981,3.4553385159100,0.0954446039870,0.3135038162188,0.2017632875207,117.3570762565980,15.1439384097487
18986,3.4553805037481,0.0954406979383,0.2527477766242,0.1800636220554,117.3570762565980,15.1439384097487
18987,3.4554609759754,0.0954406979383,0.2527435210298,0.1800632408769,117.3570762565980,15.1439384097487
18989,3.4556960931365,0.0954406979383,0.2526660156216,0.1800388872660,117.3570762565980,15.1439384097487
18990,3.4558080237489,0.0954406979383,0.2525362082268,0.1799941112928,117.3570762565980,15.1439384097487
18991,3.4557799489753,0.0954406979383,0.2524817595408,0.1799742680774,117.3570762565980,15.1439384097487
18992,3.4557809607910,0.0953946352112,0.2524887441708,0.1799570357364,117.3570762565980,15.1439384097487
19011,3.4557849035081,0.0945842044722,0.2525755894269,0.1796407802290,117.3570762565980,15.1439384097487
19017,3.4554158053611,0.0945373704520,0.2523607139171,0.1795387445384,117.3570762565980,15.1439384097487
19018,3.4553885419601,0.0945373704520,0.2522618553030,0.1795030521153,117.3570762565980,15.1439384097487
19022,3.4552036284984,0.0945373704520,0.2522125591612,0.1794828298372,117.3570762565980,15.1439384097487
19023,3.4553392162496,0.0944905364317,0.2522561069611,0.1794802294575,117.3570762565980,15.1439384097487
19024,3.4552918533161,0.0945373704520,0.2515609239122,0.1792513513378,117.3570762565980,15.1439384097487
19025,3.4552459651258,0.0944197372323,0.2512754583513,0.1790983358000,117.3570762565980,15.1439384097487
19027,3.4552064128737,0.0943729032121,0.2513093863766,0.1790898215672,117.3570762565980,15.1439384097487
19028,3.4553578395714,0.0944197372323,0.2510797453324,0.1790300213092,117.3570762565980,15.1439384097487
19032,3.4555972876155,0.0944197372323,0.2509014581385,0.1789697354851,117.3570762565980,15.1439384097487
19041,3.4555860114082,0.0944493383605,0.2508579946558,0.1789667394529,112.7097360368367,15.1439384097487
19042,3.4557438504718,0.0944493383605,0.2505940107678,0.1788746929051,112.7097360368367,15.1439384097487
19043,3.4557125543131,0.0944493383605,0.2504504814212,0.1788229895857,112.7097360368367,15.1439384097487
19045,3.4556807738079,0.0944025043403,0.2490043822000,0.1782860041631,112.7097360368367,15.1439384097487
19046,3.4557621847369,0.0944493383605,0.2489319302461,0.1782813521474,112.7097360368367,15.1439384097487
19073,3.4556535033423,0.0944330475479,0.2487188709594,0.1781967399337,112.7097360368367,15.1439384097487
19074,3.4556222738301,0.0944798815682,0.2479630334587,0.1779464277967,112.7097360368367,15.1439384097487
19076,3.4556014927770,0.0945303131199,0.2478196152233,0.1779165264700,112.7097360368367,15.1439384097487
19077,3.4555803558767,0.0944834790997,0.2478150747394,0.1778945340599,112.7097360368367,15.1439384097487
19078,3.4554892726787,0.0944366450794,0.2474149064627,0.1777302562741,112.7097360368367,15.1439384097487
19079,3.4554089347337,0.0943862135277,0.2474241889586,0.1777108211525,112.7097360368367,15.1439384097487
19080,3.4553912998379,0.0943862135277,0.2473053329429,0.1776681230429,112.7097360368367,15.1439384097487
19081,3.4553115284372,0.0943862135277,0.2473070404288,0.1776676040993,112.7097360368367,15.1439384097487
19082,3.4552976553789,0.0942685803081,0.2474266115748,0.1776596975402,112.7097360368367,15.1439384097487
19086,3.4553268040871,0.0942685803081,0.2473163980068,0.1776207480039,112.7097360368367,15.1439384097487
19087,3.4554511952577,0.0942685803081,0.2472667669188,0.1776047827420,112.7097360368367,15.1439384097487
19088,3.4553479264065,0.0942637156522,0.2472411010734,0.1775920702688,112.7097360368367,15.1439384097487
19098,3.4556413262065,0.0940769966057,0.2470839290910,0.1774600665570,112.7097360368367,15.1439384097487
19136,3.4558273598582,0.0935916108254,0.2473294681742,0.1773423689732,110.4555413161000,15.1439384097487
19137,3.4558782581245,0.0934739776058,0.2474651174432,0.1773411211107,110.4555413161000,15.1439384097487
19138,3.4559499529737,0.0935208116260,0.2473523154362,0.1773219208799,110.4555413161000,15.1439384097487
19139,3.4560529513803,0.0935208116260,0.2472985041604,0.1773041599877,110.4555413161000,15.1439384097487
19149,3.4560066366440,0.0934092936590,0.2470325963957,0.1771607441640,110.4555413161000,15.1439384097487
19153,3.4558468649480,0.0931979923989,0.2472354616528,0.1771403775999,110.4555413161000,15.1439384097487
19154,3.4560216033526,0.0932448264192,0.2465206299359,0.1769076248178,110.4555413161000,15.1439384097487
19156,3.4559826024558,0.0933624596388,0.2463799306206,0.1769072374393,110.4555413161000,15.1439384097487
19157,3.4560707959298,0.0933156256185,0.2463406362601,0.1768743799479,110.4555413161000,15.1439384097487
19160,3.4562535444307,0.0930803591793,0.2463411340612,0.1767763151391,110.4555413161000,15.1439384097487
19161,3.4562477569469,0.0929627259597,0.2463804284218,0.1767398527098,110.4555413161000,15.1439384097487
19162,3.4563845129220,0.0928450927401,0.2464680434506,0.1767226646424,110.4555413161000,15.1439384097487
19163,3.4564737652912,0.0928919267603,0.2461300351311,0.1766232820234,110.4555413161000,15.1439384097487
19165,3.4565981328352,0.0928919267603,0.2460774984448,0.1766062787136,110.4555413161000,15.1439384097487
19174,3.4569772917041,0.0927741392821,0.2462015627047,0.1766054721026,110.4555413161000,15.1439384097487
19175,3.4570030415312,0.0927514246996,0.2459836371941,0.1765182711004,110.4555413161000,15.1439384097487
19188,3.4571922813688,0.0924486315475,0.2461063119643,0.1764349927556,110.4555413161000,15.1439384097487
19189,3.4571647733141,0.0924486315475,0.2459255436360,0.1763700434012,110.4555413161000,15.1439384097487
19190,3.4571893874944,0.0924301480587,0.2443475718222,0.1757989088330,110.4555413161000,15.1439384097487
19192,3.4573060578166,0.0924301480587,0.2442744002388,0.1757744270019,110.4555413161000,15.1439384097487
19193,3.4572509732179,0.0924301480587,0.2442105786312,0.1757508541272,110.4555413161000,15.1439384097487
19194,3.4571460487082,0.0924301480587,0.2435711395122,0.1755209983385,110.4555413161000,15.1439384097487
19195,3.4570925972897,0.0923912969223,0.2434937533494,0.1754759536022,110.4555413161000,15.1439384097487
33422,3.5704829572944,0.0066214027054,0.2888679292864,0.1565269563440,0.6794516895000,15.1439384097487
33423,3.5705731025931,0.0065946278156,0.2888629220870,0.1565149686557,0.6794516895000,15.1439384097487
33440,3.5709109279560,0.0066737514715,0.2883406236189,0.1563671238330,0.6794516895000,15.1439384097487
33441,3.5709696968032,0.0066522874857,0.2882934106070,0.1563418947672,0.6794516895000,15.1439384097487
33442,3.5708595042615,0.0067699207053,0.2880316307347,0.1562972569756,0.6794516895000,15.1439384097487
33443,3.5709264218522,0.0067246457991,0.2880580338704,0.1562882300151,0.6794516895000,15.1439384097487
33444,3.5707811588255,0.0066884666424,0.2255114927626,0.1339326188045,0.6794516895000,15.1439384097487
33445,3.5707134028289,0.0067262214407,0.2254512355102,0.1339263202423,0.6794516895000,15.1439384097487
33447,3.5711360944534,0.0067157373635,0.2249006236689,0.1337311610383,0.6794516895000,15.1439384097487
33448,3.5711727029848,0.0066485356956,0.2249659839122,0.1337262212758,0.6794516895000,15.1439384097487
33449,3.5711526547432,0.0066786161274,0.2248472131018,0.1336964110616,0.6794516895000,15.1439384097487
33460,3.5714587611669,0.0067525500824,0.2246049297406,0.1336458986558,0.6794516895000,15.1439384097487
33462,3.5714109153436,0.0067996926199,0.2245343857800,0.1336402313136,0.6794516895000,15.1439384097487
33463,3.5713045745931,0.0067528585996,0.2245466619935,0.1336230392381,0.6794516895000,15.1439384097487
33464,3.5714407316992,0.0067996926199,0.2244264476076,0.1336021038658,0.6794516895000,15.1439384097487
33465,3.5716203380107,0.0067638219804,0.2242822237750,0.1335377636402,0.6794516895000,15.1439384097487
33469,3.5718071918022,0.0068476229782,0.2237569977760,0.1333887416082,0.6794516895000,15.1439384097487
40632,3.5985120393043,0.0039875303498,0.2180462763054,0.1305013160460,0.0522240075864,15.1439384097487
40633,3.5985486500960,0.0039875303498,0.2180085983852,0.1304883776862,0.0522240075864,15.1439384097487
40634,3.5984877683191,0.0039875303498,0.2178261251642,0.1304223472056,0.0522240075864,15.1439384097487
40635,3.5986388661170,0.0039406963296,0.2178523702676,0.1304137867576,0.0522240075864,15.1439384097487
40637,3.5987501211492,0.0040343643701,0.2175967214363,0.1303642013007,0.0522240075864,15.1439384097487
40638,3.5986910445347,0.0040343643701,0.2174847522072,0.1303233763602,0.0522240075864,15.1439384097487
40639,3.5986651584201,0.0040811983903,0.2171708559756,0.1302309759994,0.0522240075864,15.1439384097487
40640,3.5985181473054,0.0040343643701,0.2171449293759,0.1301995645791,0.0522240075864,15.1439384097487
40641,3.5984875257891,0.0041519975897,0.2169790752292,0.1301903118998,0.0522240075864,15.1439384097487
40646,3.5983386889036,0.0041001611826,0.1656411232662,0.1118310074209,0.0522240075864,15.1439384097487
40647,3.5983882383673,0.0040533271624,0.1656381612758,0.1118105789658,0.0522240075864,15.1439384097487
40648,3.5984635303097,0.0040179358266,0.1654720498032,0.1117371511005,0.0522240075864,15.1439384097487
40649,3.5984554975318,0.0040029121384,0.1654226451656,0.1117129542003,0.0522240075864,15.1439384097487
40651,3.5983918540015,0.0040029121384,0.1653297101595,0.1116788625750,0.0522240075864,15.1439384097487
40652,3.5983498332088,0.0040497461586,0.1638235720657,0.1111604332445,0.0522240075864,15.1439384097487
40653,3.5983744744636,0.0040383034742,0.1638152123274,0.1111528922882,0.0522240075864,15.1439384097487
40658,3.5983850468813,0.0039144007434,0.1639308166580,0.1111412279777,0.0511795274347,15.1439384097487
40659,3.5983837134729,0.0039144007434,0.1638681126001,0.1111188148037,0.0511795274347,15.1439384097487
40671,3.5985031124257,0.0036204113513,0.1642110469203,0.1111169853801,0.0511795274347,15.1439384097487
40676,3.5985426158019,0.0035695004960,0.1641827058326,0.1110856035952,0.0511795274347,15.1439384097487
40709,3.5987254277957,0.0035167220095,0.1641537153837,0.1110552172895,0.0511795274347,15.1439384097487
40710,3.5987472930310,0.0035474194758,0.1638924430970,0.1109753712072,0.0511795274347,15.1439384097487
40712,3.5986619821087,0.0035110695328,0.1638624668727,0.1109478797219,0.0511795274347,15.1439384097487
40713,3.5985249540073,0.0034642355125,0.1639026042757,0.1109402038473,0.0511795274347,15.1439384097487
40714,3.5985806994905,0.0034756781969,0.1638633124849,0.1109318638673,0.0511795274347,15.1439384097487
40767,3.5982671489288,0.0036200697787,0.1634865772301,0.1108547609490,0.0501559368860,15.1439384097487
40789,3.5984927646143,0.0036028534143,0.1629476934021,0.1106581164440,0.0501559368860,15.1439384097487
40791,3.5985485614178,0.0035674620785,0.1629844924555,0.1106568807688,0.0501559368860,15.1439384097487
40792,3.5985580435874,0.0035560193941,0.1629708806749,0.1106472495830,0.0501559368860,15.1439384097487
40794,3.5985748718838,0.0036736526137,0.1628065441776,0.1106392103331,0.0501559368860,15.1439384097487
40795,3.5985567277987,0.0036382612779,0.1627448667173,0.1106017582157,0.0501559368860,15.1439384097487
40796,3.5987019710066,0.0036324710702,0.1627122783927,0.1105896931925,0.0501559368860,15.1439384097487
40797,3.5986738345132,0.0036673996302,0.1621475961883,0.1104025922300,0.0501559368860,15.1439384097487
40799,3.5988044179194,0.0035738858484,0.1622327138265,0.1103947617978,0.0501559368860,15.1439384097487
40800,3.5988161295181,0.0035738858484,0.1620841656505,0.1103418745962,0.0501559368860,15.1439384097487
40801,3.5987803834346,0.0035270518281,0.1621069864412,0.1103294473510,0.0491528181483,15.1439384097487
40803,3.5987965029519,0.0036025448971,0.1619965904427,0.1103226024711,0.0491528181483,15.1439384097487
40804,3.5987479655709,0.0035594791947,0.1619760339679,0.1102961173427,0.0491528181483,15.1439384097487
40805,3.5987360546674,0.0035928486407,0.1618318846765,0.1102587681056,0.0491528181483,15.1439384097487
40806,3.5987172136283,0.0035810974390,0.1618018394241,0.1102427348296,0.0491528181483,15.1439384097487
40998,3.5977203491828,0.0033446134585,0.1221743257266,0.0959745955237,0.0462622392186,15.1439384097487
41003,3.5980180275546,0.0033088970777,0.1221131903059,0.0959416665535,0.0453369944342,15.1439384097487
41004,3.5980662468706,0.0033038946909,0.1220989783682,0.0959351292815,0.0453369944342,15.1439384097487
41005,3.5980108452059,0.0034100852261,0.1219366060857,0.0959218654801,0.0453369944342,15.1439384097487
41006,3.5979694015123,0.0034138535440,0.1214521251626,0.0957498651469,0.0453369944342,15.1439384097487
41008,3.5979097049546,0.0034606875642,0.1210432569749,0.0956230678148,0.0453369944342,15.1439384097487
41172,3.5994584941635,0.0037159635507,0.1206596906935,0.0956173991150,0.0435416494546,15.1439384097487
41177,3.5992538976773,0.0037974176137,0.1204588423466,0.0955776814201,0.0426708164655,15.1439384097487
41179,3.5993937499419,0.0037505835934,0.1204730633798,0.0955646675377,0.0426708164655,15.1439384097487
41183,3.5995123115981,0.0036876130192,0.1200354578644,0.0953830701042,0.0426708164655,15.1439384097487
43020,3.6073633289187,0.0048836958286,0.0884489496249,0.0847258725920,0.0223545213306,15.1439384097487
43021,3.6073370700066,0.0048368618084,0.0879878016240,0.0845407335926,0.0223545213306,15.1439384097487
44658,3.6101453432356,0.0040472119098,0.0875548454849,0.0840874218930,0.0126968355406,15.1439384097487
44659,3.6101354016566,0.0040268442621,0.0869639050793,0.0838675020836,0.0126968355406,15.1439384097487
44660,3.6101149724925,0.0040503466654,0.0868760215934,0.0838458985116,0.0126968355406,15.1439384097487
44661,3.6102583984192,0.0040035126452,0.0868948697687,0.0838345877471,0.0126968355406,15.1439384097487
44662,3.6102524586671,0.0039800102419,0.0869116660009,0.0838304298958,0.0126968355406,15.1439384097487
45096,3.6107982845167,0.0037959631752,0.0869276536013,0.0837649858380,0.0108019981817,15.1439384097487
45130,3.6114722573967,0.0039798725110,0.0866362984302,0.0837492853776,0.0105859582181,15.1439384097487
45143,3.6119841474061,0.0040329595147,0.0864881318217,0.0837263635142,0.0105859582181,15.1439384097487
45145,3.6119578505713,0.0039861254945,0.0863931796698,0.0836720082099,0.0105859582181,15.1439384097487
45415,3.6123542733315,0.0045398423362,0.0856303402824,0.0836424821450,0.0095688677874,15.1439384097487
45416,3.6125030374533,0.0044930083160,0.0856072658973,0.0836162745725,0.0095688677874,15.1439384097487
45420,3.6126481333563,0.0044773510656,0.0856190813825,0.0836158372358,0.0095688677874,15.1439384097487
45427,3.6123034520029,0.0046123714359,0.0854087553321,0.0835937094442,0.0095688677874,15.1439384097487
45429,3.6121967031964,0.0045187033954,0.0848973243932,0.0833694016031,0.0095688677874,15.1439384097487
45433,3.6122745292509,0.0046123714359,0.0847682369085,0.0833645436093,0.0095688677874,15.1439384097487
45440,3.6122255602644,0.0044616772875,0.0849387461518,0.0833601636533,0.0095688677874,15.1439384097487
45446,3.6124541249710,0.0046631115049,0.0846865306010,0.0833596497965,0.0095688677874,15.1439384097487
45449,3.6125471240062,0.0047719740199,0.0843030954254,0.0832706799560,0.0095688677874,15.1439384097487
45450,3.6125956154869,0.0047719740199,0.0842875339023,0.0832658084204,0.0095688677874,15.1439384097487
45478,3.6129916969747,0.0044416181571,0.0845534935002,0.0832248174335,0.0093774904316,15.1439384097487
45481,3.6129896694195,0.0044416181571,0.0845490497467,0.0832232016890,0.0093774904316,15.1439384097487
45483,3.6128247401743,0.0044779681001,0.0845063143818,0.0832211838679,0.0093774904316,15.1439384097487
45569,3.6139496729006,0.0050277623654,0.0639049640833,0.0761151025977,0.0090061418105,15.1439384097487
45574,3.6139093471745,0.0049914124224,0.0639013854741,0.0760976753696,0.0090061418105,15.1439384097487
45575,3.6138528703914,0.0049445784021,0.0636386248782,0.0759829614340,0.0090061418105,15.1439384097487
45579,3.6141290070007,0.0048648542395,0.0635836807229,0.0759330783377,0.0090061418105,15.1439384097487
45581,3.6140997357672,0.0049026090378,0.0634859473000,0.0759139399856,0.0090061418105,15.1439384097487
45584,3.6139785787417,0.0049278413414,0.0634067906515,0.0758947692346,0.0090061418105,15.1439384097487
49141,3.6190949154186,0.0049462917747,0.0630789462690,0.0758579851051,0.0025736854896,15.1439384097487
49142,3.6189280983207,0.0049931257950,0.0630033610473,0.0758487016552,0.0025736854896,15.1439384097487
49149,3.6191218621473,0.0052424903706,0.0626863170811,0.0758450839449,0.0025736854896,15.1439384097487
49154,3.6192568017147,0.0052575471142,0.0623018853866,0.0757161491871,0.0025736854896,15.1439384097487
49156,3.6192823158538,0.0052575471142,0.0621605784043,0.0756660434311,0.0025736854896,15.1439384097487
49157,3.6192003422340,0.0052575471142,0.0619985181957,0.0756070048639,0.0025736854896,15.1439384097487
49158,3.6192738078279,0.0052932634950,0.0619024854498,0.0755890540082,0.0025736854896,15.1439384097487
49166,3.6192016560502,0.0050490555648,0.0620338937792,0.0755303040701,0.0025736854896,15.1439384097487
49169,3.6189579579990,0.0050490555648,0.0620215236655,0.0755224378613,0.0025736854896,15.1439384097487
49170,3.6189553973331,0.0050490555648,0.0619946836996,0.0755128159259,0.0025736854896,15.1439384097487
49171,3.6189938687597,0.0050490555648,0.0619512167861,0.0754978363963,0.0025736854896,15.1439384097487
49172,3.6189551986066,0.0050022215446,0.0619670976230,0.0754828892207,0.0025736854896,15.1439384097487
49174,3.6187289687708,0.0049553875243,0.0619162561546,0.0754414586935,0.0025736854896,15.1439384097487
49176,3.6186754206693,0.0050022215446,0.0618514127153,0.0754376143432,0.0025222117798,15.1439384097487
49192,3.6187140670161,0.0050957353264,0.0616929576910,0.0754216474414,0.0025222117798,15.1439384097487
49193,3.6188380876110,0.0050957353264,0.0616344215502,0.0754024965599,0.0025222117798,15.1439384097487
49194,3.6188136790794,0.0051062194036,0.0614815618669,0.0753520516128,0.0025222117798,15.1439384097487
49197,3.6189842148595,0.0048989949786,0.0604280537884,0.0748894013296,0.0025222117798,15.1439384097487
49201,3.6190388219712,0.0048758176203,0.0603047607964,0.0748362076516,0.0025222117798,15.1439384097487
49202,3.6190915363382,0.0048989949786,0.0602334610351,0.0748214225094,0.0025222117798,15.1439384097487
49294,3.6189099664358,0.0045017790206,0.0605999820024,0.0747795182424,0.0024717675442,15.1439384097487
49295,3.6188647807465,0.0045017790206,0.0604524831478,0.0747262007055,0.0024717675442,15.1439384097487
49302,3.6189746764335,0.0043463910027,0.0605614450782,0.0747000758324,0.0024223321933,15.1439384097487
49406,3.6189572241392,0.0040530186452,0.0608992274559,0.0746947344368,0.0023738855495,15.1439384097487
49407,3.6188736622989,0.0041288367591,0.0607114910086,0.0746589967885,0.0023738855495,15.1439384097487
49408,3.6187093086289,0.0041756707793,0.0605566349399,0.0746214371793,0.0023738855495,15.1439384097487
49414,3.6189437097582,0.0041499756999,0.0604712714083,0.0745832547870,0.0023738855495,15.1439384097487
49415,3.6191989010209,0.0041499756999,0.0604597535707,0.0745827522129,0.0023738855495,15.1439384097487
49430,3.6192588796873,0.0040668082643,0.0605293207993,0.0745728031591,0.0023738855495,15.1439384097487
49434,3.6190389344580,0.0041590549218,0.0600597026857,0.0744415044758,0.0023738855495,15.1439384097487
49435,3.6191025784439,0.0041590549218,0.0600107408159,0.0744249186518,0.0023738855495,15.1439384097487
49436,3.6191079697189,0.0041590549218,0.0599427176025,0.0744007009332,0.0023264078385,15.1439384097487
49437,3.6192033728119,0.0041122209015,0.0598939872120,0.0743645754468,0.0023264078385,15.1439384097487
49447,3.6190626715545,0.0040946794922,0.0598785223676,0.0743495436278,0.0023264078385,15.1439384097487
49566,3.6189799340978,0.0039950669855,0.0599839422639,0.0743433317870,0.0022342820881,15.1439384097487
49568,3.6190734364282,0.0040419010057,0.0597635485453,0.0742860145193,0.0022342820881,15.1439384097487
49569,3.6190900388469,0.0040252851482,0.0597302752261,0.0742672450324,0.0022342820881,15.1439384097487
49575,3.6187682873104,0.0039314628491,0.0598142987418,0.0742524911114,0.0022342820881,15.1439384097487
49594,3.6191463179611,0.0040002401586,0.0596579155186,0.0742314650584,0.0022342820881,15.1439384097487
50575,3.6216587667875,0.0042237719240,0.0592602684430,0.0742207985563,0.0015531284185,15.1439384097487
50576,3.6216758476646,0.0042209622133,0.0592385773561,0.0742120892711,0.0015531284185,15.1439384097487
50577,3.6217193772459,0.0042322506391,0.0591809503049,0.0741969620188,0.0015531284185,15.1439384097487
50578,3.6217488228895,0.0042236341930,0.0591082614913,0.0741677256196,0.0015531284185,15.1439384097487
50579,3.6218060273322,0.0042327134149,0.0589138931132,0.0741030088758,0.0015531284185,15.1439384097487
50580,3.6217816709562,0.0042411756023,0.0588352135567,0.0740781910448,0.0015531284185,15.1439384097487
50687,3.6225163194686,0.0043232301721,0.0586976646786,0.0740746279170,0.0014916245331,15.1439384097487
50695,3.6226019188006,0.0043400002882,0.0586640105370,0.0740710069981,0.0014916245331,15.1439384097487
50699,3.6224962790906,0.0045708813752,0.0582769859984,0.0740302381911,0.0014916245331,15.1439384097487
50775,3.6214233343183,0.0040771711384,0.0589074916223,0.0740286465728,0.0014617920425,15.1439384097487
50799,3.6214225697620,0.0041042710731,0.0586926845665,0.0739635332066,0.0014617920425,15.1439384097487
50830,3.6209856894667,0.0041266771383,0.0586207874332,0.0739412764314,0.0014617920425,15.1439384097487
50831,3.6209169657353,0.0041099070222,0.0586170883207,0.0739317956910,0.0014039050776,15.1439384097487
50832,3.6209889406020,0.0041099070222,0.0586037183379,0.0739280391366,0.0014039050776,15.1439384097487
50833,3.6210102085867,0.0041099070222,0.0585662421673,0.0739149557306,0.0014039050776,15.1439384097487
50834,3.6209507004656,0.0042015366451,0.0584580135467,0.0739147304542,0.0014039050776,15.1439384097487
50918,3.6208792829642,0.0042114036878,0.0581306612106,0.0738010370854,0.0013758269760,15.1439384097487
50922,3.6208032945723,0.0041319880424,0.0580772553771,0.0737468530661,0.0013758269760,15.1439384097487
50923,3.6209584716224,0.0041319880424,0.0579962981399,0.0737201355120,0.0013758269760,15.1439384097487
50924,3.6210080084557,0.0041788220626,0.0579047933354,0.0737082278905,0.0013758269760,15.1439384097487
50962,3.6213033680533,0.0040243761241,0.0580675952377,0.0737043596291,0.0013758269760,15.1439384097487
50963,3.6212910591305,0.0040243761241,0.0580356577043,0.0736927791967,0.0013758269760,15.1439384097487
50979,3.6210704769450,0.0039266147209,0.0580992988744,0.0736704892186,0.0013758269760,15.1439384097487
51065,3.6218226335010,0.0035450560133,0.0585214492169,0.0736683750026,0.0013213442278,15.1439384097487
51066,3.6217172906041,0.0035450560133,0.0585159011938,0.0736649029709,0.0013213442278,15.1439384097487
51067,3.6215641919365,0.0035450560133,0.0584352469385,0.0736339315438,0.0013213442278,15.1439384097487
51068,3.6216218843298,0.0035450560133,0.0583483039192,0.0736036968089,0.0013213442278,15.1439384097487
51069,3.6214916489139,0.0035434968993,0.0581816928396,0.0735416818378,0.0013213442278,15.1439384097487
51444,3.6210359322777,0.0043069393595,0.0572107718588,0.0735156656106,0.0011470926624,15.1439384097487
51446,3.6209908334669,0.0043305960214,0.0571624297552,0.0735079009978,0.0011470926624,15.1439384097487
51447,3.6209460957520,0.0043058430214,0.0570514324109,0.0734570176249,0.0011470926624,15.1439384097487
51448,3.6210861862902,0.0042590090012,0.0570907406014,0.0734529668132,0.0011470926624,15.1439384097487
51449,3.6210991675174,0.0042590090012,0.0570768104786,0.0734481754528,0.0011470926624,15.1439384097487
51642,3.6225482388945,0.0042238765994,0.0569751543989,0.0734173172294,0.0010796344371,15.1439384097487
51670,3.6228207777840,0.0038320046010,0.0573579968143,0.0733899579283,0.0010796344371,15.1439384097487
51672,3.6228923504256,0.0037942498026,0.0573551077311,0.0733737582331,0.0010796344371,15.1439384097487
51673,3.6228299765673,0.0038410838229,0.0572594229145,0.0733587742213,0.0010796344371,15.1439384097487
51741,3.6219374442538,0.0040177815679,0.0569056091718,0.0732955105029,0.0010368809134,15.1439384097487
51742,3.6218539981233,0.0039709475477,0.0565351357820,0.0731419460979,0.0010368809134,15.1439384097487
51743,3.6218833953204,0.0039126708431,0.0565961787861,0.0731391874086,0.0010368809134,15.1439384097487
52659,3.6247628662015,0.0037187402060,0.0566709516006,0.0731235231751,0.0007658082057,15.1439384097487
52660,3.6247921658069,0.0037187402060,0.0566695170737,0.0731234254316,0.0007658082057,15.1439384097487
52661,3.6246650581617,0.0037655742262,0.0565044182743,0.0730827347329,0.0007658082057,15.1439384097487
52662,3.6246565234735,0.0037187402060,0.0562413695905,0.0729685962862,0.0007658082057,15.1439384097487
52663,3.6246685313163,0.0036719061857,0.0561267080294,0.0729077439159,0.0007658082057,15.1439384097487
52752,3.6246578758047,0.0036166265058,0.0561921792723,0.0729072844365,0.0007354822008,15.1439384097487
52753,3.6246132929355,0.0035387699743,0.0562122150045,0.0728804421256,0.0007354822008,15.1439384097487
52754,3.6246626420728,0.0034919359541,0.0562547687132,0.0728762664427,0.0007354822008,15.1439384097487
52755,3.6245573903575,0.0035340761048,0.0561224033887,0.0728455638724,0.0007354822008,15.1439384097487
52756,3.6246839159061,0.0035146670643,0.0560533035540,0.0728143575278,0.0007354822008,15.1439384097487
52758,3.6244865895876,0.0034678330440,0.0561110655903,0.0728121229494,0.0007354822008,15.1439384097487
52759,3.6243264580237,0.0034944702029,0.0560602953278,0.0728031407871,0.0007354822008,15.1439384097487
52760,3.6243470113747,0.0034944702029,0.0557967004882,0.0727092906015,0.0007354822008,15.1439384097487
52765,3.6245747352824,0.0035467859136,0.0556267560096,0.0726742394417,0.0007354822008,15.1439384097487
52771,3.6244493819202,0.0035773456489,0.0553517542369,0.0725873478106,0.0007354822008,15.1439384097487
53933,3.6290943082444,0.0042653115678,0.0541284826498,0.0725110330341,0.0004910137803,15.1439384097487
53934,3.6290690070528,0.0042653115678,0.0540115600589,0.0724689169557,0.0004910137803,15.1439384097487
53935,3.6290939265642,0.0042653115678,0.0539774357768,0.0724570823215,0.0004910137803,15.1439384097487
53936,3.6292953312123,0.0042184775476,0.0539563756375,0.0724323389825,0.0004910137803,15.1439384097487
53937,3.6292751352734,0.0042421342095,0.0538590740675,0.0724074412200,0.0004910137803,15.1439384097487
53938,3.6292611155590,0.0042889682297,0.0537383257798,0.0723841901765,0.0004910137803,15.1439384097487
53939,3.6292400690774,0.0042599841360,0.0536246372531,0.0723308675705,0.0004910137803,15.1439384097487
53948,3.6298077075437,0.0042371318227,0.0536294131087,0.0723308114309,0.0004910137803,15.1439384097487
53949,3.6297388871358,0.0042371318227,0.0535747217363,0.0723103049937,0.0004910137803,15.1439384097487
53950,3.6297739212248,0.0042839658429,0.0534855116359,0.0722990116966,0.0004910137803,15.1439384097487
53952,3.6298689197878,0.0042839658429,0.0534478243727,0.0722868961830,0.0004910137803,15.1439384097487
53953,3.6298492323370,0.0043201449996,0.0534046389921,0.0722866996096,0.0004910137803,15.1439384097487
53954,3.6299323042168,0.0043201449996,0.0532654113168,0.0722381509013,0.0004910137803,15.1439384097487
54479,3.6329684622847,0.0045759168174,0.0528380366588,0.0722380950216,0.0004093816405,15.1439384097487
54494,3.6329257429395,0.0045392418294,0.0527390355434,0.0721864151525,0.0004093816405,15.1439384097487
54526,3.6324776976608,0.0042677962335,0.0530302101556,0.0721677324479,0.0004093816405,15.1439384097487
54527,3.6324687083776,0.0042677962335,0.0530150077086,0.0721621758048,0.0004093816405,15.1439384097487
54531,3.6327234477719,0.0042677962335,0.0529507268485,0.0721428229002,0.0004093816405,15.1439384097487
54532,3.6326902078917,0.0043146302538,0.0528403308500,0.0721229971387,0.0004093816405,15.1439384097487
54533,3.6327040736605,0.0042997608242,0.0527658308777,0.0720902135928,0.0004093816405,15.1439384097487
54536,3.6326679475780,0.0042529268040,0.0527690085632,0.0720707655759,0.0004093816405,15.1439384097487
55075,3.6345351350787,0.0045583092973,0.0523001616768,0.0720606190488,0.0003413210266,15.1439384097487
55350,3.6356787071245,0.0041321423010,0.0523093702208,0.0718974462840,0.0003085271744,15.1439384097487
55351,3.6358576423321,0.0041321423010,0.0521932624214,0.0718585111340,0.0003085271744,15.1439384097487
55352,3.6359331111804,0.0041321423010,0.0521353203709,0.0718388854236,0.0003085271744,15.1439384097487
55354,3.6359475639979,0.0041020783970,0.0521266080517,0.0718230938572,0.0003085271744,15.1439384097487
55355,3.6359589134884,0.0040552443767,0.0520952509827,0.0717919837755,0.0003085271744,15.1439384097487
56674,3.6407453542863,0.0046269323482,0.0511459590235,0.0717656878803,0.0001978185831,15.1439384097487
56675,3.6407381820094,0.0046156439224,0.0511361747101,0.0717572540987,0.0001978185831,15.1439384097487
56830,3.6400779655010,0.0044131629501,0.0513235608234,0.0717280581317,0.0001861852679,15.1439384097487
56831,3.6401816767702,0.0043885642088,0.0512863626857,0.0717056982722,0.0001861852679,15.1439384097487
56832,3.6401790573938,0.0043625606121,0.0513018304849,0.0717000410237,0.0001861852679,15.1439384097487
57025,3.6398149063242,0.0046784932934,0.0508043468509,0.0716526153046,0.0001788123313,15.1439384097487
57026,3.6397934803937,0.0046836499389,0.0507529470879,0.0716361650618,0.0001788123313,15.1439384097487
57192,3.6409786233742,0.0043913904471,0.0509716783433,0.0716057989932,0.0001682967357,15.1439384097487
57194,3.6409876356376,0.0043445564269,0.0509809226372,0.0715891563267,0.0001682967357,15.1439384097487
57203,3.6410604691663,0.0043407881091,0.0509581874696,0.0715804522202,0.0001682967357,15.1439384097487
57204,3.6410134263030,0.0043661581436,0.0508987708149,0.0715694392049,0.0001682967357,15.1439384097487
57206,3.6409487141105,0.0042598133497,0.0509345366340,0.0715357206983,0.0001682967357,15.1439384097487
57208,3.6408830316818,0.0041421801301,0.0508106060354,0.0714401161313,0.0001682967357,15.1439384097487
57211,3.6407960607036,0.0040953461099,0.0507867459567,0.0714102923181,0.0001682967357,15.1439384097487
57212,3.6408211393670,0.0041044253318,0.0507250617719,0.0713925082087,0.0001682967357,15.1439384097487
57220,3.6407507688251,0.0040586876496,0.0506413761334,0.0713420228784,0.0001682967357,15.1439384097487
57222,3.6407140587641,0.0039479409757,0.0507677965520,0.0713391907228,0.0001682967357,15.1439384097487
57223,3.6406932191166,0.0039479409757,0.0507247430880,0.0713235196060,0.0001682967357,15.1439384097487
57224,3.6407257371697,0.0039011069555,0.0506648561007,0.0712825198015,0.0001682967357,15.1439384097487
57274,3.6400353807923,0.0039288239248,0.0504747792016,0.0712167453993,0.0001649308010,15.1439384097487
57275,3.6399605032514,0.0038704094892,0.0505078456623,0.0712024605793,0.0001649308010,15.1439384097487
57278,3.6400777124349,0.0037756451107,0.0505800353677,0.0711892878140,0.0001649308010,15.1439384097487
57440,3.6393615849717,0.0038094608048,0.0504892825446,0.0711612353762,0.0001552315505,15.1439384097487
57851,3.6413314036467,0.0038519094728,0.0503352422539,0.0711522860752,0.0001347604725,15.1439384097487
57854,3.6415371451749,0.0038050754525,0.0503490914038,0.0711400717060,0.0001347604725,15.1439384097487
57857,3.6414770379155,0.0037922444405,0.0503635686197,0.0711388926214,0.0001347604725,15.1439384097487
57950,3.6414964969034,0.0034908561437,0.0505695368200,0.0710835616234,0.0001320652631,15.1439384097487
58128,3.6416279910968,0.0036667660680,0.0503512001153,0.0710828348305,0.0001268354787,15.1439384097487
58129,3.6415805529622,0.0036899434263,0.0502748815247,0.0710648400981,0.0001268354787,15.1439384097487
58130,3.6416611783160,0.0037367774465,0.0502097135598,0.0710627783913,0.0001268354787,15.1439384097487
58140,3.6418764168455,0.0037975553446,0.0501170029468,0.0710587607394,0.0001268354787,15.1439384097487
58141,3.6419268751028,0.0037862669188,0.0501163850662,0.0710544161520,0.0001242987691,15.1439384097487
58142,3.6419145142608,0.0037862669188,0.0500906842820,0.0710450623954,0.0001242987691,15.1439384097487
58144,3.6419198464905,0.0037912693056,0.0500700727714,0.0710399204723,0.0001242987691,15.1439384097487
58145,3.6419307316851,0.0038266606415,0.0498775787335,0.0709864943418,0.0001242987691,15.1439384097487
58164,3.6420025040928,0.0040821404698,0.0494789295836,0.0709546265752,0.0001218127937,15.1439384097487
58167,3.6421264193323,0.0040821404698,0.0494719154990,0.0709538749373,0.0001218127937,15.1439384097487
59257,3.6438015397533,0.0039534226661,0.0495226208400,0.0709405220564,0.0000881678224,15.1439384097487
59260,3.6440552340065,0.0038631978985,0.0495840552477,0.0709273849155,0.0000881678224,15.1439384097487
59261,3.6441027961643,0.0039100319188,0.0494154928525,0.0708879287844,0.0000881678224,15.1439384097487
59347,3.6440955871326,0.0033550314249,0.0500695104552,0.0708835471378,0.0000864044660,15.1439384097487
59348,3.6439803010423,0.0033550314249,0.0500343572441,0.0708693611291,0.0000864044660,15.1439384097487
59349,3.6439626834046,0.0033550314249,0.0497582854301,0.0707705147643,0.0000864044660,15.1439384097487
59375,3.6438699652302,0.0034640812539,0.0496246804674,0.0707682223912,0.0000846763767,15.1439384097487
59376,3.6438469536846,0.0034268057592,0.0496083613658,0.0707460933168,0.0000846763767,15.1439384097487
59423,3.6435683259030,0.0034973129690,0.0495255005803,0.0707427749903,0.0000846763767,15.1439384097487
59424,3.6436018690182,0.0034973129690,0.0494232608610,0.0707067354376,0.0000846763767,15.1439384097487
59425,3.6435019804880,0.0034973129690,0.0491605002651,0.0706114789517,0.0000846763767,15.1439384097487
59448,3.6436103351769,0.0034741190830,0.0491683609163,0.0706058793018,0.0000846763767,15.1439384097487
59451,3.6436237872204,0.0034377691400,0.0491714679520,0.0705916007559,0.0000846763767,15.1439384097487
59454,3.6436651545313,0.0034272850628,0.0491389280071,0.0705760715158,0.0000846763767,15.1439384097487
59455,3.6435130191867,0.0034310368529,0.0490976252353,0.0705607757309,0.0000846763767,15.1439384097487
59456,3.6434378648533,0.0034310368529,0.0490767792129,0.0705522672942,0.0000846763767,15.1439384097487
59457,3.6434352947927,0.0033967253274,0.0491113923576,0.0705498878259,0.0000846763767,15.1439384097487
59481,3.6436450569715,0.0032931902442,0.0491975143296,0.0705392416153,0.0000846763767,15.1439384097487
59546,3.6436716713797,0.0031779370148,0.0493104250529,0.0705305492245,0.0000813231921,15.1439384097487
60729,3.6446984568440,0.0035505542314,0.0487944589463,0.0705204976534,0.0000576843103,15.1439384097487
60730,3.6447646234573,0.0034921232682,0.0488577764070,0.0705190054440,0.0000576843103,15.1439384097487
60731,3.6447743229730,0.0034785044353,0.0488112794723,0.0704967000007,0.0000576843103,15.1439384097487
60732,3.6448384824526,0.0034379233986,0.0487750648357,0.0704672821814,0.0000576843103,15.1439384097487
60735,3.6448342205875,0.0034679873027,0.0487222477479,0.0704612431610,0.0000576843103,15.1439384097487
60738,3.6449307967998,0.0034697006752,0.0487088888394,0.0704585729717,0.0000576843103,15.1439384097487
60740,3.6449101576353,0.0034697006752,0.0486228642089,0.0704275578466,0.0000576843103,15.1439384097487
60741,3.6448289322203,0.0034697006752,0.0486103338013,0.0704219333668,0.0000576843103,15.1439384097487
60742,3.6448610345714,0.0034228666550,0.0485992118793,0.0703983437750,0.0000576843103,15.1439384097487
60743,3.6447907264257,0.0034073636633,0.0484860718734,0.0703502976352,0.0000576843103,15.1439384097487
61008,3.6464062376588,0.0034540764803,0.0483400677265,0.0703410324514,0.0000542920114,15.1439384097487
61011,3.6462955541857,0.0034540764803,0.0482612813323,0.0703113282898,0.0000542920114,15.1439384097487
61014,3.6464797512557,0.0033694876617,0.0483419156276,0.0703064802778,0.0000542920114,15.1439384097487
61086,3.6466248109012,0.0034313618978,0.0482531241205,0.0703033391393,0.0000532061711,15.1439384097487
61092,3.6465348284611,0.0033845278776,0.0482502393712,0.0702809639032,0.0000532061711,15.1439384097487
61093,3.6465123169818,0.0034313618978,0.0480464923795,0.0702279503075,0.0000532061711,15.1439384097487
61102,3.6463093300116,0.0034719429345,0.0480010719086,0.0702262483316,0.0000532061711,15.1439384097487
61103,3.6462248355401,0.0034251089143,0.0479455993403,0.0701851693860,0.0000532061711,15.1439384097487
61444,3.6475132983883,0.0032525926798,0.0480920591107,0.0701817725808,0.0000480941646,15.1439384097487
61445,3.6475654230881,0.0032527469384,0.0480716939261,0.0701753029724,0.0000480941646,15.1439384097487
61447,3.6476116418909,0.0032059129182,0.0480157381886,0.0701359010505,0.0000480941646,15.1439384097487
61519,3.6474262901484,0.0028215444999,0.0484655824301,0.0701292076713,0.0000480941646,15.1439384097487
61533,3.6475068966848,0.0027939817893,0.0484439373862,0.0701108052853,0.0000480941646,15.1439384097487
61534,3.6475661007048,0.0028380060989,0.0483018421773,0.0700797622905,0.0000480941646,15.1439384097487
61569,3.6472488672249,0.0028276101694,0.0482860618258,0.0700651822199,0.0000461896357,15.1439384097487
62020,3.6471790915362,0.0028486444347,0.0482091443883,0.0700457390703,0.0000417517723,15.1439384097487
62261,3.6474536149863,0.0029313490944,0.0480090839019,0.0700136182392,0.0000392964341,15.1439384097487
62265,3.6474985555165,0.0030250171348,0.0478659998919,0.0700032961584,0.0000392964341,15.1439384097487
62266,3.6474237181657,0.0030718511551,0.0477234904899,0.0699714127229,0.0000392964341,15.1439384097487
62597,3.6474356612535,0.0031774081281,0.0475952959584,0.0699710366583,0.0000355208640,15.1439384097487
62646,3.6479096948243,0.0029260051349,0.0478007550393,0.0699433783048,0.0000355208640,15.1439384097487
62647,3.6480057902408,0.0029095600637,0.0477315426208,0.0699129714399,0.0000355208640,15.1439384097487
62680,3.6481744869807,0.0029817641184,0.0476226227598,0.0699074031320,0.0000355208640,15.1439384097487
62681,3.6481074672449,0.0030195189167,0.0475706184178,0.0699040624558,0.0000355208640,15.1439384097487
62686,3.6481379530168,0.0029853781776,0.0476092532734,0.0699036602448,0.0000355208640,15.1439384097487
62884,3.6483878681139,0.0028705546686,0.0475814111022,0.0698480428189,0.0000341142378,15.1439384097487
62885,3.6483560194301,0.0028959247031,0.0475353745971,0.0698420234251,0.0000341142378,15.1439384097487
62888,3.6483312909685,0.0028959247031,0.0474998463651,0.0698289848647,0.0000341142378,15.1439384097487
62889,3.6482843976552,0.0028528590007,0.0473367235096,0.0697516064352,0.0000341142378,15.1439384097487
62893,3.6481668593497,0.0028762236731,0.0472395944620,0.0697252677615,0.0000341142378,15.1439384097487
62940,3.6482446371625,0.0029272722593,0.0471426304532,0.0697136162747,0.0000327633140,15.1439384097487
62941,3.6482001994245,0.0029396570231,0.0471131765050,0.0697077759724,0.0000327633140,15.1439384097487
62943,3.6481531090973,0.0029396570231,0.0469935580854,0.0696643887833,0.0000327633140,15.1439384097487
63521,3.6499468672473,0.0028070001153,0.0470156330357,0.0696408012913,0.0000290231320,15.1439384097487
63525,3.6499525096940,0.0029135156955,0.0468770255954,0.0696370280087,0.0000290231320,15.1439384097487
63557,3.6500550828762,0.0028292353942,0.0469330308887,0.0696223611737,0.0000290231320,15.1439384097487
63562,3.6500821096560,0.0028292353942,0.0469269277961,0.0696205639249,0.0000290231320,15.1439384097487
63564,3.6500352005157,0.0028239079624,0.0468354363601,0.0695849414658,0.0000290231320,15.1439384097487
63602,3.6495632650288,0.0028166963717,0.0468604346231,0.0695841008796,0.0000284426694,15.1439384097487
63609,3.6495176805675,0.0027378977608,0.0467893434874,0.0695242953379,0.0000284426694,15.1439384097487
63619,3.6494445715913,0.0027617252091,0.0467090515351,0.0695047969171,0.0000284426694,15.1439384097487
63623,3.6494510120818,0.0027767654249,0.0466696391381,0.0694972580003,0.0000284426694,15.1439384097487
63634,3.6494447971566,0.0027767654249,0.0466304548601,0.0694831756746,0.0000284426694,15.1439384097487
63674,3.6491751155076,0.0028121732885,0.0465937216139,0.0694814154795,0.0000278738160,15.1439384097487
63685,3.6491661993151,0.0028121732885,0.0465937216139,0.0694812893159,0.0000278738160,15.1439384097487
63686,3.6491666842007,0.0027911886063,0.0465353197327,0.0694514449271,0.0000278738160,15.1439384097487
63702,3.6489612882782,0.0028680865306,0.0464113233629,0.0694372104240,0.0000278738160,15.1439384097487
63997,3.6491413639349,0.0030376938882,0.0461969798401,0.0694358960919,0.0000262346126,15.1439384097487
64002,3.6491185737533,0.0030376938882,0.0461508610929,0.0694191026312,0.0000262346126,15.1439384097487
64003,3.6490885254895,0.0030845279084,0.0460619263263,0.0694069867566,0.0000262346126,15.1439384097487
64370,3.6486157905597,0.0031846031911,0.0459251565306,0.0693943406403,0.0000237140120,15.1439384097487
64371,3.6486722673744,0.0031828732908,0.0458353558612,0.0693623267299,0.0000237140120,15.1439384097487
64383,3.6486700093329,0.0031659654437,0.0458159980737,0.0693481350631,0.0000237140120,15.1439384097487
64387,3.6488561861268,0.0031861623050,0.0456922472553,0.0693152285291,0.0000237140120,15.1439384097487
64420,3.6485312909487,0.0031056668492,0.0457972011328,0.0693136167593,0.0000237140120,15.1439384097487
64424,3.6485639631039,0.0031056668492,0.0457804725848,0.0693081045867,0.0000237140120,15.1439384097487
64425,3.6486193946255,0.0030807595906,0.0457994493798,0.0693049918264,0.0000237140120,15.1439384097487
64431,3.6487201863354,0.0030693169062,0.0457475312437,0.0692829718232,0.0000232397317,15.1439384097487
64432,3.6488314105797,0.0030224828860,0.0456922472553,0.0692447296343,0.0000232397317,15.1439384097487
64441,3.6489522052301,0.0029178514647,0.0457547219514,0.0692239092243,0.0000232397317,15.1439384097487
64660,3.6488292639539,0.0030781041386,0.0455304320050,0.0692107457786,0.0000223194383,15.1439384097487
64699,3.6488011430278,0.0030151335644,0.0455992352929,0.0692079330832,0.0000223194383,15.1439384097487
64706,3.6487521317666,0.0029698586581,0.0456535721211,0.0692072420560,0.0000223194383,15.1439384097487
64708,3.6489316132322,0.0030166926783,0.0455800008005,0.0692035779580,0.0000223194383,15.1439384097487
64710,3.6489983611065,0.0029899177885,0.0455729797001,0.0691905399473,0.0000223194383,15.1439384097487
64831,3.6487383251128,0.0030127701019,0.0455403970297,0.0691850176360,0.0000214355886,15.1439384097487
64841,3.6486983367938,0.0029535513178,0.0455982259004,0.0691797254932,0.0000214355886,15.1439384097487
64859,3.6486218175594,0.0029439927923,0.0455487862692,0.0691568892291,0.0000214355886,15.1439384097487
64870,3.6486447879564,0.0029439927923,0.0454136841386,0.0691089634977,0.0000214355886,15.1439384097487
64881,3.6487111661764,0.0028971587721,0.0454625634490,0.0691072879187,0.0000214355886,15.1439384097487
64882,3.6486266230056,0.0029563775562,0.0453114352163,0.0690774967486,0.0000214355886,15.1439384097487
64915,3.6486276713436,0.0028855783568,0.0453382975647,0.0690567627643,0.0000214355886,15.1439384097487
64922,3.6488025966105,0.0028387443366,0.0453807006261,0.0690543101727,0.0000214355886,15.1439384097487
64929,3.6488478700839,0.0028387443366,0.0453080947919,0.0690290201342,0.0000214355886,15.1439384097487
64980,3.6486138080469,0.0027770739422,0.0453840966804,0.0690264215347,0.0000210068768,15.1439384097487
64982,3.6486083861443,0.0027194142721,0.0454192269368,0.0690141800481,0.0000210068768,15.1439384097487
64996,3.6484704269964,0.0027692122616,0.0453483169985,0.0690082449529,0.0000210068768,15.1439384097487
65021,3.6485679831707,0.0026597161844,0.0454022535337,0.0689819615243,0.0000210068768,15.1439384097487
65026,3.6485555335176,0.0026540967631,0.0453949199676,0.0689767579084,0.0000210068768,15.1439384097487
65041,3.6485056629346,0.0026523668628,0.0453358122832,0.0689542009698,0.0000210068768,15.1439384097487
65043,3.6485914197825,0.0026523668628,0.0453222458614,0.0689505692729,0.0000210068768,15.1439384097487
65044,3.6487407161580,0.0026523668628,0.0452614631964,0.0689309737119,0.0000210068768,15.1439384097487
65065,3.6485078631864,0.0026858740397,0.0452003321652,0.0689202065655,0.0000205867393,15.1439384097487
65067,3.6484488188609,0.0026858740397,0.0451510917190,0.0689017852186,0.0000205867393,15.1439384097487
65150,3.6483594578771,0.0027555934287,0.0450042316576,0.0688779504829,0.0000201750045,15.1439384097487
65151,3.6483642276662,0.0027555934287,0.0449897580033,0.0688728488128,0.0000201750045,15.1439384097487
65153,3.6482697797026,0.0027289562698,0.0450136180820,0.0688686179119,0.0000201750045,15.1439384097487
65437,3.6488521909908,0.0025826640015,0.0449985889457,0.0688087947575,0.0000193760743,15.1439384097487
65442,3.6488444959289,0.0025806255840,0.0449747472471,0.0687992973730,0.0000193760743,15.1439384097487
65459,3.6487774958871,0.0026503449730,0.0448288291244,0.0687761154499,0.0000189885528,15.1439384097487
65472,3.6488186500082,0.0026215151379,0.0448413778445,0.0687688238201,0.0000189885528,15.1439384097487
65473,3.6486974679214,0.0026230742519,0.0446967331071,0.0687161184586,0.0000189885528,15.1439384097487
65484,3.6487125036704,0.0026028773905,0.0446578576459,0.0686937913224,0.0000189885528,15.1439384097487
65497,3.6487438791092,0.0026329412946,0.0445678268429,0.0686749659549,0.0000186087818,15.1439384097487
65625,3.6485975995153,0.0026058413598,0.0445990587208,0.0686724360927,0.0000182366061,15.1439384097487
65634,3.6485869171106,0.0026058413598,0.0445354306181,0.0686495606150,0.0000182366061,15.1439384097487
65674,3.6486301995824,0.0025813968771,0.0445468104568,0.0686437610803,0.0000182366061,15.1439384097487
65687,3.6485016813176,0.0025838980705,0.0445128257221,0.0686308770903,0.0000182366061,15.1439384097487
65689,3.6484806384370,0.0025615085330,0.0445226932460,0.0686245079345,0.0000182366061,15.1439384097487
65693,3.6485013935010,0.0025615085330,0.0445161212841,0.0686224544880,0.0000182366061,15.1439384097487
65789,3.6483935052435,0.0025751438935,0.0444799603371,0.0686138569784,0.0000182366061,15.1439384097487
65791,3.6483315198566,0.0025884707369,0.0444251748295,0.0685991251409,0.0000178718740,15.1439384097487
66034,3.6488715569387,0.0026332498118,0.0442833495063,0.0685753057605,0.0000171641478,15.1439384097487
66038,3.6488737711632,0.0025864157916,0.0442660802168,0.0685490977652,0.0000171641478,15.1439384097487
66039,3.6488157339860,0.0025151538163,0.0442372028114,0.0685074223375,0.0000171641478,15.1439384097487
66040,3.6487063424593,0.0025619878366,0.0441268278663,0.0684865265544,0.0000171641478,15.1439384097487
66052,3.6487113843251,0.0025018269730,0.0441633327714,0.0684738521353,0.0000171641478,15.1439384097487
66132,3.6488974667600,0.0024769197144,0.0441536832559,0.0684623643944,0.0000164844476,15.1439384097487
66158,3.6491776295703,0.0024282015353,0.0441066400217,0.0684286483047,0.0000164844476,15.1439384097487
67443,3.6498605151642,0.0027052996079,0.0437236902199,0.0684202996206,0.0000131996140,15.1439384097487
67444,3.6498711377929,0.0026326327773,0.0436668761088,0.0683690162487,0.0000131996140,15.1439384097487
67532,3.6495906827974,0.0026689496649,0.0436040216372,0.0683581641842,0.0000129356217,15.1439384097487
67536,3.6497295863088,0.0026221156447,0.0436090990547,0.0683418713000,0.0000129356217,15.1439384097487
67554,3.6497914159668,0.0026564271702,0.0435080626897,0.0683213667089,0.0000129356217,15.1439384097487
67556,3.6498166350101,0.0026564271702,0.0435014820336,0.0683193733223,0.0000129356217,15.1439384097487
67604,3.6498656955618,0.0027015312901,0.0434277577422,0.0683130677589,0.0000129356217,15.1439384097487
67605,3.6498169262186,0.0026275973351,0.0434972858815,0.0683055231736,0.0000129356217,15.1439384097487
67695,3.6497490725991,0.0026178845510,0.0433792043808,0.0682582284631,0.0000126769092,15.1439384097487
67697,3.6498240752746,0.0026640850090,0.0432913266904,0.0682477050528,0.0000126769092,15.1439384097487
68274,3.6495437894090,0.0026063206634,0.0433669420045,0.0682459883478,0.0000114589219,15.1439384097487
68290,3.6493111069788,0.0026224572174,0.0433063404435,0.0682279681583,0.0000114589219,15.1439384097487
68372,3.6491190279389,0.0026077255187,0.0433293446909,0.0682271524703,0.0000112297435,15.1439384097487
68397,3.6491204243120,0.0025608914985,0.0433264124931,0.0682060532924,0.0000112297435,15.1439384097487
68447,3.6493416848363,0.0025762402316,0.0432775386256,0.0681983071898,0.0000112297435,15.1439384097487
68468,3.6493113651297,0.0025778158733,0.0432678178254,0.0681950817286,0.0000112297435,15.1439384097487
68800,3.6501492729620,0.0027252044797,0.0430370654599,0.0681876930549,0.0000105693447,15.1439384097487
69009,3.6497015298870,0.0026130694782,0.0431829652603,0.0681854067341,0.0000103579578,15.1439384097487
69025,3.6496836713244,0.0026564602256,0.0430948140338,0.0681722674903,0.0000101507987,15.1439384097487
69075,3.6495823235050,0.0027507618283,0.0428723113385,0.0681317831497,0.0000099477827,15.1439384097487
69081,3.6496777509616,0.0027958659482,0.0427425937216,0.0681061360587,0.0000099477827,15.1439384097487
69082,3.6496494195733,0.0027958659482,0.0426953793750,0.0680888729048,0.0000099477827,15.1439384097487
69084,3.6497033105947,0.0027958659482,0.0426478633165,0.0680726654382,0.0000099477827,15.1439384097487
69095,3.6497688052387,0.0028426999684,0.0425503555130,0.0680588396905,0.0000099477827,15.1439384097487
69104,3.6496573293524,0.0027975958485,0.0426016395305,0.0680562476976,0.0000099477827,15.1439384097487
69117,3.6496036639030,0.0027975958485,0.0426029688910,0.0680559631067,0.0000099477827,15.1439384097487
69143,3.6496298631241,0.0027958659482,0.0425563344831,0.0680389372924,0.0000099477827,15.1439384097487
69329,3.6495604019739,0.0027009142556,0.0426451782250,0.0680289907470,0.0000097488270,15.1439384097487
69341,3.6495281731899,0.0026962203860,0.0425571555582,0.0679950863868,0.0000097488270,15.1439384097487
69393,3.6495577589901,0.0027775201904,0.0424577374693,0.0679948413368,0.0000095538505,15.1439384097487
69417,3.6495975317738,0.0027136240644,0.0424809445503,0.0679763083083,0.0000095538505,15.1439384097487
69419,3.6496304785417,0.0027013935592,0.0424497685067,0.0679603985565,0.0000095538505,15.1439384097487
69458,3.6496324841923,0.0026545595390,0.0424979337668,0.0679575570920,0.0000095538505,15.1439384097487
69498,3.6496385192997,0.0026790040217,0.0424380528827,0.0679467326652,0.0000095538505,15.1439384097487
69533,3.6496274617073,0.0026691369790,0.0424301033953,0.0679395083657,0.0000093627735,15.1439384097487
69624,3.6496176883625,0.0025939524273,0.0424268410249,0.0679059829906,0.0000091755180,15.1439384097487
69772,3.6497182111037,0.0026244956349,0.0423814231080,0.0679042746421,0.0000089920077,15.1439384097487
69839,3.6497534628722,0.0025482312728,0.0424655353409,0.0679021288089,0.0000089920077,15.1439384097487
69909,3.6496992132656,0.0027109686124,0.0422376776615,0.0678897280120,0.0000088121675,15.1439384097487
70022,3.6496047602181,0.0027050241461,0.0422358173466,0.0678851794812,0.0000086359242,15.1439384097487
70121,3.6494910799593,0.0026802711461,0.0422593283726,0.0678813592795,0.0000084632057,15.1439384097487
70126,3.6493992787677,0.0026802711461,0.0422481498930,0.0678760679847,0.0000084632057,15.1439384097487
70210,3.6494749732807,0.0027271051663,0.0421655535485,0.0678677120854,0.0000084632057,15.1439384097487
70211,3.6494543622014,0.0027271051663,0.0421453266805,0.0678601965586,0.0000082939416,15.1439384097487
70284,3.6492662533350,0.0026367096124,0.0422482767104,0.0678555617469,0.0000082939416,15.1439384097487
70293,3.6492652173211,0.0026265340524,0.0421230512583,0.0678064627573,0.0000082939416,15.1439384097487
70301,3.6492527042894,0.0025922225270,0.0421451339952,0.0677994674511,0.0000082939416,15.1439384097487
70309,3.6493430950869,0.0025798377631,0.0421444021991,0.0677951773631,0.0000082939416,15.1439384097487
70486,3.6490308490680,0.0026858905674,0.0420006742244,0.0677848788852,0.0000079655015,15.1439384097487
70490,3.6489994039911,0.0026390565472,0.0420474262024,0.0677810593515,0.0000079655015,15.1439384097487
70599,3.6490429396655,0.0026390565472,0.0420109950154,0.0677686642401,0.0000078061914,15.1439384097487
70602,3.6490629255664,0.0026733680727,0.0419659375867,0.0677675600400,0.0000078061914,15.1439384097487
70690,3.6490257915837,0.0025688743823,0.0420780762280,0.0677623011012,0.0000078061914,15.1439384097487
70772,3.6491710932983,0.0025861072744,0.0420472297087,0.0677607260218,0.0000076500676,15.1439384097487
70798,3.6491566890089,0.0025861072744,0.0420215274182,0.0677513428126,0.0000076500676,15.1439384097487
70810,3.6490976743827,0.0025688743823,0.0419735921663,0.0677260025016,0.0000076500676,15.1439384097487
70857,3.6490994124944,0.0025688743823,0.0419181023953,0.0677062093205,0.0000074970663,15.1439384097487
71257,3.6492040399384,0.0025936273823,0.0418613233627,0.0676980199944,0.0000070561788,15.1439384097487
71386,3.6494411275035,0.0025273843216,0.0419255076562,0.0676959078464,0.0000069150552,15.1439384097487
71395,3.6495314806513,0.0025616958470,0.0418546669465,0.0676865910234,0.0000069150552,15.1439384097487
71397,3.6495398791211,0.0026085298673,0.0417964224612,0.0676859799822,0.0000069150552,15.1439384097487
71413,3.6495666508896,0.0026039737286,0.0417601564084,0.0676714540084,0.0000067767541,15.1439384097487
71462,3.6496742950187,0.0026039737286,0.0417457846444,0.0676678443927,0.0000067767541,15.1439384097487
71514,3.6496167306869,0.0026490778486,0.0416864321170,0.0676651628672,0.0000067767541,15.1439384097487
71709,3.6497668613390,0.0026185346409,0.0416575206910,0.0676438717505,0.0000066412190,15.1439384097487
71745,3.6497027153662,0.0026296688081,0.0415824192893,0.0676209139460,0.0000065083946,15.1439384097487
71747,3.6496551706930,0.0026765028283,0.0414459343412,0.0675915682907,0.0000063782268,15.1439384097487
71774,3.6496761076780,0.0026296688081,0.0414984047131,0.0675905322432,0.0000063782268,15.1439384097487
71817,3.6497146859843,0.0026296688081,0.0414495278343,0.0675736220955,0.0000063782268,15.1439384097487
71827,3.6498079346438,0.0026296688081,0.0414192214212,0.0675641178388,0.0000063782268,15.1439384097487
71882,3.6497440126946,0.0026368638710,0.0413435623818,0.0675392758605,0.0000063782268,15.1439384097487
71904,3.6497593260128,0.0026356132743,0.0413177344395,0.0675297323078,0.0000063782268,15.1439384097487
72143,3.6497311287638,0.0026577108223,0.0412885063093,0.0675283650784,0.0000061256490,15.1439384097487
72559,3.6494910897833,0.0025942774722,0.0413535702066,0.0675210199276,0.0000057654118,15.1439384097487
72603,3.6494016267429,0.0026411114924,0.0412966910465,0.0675195117688,0.0000056501036,15.1439384097487
72605,3.6493949399334,0.0026862156124,0.0412373385192,0.0675175501568,0.0000056501036,15.1439384097487
72817,3.6492428664337,0.0026572315187,0.0412488466987,0.0675070866366,0.0000054263595,15.1439384097487
72960,3.6491535452349,0.0027476105449,0.0411245272495,0.0675001568127,0.0000053178323,15.1439384097487
73005,3.6491726435050,0.0027347795329,0.0410977792072,0.0674853751746,0.0000053178323,15.1439384097487
73063,3.6491586223401,0.0025817549775,0.0412447397958,0.0674720807482,0.0000053178323,15.1439384097487
73083,3.6492174528627,0.0025631172301,0.0412236320172,0.0674573870978,0.0000053178323,15.1439384097487
73088,3.6493098971782,0.0025364800712,0.0412194876909,0.0674457991369,0.0000053178323,15.1439384097487
73094,3.6493973434603,0.0025833140914,0.0411255993306,0.0674335766616,0.0000053178323,15.1439384097487
73261,3.6494981299993,0.0025939689550,0.0410853377998,0.0674251900363,0.0000051072461,15.1439384097487
73358,3.6494832231439,0.0025939689550,0.0410691334808,0.0674191918485,0.0000050051012,15.1439384097487
73413,3.6494762736163,0.0025947402481,0.0410421072631,0.0674097718468,0.0000050051012,15.1439384097487
73490,3.6495385715086,0.0025947402481,0.0409845732914,0.0673901055107,0.0000049049992,15.1439384097487
73784,3.6495429722759,0.0025010722076,0.0410879364195,0.0673869397383,0.0000047107612,15.1439384097487
73812,3.6494791222802,0.0025479062279,0.0410122540446,0.0673790785685,0.0000047107612,15.1439384097487
73864,3.6494693943994,0.0025919140097,0.0409456589631,0.0673740174399,0.0000046165460,15.1439384097487
74101,3.6494436781033,0.0025682573478,0.0409736571701,0.0673735143463,0.0000045242151,15.1439384097487
74309,3.6495260325203,0.0025682573478,0.0409675948930,0.0673725145568,0.0000043450561,15.1439384097487
74359,3.6496027810290,0.0025682573478,0.0409363766253,0.0673624511617,0.0000043450561,15.1439384097487
74525,3.6495665770618,0.0025682573478,0.0409363766253,0.0673619388780,0.0000041729919,15.1439384097487
74528,3.6494613516393,0.0026078797774,0.0408789219289,0.0673569114521,0.0000041729919,15.1439384097487
74637,3.6494954766628,0.0026078797774,0.0408512411757,0.0673475083356,0.0000040895321,15.1439384097487
74688,3.6494274042619,0.0025610457571,0.0408922951287,0.0673411355188,0.0000040895321,15.1439384097487
74816,3.6494546364767,0.0025610457571,0.0408694503945,0.0673333620192,0.0000040077414,15.1439384097487
75007,3.6494767205735,0.0025710835862,0.0408414635463,0.0673279811315,0.0000038490349,15.1439384097487
75191,3.6490241530813,0.0025359842399,0.0408775117071,0.0673194090980,0.0000037720542,15.1439384097487
75197,3.6489401135493,0.0025359842399,0.0408681454358,0.0673148748473,0.0000037720542,15.1439384097487
75361,3.6491634026203,0.0025828182601,0.0407836233468,0.0673079196353,0.0000036966131,15.1439384097487
75392,3.6492128478343,0.0025359842399,0.0407552142090,0.0672784014382,0.0000036966131,15.1439384097487
75684,3.6490649089818,0.0025071544048,0.0407930684991,0.0672774718591,0.0000034792227,15.1439384097487
75887,3.6491919579866,0.0024891502196,0.0407858515036,0.0672689760162,0.0000034096382,15.1439384097487
76050,3.6491156666725,0.0025220568898,0.0407276442605,0.0672612110568,0.0000032746166,15.1439384097487
76216,3.6491201369138,0.0024780325802,0.0407731501716,0.0672586588602,0.0000032091242,15.1439384097487
76333,3.6490365719450,0.0024889959610,0.0407546133847,0.0672555547323,0.0000031449417,15.1439384097487
76747,3.6489809720911,0.0024645680060,0.0407337065375,0.0672368321433,0.0000029599940,15.1439384097487
76867,3.6489823201634,0.0024645680060,0.0407217891566,0.0672325950110,0.0000029007941,15.1439384097487
76970,3.6489008499797,0.0025029398388,0.0406388974578,0.0672182831064,0.0000028427782,15.1439384097487
77335,3.6491177835417,0.0025021685457,0.0406083766809,0.0672101218701,0.0000027302042,15.1439384097487
77632,3.6491742413250,0.0025029398388,0.0405805371009,0.0672013085910,0.0000025696464,15.1439384097487
77680,3.6490744979120,0.0024346418328,0.0406240046642,0.0671861507842,0.0000025696464,15.1439384097487
77690,3.6489154423369,0.0024775532766,0.0405220420897,0.0671658755720,0.0000025696464,15.1439384097487
77894,3.6489721056147,0.0024864947676,0.0404453139632,0.0671431065189,0.0000024678884,15.1439384097487
78023,3.6489476543918,0.0025333287878,0.0403865681030,0.0671418515943,0.0000024678884,15.1439384097487
78472,3.6489568942863,0.0024899380405,0.0404106531259,0.0671319880975,0.0000022763017,15.1439384097487
78540,3.6488876007225,0.0025160958958,0.0403809951117,0.0671316259597,0.0000022763017,15.1439384097487
78690,3.6488459565910,0.0025178257961,0.0403800769701,0.0671314501762,0.0000021861601,15.1439384097487
78817,3.6488900443674,0.0025178257961,0.0403635737979,0.0671261800252,0.0000021424369,15.1439384097487
78881,3.6491414526144,0.0024431040202,0.0403852875734,0.0671054687366,0.0000020995882,15.1439384097487
78937,3.6491417606226,0.0024899380405,0.0402721039323,0.0670851220889,0.0000020995882,15.1439384097487
79119,3.6491117741519,0.0024958825068,0.0401706169506,0.0670510000602,0.0000020164445,15.1439384097487
79416,3.6491667610616,0.0024775532766,0.0401211366480,0.0670262512003,0.0000019365933,15.1439384097487
80021,3.6492697820364,0.0025093636087,0.0400619868251,0.0670202170029,0.0000017862520,15.1439384097487
81345,3.6492960521210,0.0025093636087,0.0400430608569,0.0670138294484,0.0000014303080,15.1439384097487
81578,3.6492511281291,0.0025516580180,0.0399930581208,0.0670134618323,0.0000014017018,15.1439384097487
81639,3.6492766524149,0.0025561976289,0.0399439957761,0.0669982462809,0.0000013736678,15.1439384097487
81864,3.6491946646413,0.0025561976289,0.0399130587393,0.0669860372177,0.0000013461944,15.1439384097487
81866,3.6491260781158,0.0025093636087,0.0399427536728,0.0669756003333,0.0000013461944,15.1439384097487
81935,3.6491096219120,0.0024996508246,0.0399144246920,0.0669610873643,0.0000013461944,15.1439384097487
82332,3.6490729797334,0.0024528168044,0.0399582718044,0.0669561568399,0.0000012416869,15.1439384097487
82361,3.6491012879077,0.0024385644093,0.0399296294439,0.0669402198149,0.0000012416869,15.1439384097487
82450,3.6489638431099,0.0024853984295,0.0398264001194,0.0669214790873,0.0000012416869,15.1439384097487
82770,3.6490227694571,0.0025322324498,0.0397667670583,0.0669210870923,0.0000011686657,15.1439384097487
82890,3.6490599785012,0.0025790664700,0.0396874481295,0.0669133571319,0.0000011452924,15.1439384097487
83630,3.6490751575954,0.0025543299977,0.0397163228792,0.0669132829804,0.0000010352536,15.1439384097487
83801,3.6489771163553,0.0025074959775,0.0397759559403,0.0669131215023,0.0000009942576,15.1439384097487
84266,3.6490519449668,0.0025543299977,0.0397163228792,0.0669129545233,0.0000009170716,15.1439384097487
84389,3.6491078168371,0.0025046697391,0.0396565551639,0.0668711165259,0.0000008987301,15.1439384097487
84481,3.6491398820212,0.0025046697391,0.0395768993189,0.0668431217300,0.0000008987301,15.1439384097487
85084,3.6491846068417,0.0025353837331,0.0394969065577,0.0668283488803,0.0000008123808,15.1439384097487
85381,3.6493175912629,0.0024177505135,0.0396199174989,0.0668237488429,0.0000007646064,15.1439384097487
85403,3.6492967392213,0.0024180590307,0.0396106350030,0.0668202708325,0.0000007646064,15.1439384097487
85426,3.6492531371597,0.0024180590307,0.0395667762869,0.0668039900391,0.0000007646064,15.1439384097487
85428,3.6492716944796,0.0024180590307,0.0395540750108,0.0667997164539,0.0000007646064,15.1439384097487
85443,3.6493293097184,0.0023906505787,0.0394969065577,0.0667683679215,0.0000007646064,15.1439384097487
85663,3.6493034240766,0.0024180590307,0.0394469613269,0.0667619105384,0.0000007493142,15.1439384097487
86432,3.6492422009164,0.0024189845825,0.0394369944570,0.0667578813034,0.0000006504988,15.1439384097487
86464,3.6494127139340,0.0024607996882,0.0393574870398,0.0667498193047,0.0000006504988,15.1439384097487
86647,3.6494358406917,0.0024207144828,0.0394004045952,0.0667482948713,0.0000006374888,15.1439384097487
86751,3.6495371470217,0.0024675485030,0.0393399027928,0.0667481922855,0.0000006122443,15.1439384097487
86776,3.6494017268967,0.0023959614828,0.0393932929861,0.0667346638745,0.0000006122443,15.1439384097487
86777,3.6494319292674,0.0023959614828,0.0393197585951,0.0667088289535,0.0000006122443,15.1439384097487
86832,3.6493270782770,0.0024427955030,0.0392365811701,0.0666977108188,0.0000006122443,15.1439384097487
86859,3.6494042819894,0.0024606454295,0.0392065855785,0.0666957405033,0.0000006122443,15.1439384097487
86908,3.6494621966501,0.0024092717984,0.0392653684048,0.0666955365879,0.0000005999994,15.1439384097487
87005,3.6494336361686,0.0023845353261,0.0392949403222,0.0666950925129,0.0000005999994,15.1439384097487
87032,3.6495057323373,0.0023919011754,0.0392730043923,0.0666914352007,0.0000005999994,15.1439384097487
87088,3.6494522028353,0.0024387351956,0.0392059535443,0.0666868027534,0.0000005879994,15.1439384097487
88201,3.6492847800373,0.0024412363890,0.0392065449561,0.0666857168905,0.0000005002482,15.1439384097487
88407,3.6493522929841,0.0024633339370,0.0391755412327,0.0666850698135,0.0000004804383,15.1439384097487
88448,3.6494301675929,0.0024473516417,0.0391444380592,0.0666682139026,0.0000004804383,15.1439384097487
88672,3.6494523049630,0.0024627003748,0.0391149471321,0.0666645726995,0.0000004614130,15.1439384097487
89053,3.6494011261955,0.0023712250105,0.0392162629122,0.0666608290029,0.0000004431410,15.1439384097487
89253,3.6493548230049,0.0023934602894,0.0391860995829,0.0666589306035,0.0000004170808,15.1439384097487
89373,3.6493699400604,0.0024180590307,0.0391149471321,0.0666442752370,0.0000004170808,15.1439384097487
90012,3.6493136785370,0.0024648930510,0.0390339319548,0.0666346168713,0.0000003770080,15.1439384097487
90354,3.6492958340955,0.0024821094153,0.0390041276481,0.0666310984202,0.0000003548369,15.1439384097487
90374,3.6493463853166,0.0024352753951,0.0390553737229,0.0666300441633,0.0000003548369,15.1439384097487
90394,3.6492438588565,0.0023961157414,0.0391040507053,0.0666291953485,0.0000003548369,15.1439384097487
90512,3.6493366858086,0.0024120980367,0.0390730100625,0.0666262724550,0.0000003477402,15.1439384097487
90747,3.6492441315220,0.0024417156926,0.0390120304589,0.0666158776693,0.0000003407854,15.1439384097487
91044,3.6491814221947,0.0024471973830,0.0389813544084,0.0666063839001,0.0000003207445,15.1439384097487
91072,3.6491592513804,0.0025078044947,0.0388999906471,0.0666029861748,0.0000003207445,15.1439384097487
91089,3.6491741182557,0.0024421784685,0.0389509162009,0.0665932587981,0.0000003207445,15.1439384097487
91170,3.6490715207371,0.0024589320570,0.0388712241873,0.0665705257260,0.0000003143296,15.1439384097487
91307,3.6489557841997,0.0024120980367,0.0388896672887,0.0665554031607,0.0000003080430,15.1439384097487
91397,3.6488826433034,0.0023807670083,0.0389258180853,0.0665538516371,0.0000003018821,15.1439384097487
91512,3.6489227030667,0.0024276010285,0.0388099568155,0.0665331111780,0.0000002958445,15.1439384097487
91773,3.6488822593836,0.0023864194850,0.0388520610084,0.0665299268815,0.0000002899276,15.1439384097487
92017,3.6489825534689,0.0024332535052,0.0387485547893,0.0665144512522,0.0000002728775,15.1439384097487
92032,3.6489084432730,0.0024158663546,0.0387178049003,0.0664949688587,0.0000002728775,15.1439384097487
92035,3.6489346094851,0.0024158663546,0.0386666894462,0.0664770835895,0.0000002728775,15.1439384097487
92064,3.6489951954606,0.0024554887841,0.0386051343062,0.0664729379396,0.0000002728775,15.1439384097487
92171,3.6489437963195,0.0024561223463,0.0385739676971,0.0664613512401,0.0000002674200,15.1439384097487
92192,3.6488883188482,0.0024774155457,0.0385223389200,0.0664512530455,0.0000002674200,15.1439384097487
92232,3.6489021734968,0.0024767819835,0.0385221552284,0.0664511119570,0.0000002674200,15.1439384097487
92251,3.6488518232949,0.0025236160037,0.0384604469744,0.0664484325659,0.0000002674200,15.1439384097487
92300,3.6488300725666,0.0025242495659,0.0384292434462,0.0664372522040,0.0000002674200,15.1439384097487
92361,3.6487450571195,0.0025242495659,0.0383977567762,0.0664248040018,0.0000002568301,15.1439384097487
92403,3.6487829729367,0.0024808588186,0.0384180424046,0.0664139893408,0.0000002568301,15.1439384097487
92430,3.6487576689569,0.0024973038898,0.0383876677067,0.0664098310724,0.0000002568301,15.1439384097487
92548,3.6488548946622,0.0024504698696,0.0384190918459,0.0664023579935,0.0000002516935,15.1439384097487
92559,3.6488114214395,0.0024036358493,0.0384704999015,0.0664000311473,0.0000002516935,15.1439384097487
92910,3.6487997688690,0.0024100596192,0.0384397660378,0.0663916429285,0.0000002417265,15.1439384097487
92990,3.6488002883839,0.0024321571671,0.0384085038794,0.0663899556007,0.0000002368919,15.1439384097487
93250,3.6487652480817,0.0024321571671,0.0383884389726,0.0663822937446,0.0000002275110,15.1439384097487
93615,3.6487725055799,0.0024587777983,0.0383263267558,0.0663716223451,0.0000002141316,15.1439384097487
93616,3.6487165629342,0.0024587777983,0.0382948779483,0.0663595990435,0.0000002141316,15.1439384097487
93750,3.6486912631052,0.0024119437781,0.0383463732031,0.0663575604921,0.0000002098489,15.1439384097487
95276,3.6485787626094,0.0023776322526,0.0383860856790,0.0663554467052,0.0000001680326,15.1439384097487
95520,3.6484969969559,0.0023353543711,0.0384261835981,0.0663504913200,0.0000001613785,15.1439384097487
95597,3.6485082684454,0.0023600908433,0.0383949849559,0.0663501097838,0.0000001581510,15.1439384097487
95628,3.6486757890712,0.0023475683486,0.0383883700182,0.0663447509283,0.0000001581510,15.1439384097487
95716,3.6487105293319,0.0023937688066,0.0383242845162,0.0663421550176,0.0000001549879,15.1439384097487
95811,3.6486585092557,0.0024075584258,0.0382929854386,0.0663361505318,0.0000001549879,15.1439384097487
95822,3.6485876516884,0.0024081919880,0.0382616896121,0.0663242423478,0.0000001549879,15.1439384097487
95991,3.6486779242755,0.0024081919880,0.0382217078876,0.0663112405115,0.0000001488504,15.1439384097487
96004,3.6486996008795,0.0024329284603,0.0381905092453,0.0663110062070,0.0000001488504,15.1439384097487
96253,3.6487368987375,0.0023939230652,0.0382113408187,0.0663022572190,0.0000001429559,15.1439384097487
96907,3.6487434904647,0.0024407570855,0.0381078673432,0.0662854674017,0.0000001292208,15.1439384097487
96968,3.6487756036456,0.0023939230652,0.0381405001029,0.0662775046352,0.0000001266364,15.1439384097487
96971,3.6487197864896,0.0024407570855,0.0380763553213,0.0662738776986,0.0000001266364,15.1439384097487
96972,3.6486371363334,0.0024407570855,0.0380451003148,0.0662615457021,0.0000001266364,15.1439384097487
97011,3.6486823132230,0.0024407570855,0.0380248885249,0.0662549664556,0.0000001266364,15.1439384097487
97034,3.6485751876958,0.0024681820652,0.0379620053019,0.0662427459054,0.0000001266364,15.1439384097487
97048,3.6485426294792,0.0024089632811,0.0380185604575,0.0662371039998,0.0000001266364,15.1439384097487
97078,3.6485461001781,0.0024089632811,0.0379821986321,0.0662241667437,0.0000001241037,15.1439384097487
97566,3.6485481583067,0.0024517204663,0.0379304826558,0.0662240503825,0.0000001168054,15.1439384097487
97688,3.6484460914614,0.0024738180142,0.0378991097396,0.0662208719082,0.0000001144693,15.1439384097487
97717,3.6483896616811,0.0024772612871,0.0378472602409,0.0662030314409,0.0000001144693,15.1439384097487
97869,3.6483725543027,0.0024304272669,0.0378469831414,0.0661826186856,0.0000001121799,15.1439384097487
97875,3.6483445261165,0.0024551637391,0.0378153197207,0.0661815150693,0.0000001121799,15.1439384097487
97902,3.6483228423739,0.0024083297189,0.0378464351512,0.0661722491766,0.0000001121799,15.1439384097487
98272,3.6483848344731,0.0024318321222,0.0378143058848,0.0661717240812,0.0000001034712,15.1439384097487
98294,3.6483589574789,0.0024539296701,0.0377623166550,0.0661622607191,0.0000001034712,15.1439384097487
98468,3.6484038883517,0.0024539296701,0.0377414980795,0.0661554612824,0.0000001014018,15.1439384097487
98573,3.6484320684983,0.0024786661424,0.0377098346587,0.0661551530103,0.0000001014018,15.1439384097487
98606,3.6484167551801,0.0024167919063,0.0377302014536,0.0661356926534,0.0000000993737,15.1439384097487
99035,3.6483681419677,0.0023967493036,0.0376990435342,0.0661152872645,0.0000000935298,15.1439384097487
99160,3.6483089675645,0.0024188468516,0.0376466128613,0.0661051950880,0.0000000916592,15.1439384097487
