0,3.12456,0.555358,0.320124,0.360602,1e+10
2,3.1245,0.555312,0.320161,0.360598,10000000000.000000
4,3.1244485535396,0.5552881724095,0.3193865080801,0.3603304856043,10000000000.0000000000000
5,3.1245431316666,0.5552881724095,0.3188538088433,0.3601550009519,10000000000.0000000000000
6,3.1245698628377,0.5552881724095,0.3186797348901,0.3600975646808,10000000000.0000000000000
7,3.1244302995631,0.5552881724095,0.3186211776721,0.3600749736799,10000000000.0000000000000
8,3.1244034626179,0.5551705391899,0.3185798475086,0.3600213951774,10000000000.0000000000000
9,3.1244183270095,0.5551705391899,0.3185428265270,0.3600093820304,10000000000.0000000000000
10,3.1244513191120,0.5551237051696,0.3185409676714,0.3599938772612,10000000000.0000000000000
11,3.1245263688805,0.5551237051696,0.3184794367077,0.3599750188609,10000000000.0000000000000
12,3.1245690002465,0.5550060719500,0.3183807253153,0.3599038423496,10000000000.0000000000000
13,3.1245405186238,0.5550060719500,0.3183679735783,0.3598989648613,10000000000.0000000000000
16,3.1244876793151,0.5550060719500,0.3170190145491,0.3594481488052,10000000000.0000000000000
21,3.1245459094992,0.5548176395310,0.3169724972834,0.3593711139487,10000000000.0000000000000
29,3.1248266098649,0.5548176395310,0.3169312639042,0.3593635479866,10000000000.0000000000000
30,3.1248697885113,0.5548176395310,0.3169131438523,0.3593584583748,10000000000.0000000000000
35,3.1251030726792,0.5546063382709,0.3170546512980,0.3593403285894,10000000000.0000000000000
41,3.1252980916188,0.5546771374703,0.3168406255986,0.3592968789860,10000000000.0000000000000
43,3.1254075607809,0.5545595042507,0.3168313337149,0.3592569801447,10000000000.0000000000000
44,3.1253127016730,0.5545595042507,0.3168217545381,0.3592516991413,10000000000.0000000000000
55,3.1258453332362,0.5543482029906,0.3165147832311,0.3590906653760,10000000000.0000000000000
70,3.1261929964015,0.5546063382709,0.3161078357232,0.3590487137165,10000000000.0000000000000
76,3.1262664505250,0.5545823730918,0.3159612166507,0.3589934690984,10000000000.0000000000000
77,3.1264173634371,0.5544647398721,0.3159214133934,0.3589443120179,10000000000.0000000000000
78,3.1262639331537,0.5544179058519,0.3159094499667,0.3589213357139,10000000000.0000000000000
79,3.1262617452307,0.5544179058519,0.3158422522521,0.3588988883174,10000000000.0000000000000
84,3.1263377929934,0.5543710718317,0.3158816805852,0.3588980936428,10000000000.0000000000000
86,3.1262352610003,0.5543944888418,0.3153859902372,0.3587384123645,9700000000.0000000000000
88,3.1262103897887,0.5543236896424,0.3153842498730,0.3587136850695,9700000000.0000000000000
89,3.1263862306815,0.5542768556222,0.3153365191077,0.3586860339094,9700000000.0000000000000
91,3.1265869180907,0.5541592224025,0.3152337634518,0.3586169882829,9700000000.0000000000000
92,3.1266520299544,0.5540415891829,0.3151363932462,0.3585467536521,9700000000.0000000000000
93,3.1268302396484,0.5540415891829,0.3151172350058,0.3585442901468,9700000000.0000000000000
94,3.1269271067932,0.5540415891829,0.3150797288123,0.3585339202257,9700000000.0000000000000
99,3.1270205853175,0.5539947551627,0.3150568656267,0.3585127453802,9700000000.0000000000000
100,3.1269910041053,0.5539947551627,0.3147283500331,0.3584025890701,9700000000.0000000000000
101,3.1270390142999,0.5539479211425,0.3146863541026,0.3583740358392,9700000000.0000000000000
102,3.1271399741308,0.5539479211425,0.3145473462635,0.3583299221204,9700000000.0000000000000
103,3.1272410510842,0.5538302879228,0.3143322862418,0.3582212491788,9700000000.0000000000000
104,3.1273660813439,0.5538302879228,0.3142615787596,0.3582004320600,9700000000.0000000000000
105,3.1273838508519,0.5537834539026,0.3142305561930,0.3581748709892,9700000000.0000000000000
107,3.1274381491417,0.5537366198824,0.3141994848839,0.3581500977061,9700000000.0000000000000
109,3.1274945573021,0.5537132028723,0.3141344994340,0.3581218718198,9700000000.0000000000000
110,3.1274395176481,0.5537132028723,0.3140083094284,0.3580785970064,9700000000.0000000000000
111,3.1275367581038,0.5537132028723,0.3139852730821,0.3580730585847,9700000000.0000000000000
113,3.1275211994933,0.5536663688520,0.3139196879863,0.3580352430853,9700000000.0000000000000
114,3.1276297580438,0.5535487356324,0.3138662773738,0.3579806179576,9700000000.0000000000000
118,3.1277856459847,0.5535487356324,0.3137657905216,0.3579505535908,9700000000.0000000000000
119,3.1275788659761,0.5535487356324,0.3137652904805,0.3579458354742,9700000000.0000000000000
120,3.1275438196104,0.5535487356324,0.3136634482823,0.3579111166690,9700000000.0000000000000
121,3.1273502262398,0.5535955696526,0.3133168323410,0.3578069281770,9700000000.0000000000000
133,3.1274181831754,0.5535481874634,0.3131577519700,0.3577396031241,9700000000.0000000000000
134,3.1273256421158,0.5535481874634,0.3131612476558,0.3577387314308,9700000000.0000000000000
139,3.1273078762128,0.5535481874634,0.3127631526036,0.3576056420347,9700000000.0000000000000
140,3.1272630471268,0.5534305542437,0.3127502821748,0.3575611540852,9700000000.0000000000000
141,3.1273579380474,0.5534305542437,0.3126416507416,0.3575270322522,9700000000.0000000000000
142,3.1273997732906,0.5533837202235,0.3126131184823,0.3575028309948,9700000000.0000000000000
143,3.1276488501083,0.5533837202235,0.3121374451641,0.3573497556536,9700000000.0000000000000
145,3.1277106305191,0.5532660870039,0.3121226353132,0.3573069678125,9700000000.0000000000000
147,3.1277176960567,0.5532426699938,0.3119965729872,0.3572572968867,9700000000.0000000000000
148,3.1277524694001,0.5532426699938,0.3119814535291,0.3572530224637,9700000000.0000000000000
149,3.1278853469478,0.5532426699938,0.3114180731908,0.3570681537862,9700000000.0000000000000
152,3.1278461823480,0.5533603032134,0.3111246302094,0.3570086884800,9700000000.0000000000000
153,3.1278307459888,0.5533134691932,0.3110934236748,0.3569823351919,9700000000.0000000000000
155,3.1278956149627,0.5533603032134,0.3108756953217,0.3569267982457,9700000000.0000000000000
159,3.1278727861165,0.5533134691932,0.3108453115494,0.3569005564956,9700000000.0000000000000
130697,3.7438311459032,0.0090171603464,0.7514472738008,0.3358936380250,0.0000000000024
130785,3.7437425551412,0.0090171603464,0.7513628783599,0.3358635562396,0.0000000000023
130786,3.7435772562384,0.0090639943667,0.7513052139446,0.3358563077126,0.0000000000023
130919,3.7436407112123,0.0090710516987,0.7512839248555,0.3358529605014,0.0000000000022
131112,3.7435557929200,0.0090710516987,0.7512881716871,0.3358525069748,0.0000000000021
131113,3.7435145971069,0.0091178857190,0.7511971837525,0.3358368822420,0.0000000000021
131349,3.7436399809030,0.0090944687088,0.7511848344459,0.3358277199601,0.0000000000021
131517,3.7436344044082,0.0090687901571,0.7511935403645,0.3358219396714,0.0000000000020
131615,3.7435590908290,0.0090687901571,0.7511977062057,0.3358216705575,0.0000000000020
131689,3.7434897207170,0.0090266500064,0.6363076276611,0.2975094040864,0.0000000000020
131693,3.7433985470024,0.0090266500064,0.6362979113177,0.2975041584799,0.0000000000020
131738,3.7433989125984,0.0090734840267,0.6362260994481,0.2974958405773,0.0000000000020
131759,3.7434667634336,0.0090734840267,0.6361628552359,0.2974762526384,0.0000000000019
131910,3.7435756450143,0.0090669059982,0.6360397853608,0.2974354332638,0.0000000000019
132209,3.7436304355873,0.0090669059982,0.6359840327525,0.2974180550567,0.0000000000018
132258,3.7435729146108,0.0091137400184,0.6359164066578,0.2974098582706,0.0000000000018
132301,3.7434974654898,0.0090360377456,0.6359741628577,0.2974015488685,0.0000000000017
132417,3.7433358249962,0.0089436203018,0.6360180177379,0.2973818034773,0.0000000000017
132482,3.7434513060402,0.0089436203018,0.6359973347405,0.2973774509989,0.0000000000017
132671,3.7435089672128,0.0089158868048,0.6359103506663,0.2973404809890,0.0000000000016
132767,3.7435570408583,0.0089158868048,0.6357994931588,0.2973045866358,0.0000000000016
133272,3.7436342403557,0.0089627208251,0.6357457331538,0.2973039772129,0.0000000000014
133429,3.7436584668006,0.0090067451346,0.6356815505649,0.2972977910349,0.0000000000014
133576,3.7436512610536,0.0090138024667,0.6356497774898,0.2972893938481,0.0000000000014
133686,3.7436278022967,0.0090138024667,0.6355937740901,0.2972702096974,0.0000000000013
133855,3.7436879624923,0.0090067451346,0.6355908997895,0.2972682233396,0.0000000000013
133984,3.7438962648524,0.0090257079270,0.6355344871054,0.2972603249871,0.0000000000012
134034,3.7438951995829,0.0090219396092,0.6355382954484,0.2972603148811,0.0000000000012
134266,3.7438146589439,0.0090219396092,0.6355063154050,0.2972478820861,0.0000000000012
134441,3.7440074785243,0.0089985225990,0.6355116202762,0.2972460888596,0.0000000000012
134572,3.7439961385635,0.0090453566193,0.6354645602855,0.2972457639322,0.0000000000011
134693,3.7439837357197,0.0090453566193,0.6354647599553,0.2972455574897,0.0000000000011
134704,3.7440577589510,0.0090732278472,0.6353962263552,0.2972336326915,0.0000000000011
134722,3.7439741691698,0.0090263938269,0.6354325366658,0.2972282848930,0.0000000000011
134808,3.7441314899156,0.0090498108371,0.6353882095398,0.2972247776424,0.0000000000011
134968,3.7442095098355,0.0090732278472,0.6353436776696,0.2972194566527,0.0000000000011
135012,3.7443304935846,0.0090498108371,0.6353489015504,0.2972160552504,0.0000000000010
135159,3.7442529631148,0.0090219396092,0.6352801410739,0.2971821381586,0.0000000000010
135188,3.7441940689886,0.0089821629210,0.6352587227673,0.2971604435079,0.0000000000010
135453,3.7442454928557,0.0089821629210,0.6352435432530,0.2971565155609,0.0000000000010
135542,3.7444228213133,0.0089282715687,0.6352463988899,0.2971434068337,0.0000000000009
135691,3.7443734631109,0.0089790116377,0.6351771846608,0.2971361623566,0.0000000000009
