0,3.12456,0.555358,0.320124,0.360602,1e+10
1,3.12463,0.555241,0.319945,0.360505,10000000000.000000
2,3.1246658386931,0.5552407902202,0.3196599795148,0.3604106313512,10000000000.0000000000000
9,3.1249017148534,0.5550997399905,0.3196630067407,0.3603698155550,10000000000.0000000000000
10,3.1249950660520,0.5549821067709,0.3196373989997,0.3603241233220,10000000000.0000000000000
11,3.1251376085963,0.5548644735512,0.3194909140846,0.3602392214487,10000000000.0000000000000
12,3.1252623344986,0.5547468403316,0.3194919870825,0.3602031133842,10000000000.0000000000000
14,3.1252775480556,0.5547000063114,0.3195288357287,0.3602001197919,10000000000.0000000000000
15,3.1253586343591,0.5547000063114,0.3193962268457,0.3601577016221,10000000000.0000000000000
16,3.1253878294243,0.5545823730918,0.3192624919347,0.3600745548580,10000000000.0000000000000
17,3.1255504829340,0.5545823730918,0.3186746855770,0.3598821995729,10000000000.0000000000000
18,3.1256535913502,0.5545823730918,0.3184686515681,0.3598157910900,10000000000.0000000000000
19,3.1256701641660,0.5545355390715,0.3184906104374,0.3598078641574,10000000000.0000000000000
20,3.1256004755862,0.5544887050513,0.3184747302906,0.3597854255193,10000000000.0000000000000
21,3.1255082897816,0.5545355390715,0.3182637193876,0.3597286707893,10000000000.0000000000000
22,3.1256337336118,0.5544179058519,0.3181337146375,0.3596488859444,10000000000.0000000000000
23,3.1256041988560,0.5543710718317,0.3181023539696,0.3596221709586,10000000000.0000000000000
24,3.1257413272089,0.5543710718317,0.3180563784476,0.3596098641178,10000000000.0000000000000
25,3.1257633691604,0.5543242378114,0.3180407471659,0.3595895275160,10000000000.0000000000000
26,3.1256191084653,0.5543710718317,0.3179239330511,0.3595630254946,10000000000.0000000000000
27,3.1256688257625,0.5543242378114,0.3179468425716,0.3595561449892,10000000000.0000000000000
30,3.1257165865474,0.5542066045918,0.3180287594755,0.3595452908136,10000000000.0000000000000
31,3.1258278425836,0.5542066045918,0.3178807535231,0.3594984043535,10000000000.0000000000000
33,3.1257872056763,0.5541597705716,0.3178450805957,0.3594700075784,10000000000.0000000000000
34,3.1258518360132,0.5541129365514,0.3177474302554,0.3594232687036,10000000000.0000000000000
38,3.1258855939994,0.5541129365514,0.3175164022754,0.3593470024243,10000000000.0000000000000
39,3.1258495509077,0.5541129365514,0.3174459373216,0.3593227207616,10000000000.0000000000000
40,3.1258305127421,0.5541129365514,0.3174452015821,0.3593220564659,10000000000.0000000000000
41,3.1259608465069,0.5541129365514,0.3173603090559,0.3592966277345,10000000000.0000000000000
42,3.1261168165197,0.5541129365514,0.3173401591518,0.3592933441569,10000000000.0000000000000
46,3.1261454687928,0.5541363535615,0.3171262389482,0.3592304737578,10000000000.0000000000000
47,3.1262647626668,0.5541363535615,0.3170182133467,0.3591970910022,10000000000.0000000000000
48,3.1263612557687,0.5540187203419,0.3167291012587,0.3590636331433,10000000000.0000000000000
49,3.1263131829960,0.5539010871222,0.3166671727828,0.3590027211147,10000000000.0000000000000
50,3.1263555775742,0.5537834539026,0.3166469712168,0.3589577093335,10000000000.0000000000000
51,3.1263702315246,0.5537834539026,0.3161677323360,0.3587982855881,10000000000.0000000000000
52,3.1262926372234,0.5537834539026,0.3160594093128,0.3587604699850,10000000000.0000000000000
53,3.1262133396849,0.5537834539026,0.3160226734997,0.3587464792953,10000000000.0000000000000
54,3.1262411343670,0.5536658206830,0.3160440252826,0.3587149972720,10000000000.0000000000000
55,3.1261491665698,0.5536189866628,0.3160853117494,0.3587111237837,10000000000.0000000000000
56,3.1261079149348,0.5536189866628,0.3160732370367,0.3587061908895,10000000000.0000000000000
61,3.1264623035256,0.5536658206830,0.3157471222273,0.3586208977428,10000000000.0000000000000
62,3.1264977985963,0.5536189866628,0.3157038204272,0.3585916337516,10000000000.0000000000000
63,3.1263917429996,0.5536189866628,0.3155768368438,0.3585469715000,10000000000.0000000000000
85,3.1266267212967,0.5535362048738,0.3156199657875,0.3585389259938,10000000000.0000000000000
86,3.1267804636481,0.5535362048738,0.3154295223532,0.3584788288730,9700000000.0000000000000
87,3.1269053893722,0.5535362048738,0.3153801915744,0.3584651350211,9700000000.0000000000000
89,3.1270775029022,0.5535830388940,0.3153160738883,0.3584631621912,9700000000.0000000000000
91,3.1271397939901,0.5535830388940,0.3152696403993,0.3584490554511,9700000000.0000000000000
93,3.1271527554605,0.5535830388940,0.3151680825967,0.3584154881453,9700000000.0000000000000
94,3.1271560716397,0.5535830388940,0.3151158992645,0.3583981666936,9700000000.0000000000000
95,3.1271552715648,0.5534654056744,0.3150001717989,0.3583203621881,9700000000.0000000000000
96,3.1270967580710,0.5534654056744,0.3148672524862,0.3582747678096,9700000000.0000000000000
98,3.1271368762736,0.5534185716542,0.3148476502365,0.3582535054284,9700000000.0000000000000
99,3.1271568394188,0.5534185716542,0.3145653815312,0.3581598552688,9700000000.0000000000000
100,3.1272612793952,0.5534185716542,0.3140139208709,0.3579783338778,9700000000.0000000000000
101,3.1271926734488,0.5533717376339,0.3138440977662,0.3579046047502,9700000000.0000000000000
102,3.1272097325886,0.5533717376339,0.3138308165434,0.3579005531648,9700000000.0000000000000
103,3.1272276988123,0.5533717376339,0.3133741935998,0.3577487409716,9700000000.0000000000000
104,3.1273021591059,0.5533717376339,0.3132126702623,0.3576965388051,9700000000.0000000000000
105,3.1274072957258,0.5533717376339,0.3131981348387,0.3576940078268,9700000000.0000000000000
106,3.1274104614549,0.5533717376339,0.3131302836081,0.3576714604308,9700000000.0000000000000
107,3.1276082414606,0.5533717376339,0.3130636651351,0.3576536076102,9700000000.0000000000000
108,3.1276881270314,0.5533717376339,0.3128915748214,0.3575980025342,9700000000.0000000000000
110,3.1279598856971,0.5532541044143,0.3123372807131,0.3573800084401,9700000000.0000000000000
111,3.1279759349395,0.5532541044143,0.3121478625714,0.3573172223195,9700000000.0000000000000
114,3.1280531060368,0.5531364711947,0.3108266577392,0.3568393082491,9700000000.0000000000000
117,3.1279850023471,0.5531364711947,0.3107270761490,0.3568046153549,9700000000.0000000000000
119,3.1281726948511,0.5530896371745,0.3107267206821,0.3567930168269,9700000000.0000000000000
120,3.1280856004455,0.5530896371745,0.3107138788370,0.3567868191763,9700000000.0000000000000
121,3.1280622777109,0.5530896371745,0.3106487223159,0.3567645869791,9700000000.0000000000000
125,3.1283194788718,0.5529720039548,0.3105147160502,0.3566863684071,9700000000.0000000000000
126,3.1282713091004,0.5529720039548,0.3104112736265,0.3566508273341,9700000000.0000000000000
127,3.1283125188810,0.5529720039548,0.3100658798467,0.3565366031429,9700000000.0000000000000
128,3.1283246570850,0.5529720039548,0.3100597461987,0.3565348257677,9700000000.0000000000000
129,3.1283690838041,0.5528543707352,0.3099775496507,0.3564691937219,9700000000.0000000000000
130,3.1283151446741,0.5529012047554,0.3095028599838,0.3563253879185,9700000000.0000000000000
132,3.1282896373045,0.5529012047554,0.3091542313550,0.3562086169327,9700000000.0000000000000
133,3.1283291744661,0.5529012047554,0.3089124903891,0.3561289068635,9700000000.0000000000000
134,3.1282394715677,0.5527835715358,0.3088879739919,0.3560795492067,9700000000.0000000000000
135,3.1282201489963,0.5526659383162,0.3088988537943,0.3560435394250,9700000000.0000000000000
136,3.1282942255917,0.5526659383162,0.3087427536817,0.3559931365547,9700000000.0000000000000
139,3.1284988884946,0.5526659383162,0.3072260315130,0.3554920673350,9700000000.0000000000000
140,3.1284881277161,0.5525483050966,0.3069815179134,0.3553711148730,9700000000.0000000000000
141,3.1284845570239,0.5525014710764,0.3069101226517,0.3553316265178,9700000000.0000000000000
142,3.1284984767258,0.5525014710764,0.3068526073155,0.3553127611258,9700000000.0000000000000
144,3.1285132247660,0.5525014710764,0.3065399288613,0.3552088595936,9700000000.0000000000000
145,3.1284549264960,0.5525483050966,0.3063943879122,0.3551746740803,9700000000.0000000000000
146,3.1284187266615,0.5525483050966,0.3063962920715,0.3551745120053,9700000000.0000000000000
147,3.1283574824370,0.5525483050966,0.3063955612444,0.3551729203492,9700000000.0000000000000
148,3.1283689465132,0.5524306718770,0.3061939975352,0.3550667737088,9700000000.0000000000000
149,3.1285059342913,0.5524306718770,0.3061252769544,0.3550468820874,9700000000.0000000000000
150,3.1285663917260,0.5523838378567,0.3060886379588,0.3550203884778,9700000000.0000000000000
151,3.1286360311860,0.5523838378567,0.3060505412675,0.3550092224154,9700000000.0000000000000
170,3.1287592489773,0.5519612353366,0.3062785820171,0.3549470806395,9700000000.0000000000000
171,3.1286820340486,0.5519612353366,0.3062717715371,0.3549431109012,9126730000.0000000000000
175,3.1287277391169,0.5520320345359,0.3061874936006,0.3549396240034,9126730000.0000000000000
176,3.1287892103241,0.5519852005157,0.3061714918010,0.3549200317733,9126730000.0000000000000
177,3.1287054126151,0.5519852005157,0.3061199827899,0.3549010176310,9126730000.0000000000000
178,3.1287144845913,0.5519852005157,0.3056498919600,0.3547445203710,9126730000.0000000000000
179,3.1288279968873,0.5518675672961,0.3056219268989,0.3546984861307,9126730000.0000000000000
181,3.1290030923856,0.5517499340765,0.3053286636205,0.3545653746596,9126730000.0000000000000
182,3.1289780324850,0.5517499340765,0.3051871950625,0.3545176668799,9126730000.0000000000000
183,3.1290508155858,0.5516323008569,0.3048968920668,0.3543832901708,9126730000.0000000000000
184,3.1292202031563,0.5516323008569,0.3042263170598,0.3541634935595,9126730000.0000000000000
187,3.1290718754794,0.5516791348771,0.3041283593371,0.3541431874838,9126730000.0000000000000
188,3.1290365106134,0.5516323008569,0.3041685170952,0.3541401836468,9126730000.0000000000000
189,3.1289090394077,0.5516791348771,0.3036326154076,0.3539743553214,9126730000.0000000000000
191,3.1289089301140,0.5516791348771,0.3035521723698,0.3539475385698,9126730000.0000000000000
197,3.1293347141553,0.5517259688973,0.3034419559268,0.3539357830310,9126730000.0000000000000
199,3.1291536160698,0.5517493859074,0.3033323081023,0.3539030532750,9126730000.0000000000000
200,3.1291213372617,0.5516317526878,0.3031481117489,0.3538017329283,9126730000.0000000000000
130325,3.7492587114352,0.0136193314308,0.7504942980151,0.3372295026405,0.0000000000024
130462,3.7493588288225,0.0136611630642,0.7504088138093,0.3372171554675,0.0000000000023
130674,3.7492645540594,0.0136193314308,0.7504102595785,0.3372016184303,0.0000000000022
130690,3.7492630958028,0.0136661654510,0.7502841758643,0.3371751697680,0.0000000000022
130774,3.7493076601633,0.0136895824611,0.7502259714100,0.3371645548597,0.0000000000021
130778,3.7493356162207,0.0136895824611,0.7502150313062,0.3371615234994,0.0000000000021
130994,3.7492775408635,0.0136895824611,0.7502059800570,0.3371572281192,0.0000000000021
131086,3.7495399408931,0.0136661654510,0.7502086122449,0.3371560755341,0.0000000000020
131134,3.7495453068982,0.0136384319540,0.7501647665975,0.3371323339304,0.0000000000020
131143,3.7497379658822,0.0136199484653,0.7501546498054,0.3371270411217,0.0000000000020
131153,3.7496401148891,0.0136199484653,0.7501364126991,0.3371188082874,0.0000000000020
131227,3.7496274006964,0.0136492410762,0.7500815589860,0.3371100080678,0.0000000000020
131254,3.7495938809169,0.0136584910844,0.7500660025287,0.3371071681140,0.0000000000019
131275,3.7496769881706,0.0136199484653,0.7500792296443,0.3371005588872,0.0000000000019
131404,3.7496349915068,0.0135300487426,0.7500618588487,0.3370638776589,0.0000000000019
131542,3.7496280273265,0.0135300487426,0.7499890311039,0.3370394484553,0.0000000000018
131576,3.7494951513743,0.0135023152457,0.7500217488869,0.3370381851505,0.0000000000018
131601,3.7496398776377,0.0135044390564,0.7499710746898,0.3370251872592,0.0000000000018
131604,3.7496446575971,0.0134734165451,0.7499429164276,0.3370055655464,0.0000000000018
131684,3.7496667423492,0.0134787439769,0.7498874280552,0.3369893313405,0.0000000000018
131724,3.7496210356628,0.0134787439769,0.7498803668551,0.3369859715569,0.0000000000018
132018,3.7496164742359,0.0134787439769,0.7498692295663,0.3369821587258,0.0000000000017
132039,3.7496544308013,0.0135255779971,0.7498076612422,0.3369780827534,0.0000000000017
132255,3.7497643652013,0.0135724120174,0.7497475421483,0.3369760741623,0.0000000000016
132558,3.7498572721568,0.0136192460376,0.7496870953066,0.3369735815308,0.0000000000015
132726,3.7499426697261,0.0136590998551,0.7496259250051,0.3369683557226,0.0000000000015
132731,3.7502245229544,0.0136825168652,0.7495569586945,0.3369593764958,0.0000000000015
132867,3.7503751197158,0.0136356828450,0.7495645462869,0.3369496091396,0.0000000000014
132999,3.7503875105344,0.0135862539743,0.7494955799764,0.3369104168136,0.0000000000014
133036,3.7505521861531,0.0136237002554,0.7494166092746,0.3369002000162,0.0000000000014
133076,3.7505370073490,0.0136237002554,0.7493677419256,0.3368835767991,0.0000000000014
133187,3.7505114125257,0.0136237002554,0.7493565588507,0.3368792857396,0.0000000000014
133333,3.7505623782229,0.0136237002554,0.7493238410676,0.3368695016182,0.0000000000013
133363,3.7505660928919,0.0136237002554,0.7492702372372,0.3368517154384,0.0000000000013
133384,3.7505757950621,0.0135394199541,0.7492997293030,0.3368336662477,0.0000000000013
133564,3.7505567869320,0.0135394199541,0.7492347691852,0.3368115944870,0.0000000000013
133584,3.7506905315302,0.0135040286182,0.6342917249770,0.2984883931590,0.0000000000013
133635,3.7505911933840,0.0134665823371,0.6342986904557,0.2984760463589,0.0000000000012
133739,3.7505971775854,0.0134551396528,0.6341963351395,0.2984382454103,0.0000000000012
133824,3.7505051972270,0.0134925859338,0.6341173459781,0.2984223732033,0.0000000000012
133870,3.7507033692178,0.0134826500257,0.6340581920221,0.2984037052136,0.0000000000012
133997,3.7506858745441,0.0135294840459,0.6340115679516,0.2984033901214,0.0000000000012
134070,3.7507142646420,0.0135294840459,0.6340003390905,0.2984002720624,0.0000000000012
134163,3.7507703289938,0.0134920377648,0.6340283034947,0.2983983454696,0.0000000000011
134402,3.7507913154818,0.0135197712618,0.6339810608327,0.2983923043483,0.0000000000011
134456,3.7507718503125,0.0135666052820,0.6339341233687,0.2983918414191,0.0000000000011
134507,3.7507612625702,0.0135666052820,0.6339184089456,0.2983863702312,0.0000000000011
134524,3.7507887706815,0.0134594561396,0.6338668770097,0.2983340820197,0.0000000000011
134572,3.7509023413788,0.0134969024207,0.6338057746726,0.2983286964730,0.0000000000011
134637,3.7508865015195,0.0134969024207,0.6337945000253,0.2983245896060,0.0000000000011
134906,3.7509164716286,0.0134969024207,0.6337785001283,0.2983199159793,0.0000000000010
135135,3.7510751578727,0.0134734854106,0.6337656568494,0.2983113220603,0.0000000000010
135202,3.7511082204678,0.0135203194308,0.6337043429592,0.2983072231780,0.0000000000009
135208,3.7512300988768,0.0134969024207,0.6337141542569,0.2983053706070,0.0000000000009
135240,3.7511621550982,0.0134385651145,0.6337043429592,0.2982811588947,0.0000000000009
