0,3.12456,0.555358,0.320124,0.360602,1e+10
1,3.12461,0.555358,0.320051,0.360579,10000000000.000000
2,3.1245770159687,0.5554052574601,0.3195656795806,0.3604320653755,10000000000.0000000000000
4,3.1245254064695,0.5552407902202,0.3194260622892,0.3603295678880,10000000000.0000000000000
5,3.1246073266479,0.5552407902202,0.3193382061602,0.3603020856573,10000000000.0000000000000
7,3.1246394131464,0.5552407902202,0.3191839697559,0.3602513797786,10000000000.0000000000000
8,3.1244563148086,0.5551939562000,0.3191367459567,0.3602159969934,10000000000.0000000000000
9,3.1244122747678,0.5550763229804,0.3191136019091,0.3601681018720,10000000000.0000000000000
10,3.1244727788946,0.5550294889601,0.3190839180315,0.3601439276628,10000000000.0000000000000
11,3.1244185581454,0.5549118557405,0.3189007008052,0.3600424507275,10000000000.0000000000000
129240,3.7370833812652,0.0157691319590,0.7514050261831,0.3379816875957,0.0000000000032
129242,3.7369785527371,0.0158159659792,0.7513068109151,0.3379622531317,0.0000000000032
129386,3.7369211638132,0.0158159659792,0.7512889946418,0.3379550511860,0.0000000000031
129451,3.7370387740673,0.0157925489691,0.7512762748560,0.3379455943074,0.0000000000031
129490,3.7371198178961,0.0157925489691,0.7512359836619,0.3379339477657,0.0000000000031
129694,3.7371473364784,0.0158323421849,0.7511701593082,0.3379258764314,0.0000000000029
129729,3.7372048059832,0.0158323421849,0.7510024681625,0.3378712443445,0.0000000000028
129757,3.7372030422937,0.0158323421849,0.7508597680698,0.3378236388264,0.0000000000028
129782,3.7371373949871,0.0158024160118,0.7508491288764,0.3378086720742,0.0000000000028
129879,3.7373043770283,0.0158258330219,0.7508042817305,0.3378052041385,0.0000000000028
129896,3.7373874253158,0.0158258330219,0.7507292318337,0.3377820154827,0.0000000000027
129973,3.7374821771920,0.0158258330219,0.7507070756674,0.3377767156781,0.0000000000027
130051,3.7375005950710,0.0158258330219,0.7506573467841,0.3377605447797,0.0000000000027
130063,3.7373582710872,0.0157789990017,0.7506529529425,0.3377403361316,0.0000000000027
130167,3.7374065388939,0.0157392057858,0.7505999841284,0.3377104778780,0.0000000000027
130241,3.7375084970976,0.0157048942603,0.7506256781874,0.3377098495919,0.0000000000026
130242,3.7376436750359,0.0157392057858,0.7505456461763,0.3376975848325,0.0000000000026
130437,3.7375694652688,0.0157392057858,0.7504733628664,0.3376718569642,0.0000000000025
130494,3.7375881454126,0.0157392057858,0.6355803223314,0.2993745879546,0.0000000000025
130506,3.7374646342839,0.0157392057858,0.6355554600667,0.2993635819287,0.0000000000025
130541,3.7374470596359,0.0157392057858,0.6355434318835,0.2993591856987,0.0000000000025
130619,3.7373910659976,0.0156923717656,0.6353790044687,0.2992875327439,0.0000000000024
130624,3.7374174436068,0.0156923717656,0.6353667791005,0.2992840382189,0.0000000000024
130731,3.7374800889597,0.0156923717656,0.6352914654082,0.2992603125421,0.0000000000024
130776,3.7374233814341,0.0156886034478,0.6352372499958,0.2992397364423,0.0000000000024
130835,3.7374238869386,0.0156886034478,0.6351826484376,0.2992215470496,0.0000000000024
130887,3.7373201640542,0.0156886034478,0.6351575259634,0.2992108898464,0.0000000000024
130960,3.7373037504876,0.0156417694275,0.6351893643858,0.2992055300347,0.0000000000023
131083,3.7373008408959,0.0156803120467,0.6351194260300,0.2991950007461,0.0000000000022
131111,3.7373313525288,0.0156568950366,0.6351065827511,0.2991835855748,0.0000000000022
131126,3.7372914172466,0.0156568950366,0.6350514851977,0.2991643407079,0.0000000000022
131238,3.7371140957930,0.0156568950366,0.6349219783672,0.2991172687407,0.0000000000022
131282,3.7371648640158,0.0156722437697,0.6348936191769,0.2991140493813,0.0000000000021
131313,3.7370507782775,0.0156722437697,0.6348443846494,0.2990951267302,0.0000000000021
131408,3.7370975817623,0.0156183524174,0.6348850565848,0.2990917504497,0.0000000000021
131478,3.7371728725328,0.0156183524174,0.6348313543206,0.2990755069207,0.0000000000021
131498,3.7372224270973,0.0156183524174,0.6348025160768,0.2990669849186,0.0000000000021
131740,3.7373597452413,0.0155949354073,0.6347526608566,0.2990455833524,0.0000000000020
131863,3.7374204618885,0.0156417694275,0.6346718948183,0.2990356091143,0.0000000000020
131866,3.7374684447294,0.0156417694275,0.6346297574947,0.2990226194904,0.0000000000020
131912,3.7374904981167,0.0156417694275,0.6346218587187,0.2990204719823,0.0000000000020
131984,3.7375516610050,0.0156417694275,0.6345848916868,0.2990094958951,0.0000000000019
132317,3.7376494908921,0.0156417694275,0.6345356446913,0.2989952335643,0.0000000000018
132359,3.7377818222039,0.0156074579021,0.6345603892486,0.2989949573203,0.0000000000018
132514,3.7379026939209,0.0156074579021,0.6344983336840,0.2989769326403,0.0000000000017
132575,3.7378315419619,0.0156074579021,0.6344529998605,0.2989602552395,0.0000000000017
132616,3.7379048274858,0.0156074579021,0.6343904401993,0.2989410151073,0.0000000000017
132630,3.7378917927541,0.0156074579021,0.6343195990677,0.2989171144892,0.0000000000017
132723,3.7378638588792,0.0156074579021,0.6343021368152,0.2989106788856,0.0000000000017
132731,3.7379832549147,0.0155840408919,0.6342435366065,0.2988859678397,0.0000000000017
132908,3.7378842664608,0.0155840408919,0.6342259396997,0.2988779233685,0.0000000000016
132971,3.7379098085091,0.0155715183972,0.6342264413376,0.2988744786225,0.0000000000016
132974,3.7378214355703,0.0155517843117,0.6342480999067,0.2988731749396,0.0000000000016
132977,3.7378540736062,0.0155860958372,0.6341502201399,0.2988527039219,0.0000000000016
133001,3.7380531784610,0.0156127329961,0.6340953446518,0.2988476736438,0.0000000000016
133023,3.7381595005322,0.0156127329961,0.6340861833660,0.2988469601377,0.0000000000016
133092,3.7381899900110,0.0155981555561,0.6340911326158,0.2988444218452,0.0000000000015
133189,3.7380353876554,0.0155393389463,0.6341405783476,0.2988378952656,0.0000000000015
133248,3.7380066820553,0.0155393389463,0.6340816720512,0.2988176279943,0.0000000000015
133251,3.7379796542202,0.0155278962619,0.6340737103050,0.2988105649409,0.0000000000015
133264,3.7379865327727,0.0155278962619,0.6340054340777,0.2987879576023,0.0000000000015
133272,3.7380515842096,0.0155278962619,0.6339514506153,0.2987713949625,0.0000000000015
133276,3.7380558365797,0.0155012591030,0.6339554722957,0.2987639500686,0.0000000000015
133401,3.7379710194387,0.0155012591030,0.6339605362209,0.2987637711330,0.0000000000014
133422,3.7378357042192,0.0155012591030,0.6339389506308,0.2987535975121,0.0000000000014
133602,3.7377552825190,0.0155012591030,0.6339169612115,0.2987444975430,0.0000000000014
133618,3.7378250212074,0.0155012591030,0.6339118151736,0.2987443172158,0.0000000000014
133802,3.7378764899288,0.0154778420929,0.6338621646976,0.2987210942655,0.0000000000013
133820,3.7379323940904,0.0154778420929,0.6337887657492,0.2986978584563,0.0000000000013
133887,3.7380218050465,0.0154778420929,0.6337199383262,0.2986768840071,0.0000000000013
134143,3.7379405014128,0.0154310080726,0.5291365832064,0.2637983647189,0.0000000000012
134214,3.7380200424175,0.0154310080726,0.5290823949998,0.2637820527610,0.0000000000012
134228,3.7380436600693,0.0154310080726,0.5290138896582,0.2637597374954,0.0000000000012
134319,3.7381061982897,0.0154310080726,0.5289503713761,0.2637399412639,0.0000000000012
134509,3.7382219191732,0.0154310080726,0.5288865605506,0.2637212181219,0.0000000000012
134739,3.7381775712471,0.0154310080726,0.5288687366913,0.2637143006930,0.0000000000011
134834,3.7382605133696,0.0154075910625,0.5288560169055,0.2637040807340,0.0000000000011
134840,3.7382088901403,0.0154075910625,0.5288299449296,0.2636942537961,0.0000000000011
134849,3.7383260767478,0.0154075910625,0.5288000435561,0.2636868660668,0.0000000000011
134854,3.7382260932114,0.0154075910625,0.5287499532250,0.2636679685515,0.0000000000011
134856,3.7382366720975,0.0154166868121,0.5286807441211,0.2636481636186,0.0000000000011
135216,3.7381890838333,0.0154166868121,0.5286629018022,0.2636411687134,0.0000000000010
135245,3.7381893323501,0.0154166868121,0.5286496587630,0.2636367598371,0.0000000000010
135324,3.7381123539557,0.0154166868121,0.5286315655952,0.2636290344092,0.0000000000010
135387,3.7380784502083,0.0154166868121,0.5286272626213,0.2636268538290,0.0000000000010
135421,3.7380756613034,0.0154541330932,0.5285724746811,0.2636210118893,0.0000000000010
135507,3.7381014932400,0.0154166868121,0.5285944771046,0.2636164325237,0.0000000000010
135576,3.7379961366172,0.0153578702023,0.5286443323249,0.2636111263885,0.0000000000010
135707,3.7379414879523,0.0153578702023,0.5285895771855,0.2635916718032,0.0000000000009
135763,3.7379564633106,0.0153953164834,0.5285346657522,0.2635861797085,0.0000000000009
135875,3.7380825998930,0.0153953164834,0.5284878156238,0.2635733393923,0.0000000000009
135905,3.7380564736622,0.0153484824632,0.4344447465455,0.2322094632948,0.0000000000009
135947,3.7381549891474,0.0153110361821,0.4344665535567,0.2322064186299,0.0000000000009
