0,3.12456,0.555358,0.320124,0.360602,1e+10
3,3.12466,0.555312,0.319161,0.360268,10000000000.000000
5,3.1248892864311,0.5551939562000,0.3191889936059,0.3602429430178,10000000000.0000000000000
6,3.1246455459970,0.5551939562000,0.3188342725486,0.3601193376930,10000000000.0000000000000
11,3.1246711615837,0.5551939562000,0.3184897505113,0.3600050608388,10000000000.0000000000000
12,3.1247365651440,0.5550763229804,0.3170378442166,0.3594833205989,10000000000.0000000000000
13,3.1247506172757,0.5550763229804,0.3170051982322,0.3594727479056,10000000000.0000000000000
15,3.1247367617905,0.5550763229804,0.3168678346303,0.3594266550652,10000000000.0000000000000
16,3.1248082767294,0.5550763229804,0.3168324385433,0.3594164304853,10000000000.0000000000000
19,3.1250906664210,0.5550763229804,0.3167405467100,0.3593920155557,10000000000.0000000000000
20,3.1250803647933,0.5550763229804,0.3161717609680,0.3592021935591,10000000000.0000000000000
21,3.1251052171657,0.5549586897607,0.3161086668251,0.3591424981307,10000000000.0000000000000
22,3.1250810708416,0.5549586897607,0.3156336090364,0.3589836140496,10000000000.0000000000000
23,3.1251232524905,0.5549586897607,0.3154731451395,0.3589310545445,10000000000.0000000000000
24,3.1250830800481,0.5549586897607,0.3153817375371,0.3588997011078,10000000000.0000000000000
28,3.1255687628665,0.5546765893013,0.3149769268650,0.3586814210985,10000000000.0000000000000
29,3.1256658029798,0.5546297552810,0.3150063618563,0.3586777573728,10000000000.0000000000000
30,3.1257021822372,0.5546297552810,0.3143685195490,0.3584659440144,10000000000.0000000000000
32,3.1258786442677,0.5544652880412,0.3143472878618,0.3584079284791,10000000000.0000000000000
33,3.1258829086460,0.5544652880412,0.3143431067697,0.3584066286449,10000000000.0000000000000
34,3.1258784411774,0.5544652880412,0.3143386150686,0.3584050330778,10000000000.0000000000000
35,3.1258676352690,0.5544652880412,0.3143241276554,0.3583999660911,10000000000.0000000000000
36,3.1260005999631,0.5543476548216,0.3141376518717,0.3583015231101,10000000000.0000000000000
37,3.1259526410740,0.5543008208013,0.3140995997429,0.3582721721037,10000000000.0000000000000
40,3.1262912770656,0.5541831875817,0.3141446921689,0.3582554455583,10000000000.0000000000000
41,3.1263899987633,0.5540655543621,0.3140536837700,0.3581880713161,10000000000.0000000000000
42,3.1265702389687,0.5540655543621,0.3139397401415,0.3581540573750,10000000000.0000000000000
44,3.1266299595091,0.5540655543621,0.3132666333252,0.3579310029455,10000000000.0000000000000
45,3.1265011809239,0.5540655543621,0.3127915635356,0.3577698118026,10000000000.0000000000000
46,3.1265146364873,0.5540655543621,0.3127361402116,0.3577516335318,10000000000.0000000000000
49,3.1269164941504,0.5540655543621,0.3126661597924,0.3577371520172,10000000000.0000000000000
74,3.1271532605981,0.5535133360327,0.3130356430519,0.3576814517952,10000000000.0000000000000
88,3.1270395622611,0.5532083667322,0.3133409789271,0.3576790713718,9700000000.0000000000000
89,3.1269915327408,0.5532083667322,0.3133239471960,0.3576723369500,9700000000.0000000000000
90,3.1271244546691,0.5532083667322,0.3129680893195,0.3575566434033,9700000000.0000000000000
91,3.1272631636288,0.5532083667322,0.3129359709428,0.3575489904016,9700000000.0000000000000
92,3.1273741395560,0.5532083667322,0.3123821176618,0.3573668153332,9700000000.0000000000000
93,3.1273474568117,0.5532083667322,0.3123792781531,0.3573652815163,9700000000.0000000000000
94,3.1274207228645,0.5531615327119,0.3122806259261,0.3573183987601,9700000000.0000000000000
95,3.1274381313263,0.5531146986917,0.3122232348894,0.3572840402522,9700000000.0000000000000
96,3.1275095511761,0.5529970654721,0.3122809850677,0.3572656512612,9700000000.0000000000000
97,3.1274616211838,0.5528794322525,0.3122714920603,0.3572222208649,9700000000.0000000000000
99,3.1274701070861,0.5527617990328,0.3121576166380,0.3571452381008,9700000000.0000000000000
100,3.1275719879825,0.5527617990328,0.3120797493661,0.3571215248446,9700000000.0000000000000
101,3.1275679062326,0.5527617990328,0.3120140175954,0.3570995244110,9700000000.0000000000000
102,3.1277592112333,0.5527617990328,0.3119240733177,0.3570737538008,9700000000.0000000000000
103,3.1279006460225,0.5527617990328,0.3116811834724,0.3569959036411,9700000000.0000000000000
104,3.1279388693513,0.5527617990328,0.3115872694692,0.3569654403073,9700000000.0000000000000
105,3.1279750894061,0.5527149650126,0.3115796985451,0.3569481025658,9700000000.0000000000000
106,3.1280001053016,0.5527149650126,0.3112330694905,0.3568331101726,9700000000.0000000000000
107,3.1280125498433,0.5527149650126,0.3110968942439,0.3567879923407,9700000000.0000000000000
108,3.1280355417586,0.5525973317930,0.3110817629472,0.3567442435771,9700000000.0000000000000
109,3.1280136744538,0.5525973317930,0.3109912074282,0.3567135770827,9700000000.0000000000000
110,3.1280590152442,0.5525973317930,0.3106704669661,0.3566076615918,9700000000.0000000000000
131995,3.7595245525174,0.0126613578267,0.7458769837877,0.3355970348626,0.0000000000017
132055,3.7595435799776,0.0126613578267,0.7458444205070,0.3355865992492,0.0000000000017
132068,3.7597954861283,0.0127789910463,0.7457024648876,0.3355840364907,0.0000000000017
132127,3.7597829484028,0.0127789910463,0.7456786923049,0.3355758363285,0.0000000000016
132148,3.7597164744547,0.0127789910463,0.7456583523707,0.3355675931919,0.0000000000016
132384,3.7596932468989,0.0127348290059,0.7454935835539,0.3354974383109,0.0000000000016
132695,3.7596279932034,0.0127315399916,0.7454982059372,0.3354964464677,0.0000000000015
132750,3.7596087083211,0.0127315399916,0.7454653292631,0.3354850630966,0.0000000000015
132927,3.7597038029347,0.0127315399916,0.6305752507185,0.2971904633766,0.0000000000014
133138,3.7597787280551,0.0127027101566,0.6305952261216,0.2971891610767,0.0000000000014
133158,3.7596917634332,0.0126792931464,0.5260200627229,0.2623210534282,0.0000000000014
133265,3.7597487530261,0.0126324591262,0.5260063888501,0.2623021385288,0.0000000000014
133280,3.7595776627605,0.0125774108342,0.5260490214765,0.2622942341046,0.0000000000014
133386,3.7596600913551,0.0125828236592,0.5259660255741,0.2622701874152,0.0000000000013
133506,3.7595733614045,0.0126194821194,0.5258273423007,0.2622342701306,0.0000000000013
133635,3.7596751768980,0.0126663161397,0.5257584619765,0.2622291624241,0.0000000000012
133690,3.7596018183721,0.0127131501599,0.5257058703753,0.2622256285354,0.0000000000012
133762,3.7596302605694,0.0127131501599,0.5256265870186,0.2621998267913,0.0000000000012
133853,3.7597071791007,0.0126583167281,0.5256677550074,0.2621969646979,0.0000000000012
133928,3.7597054012310,0.0126583167281,0.5256588045005,0.2621939420629,0.0000000000012
133950,3.7596834378268,0.0127051507484,0.5256069210926,0.2621917754971,0.0000000000012
133994,3.7596955316513,0.0127051507484,0.5255375842567,0.2621689294157,0.0000000000012
134014,3.7598656362336,0.0125875175287,0.5256106853317,0.2621578295406,0.0000000000012
134127,3.7597831679677,0.0125406835085,0.5256055891916,0.2621387042776,0.0000000000012
134136,3.7598556134789,0.0125530682724,0.5255527726990,0.2621268216333,0.0000000000011
134139,3.7598653936561,0.0125492999545,0.5254379641321,0.2620875112767,0.0000000000011
134143,3.7599070801949,0.0125492999545,0.5253743697097,0.2620672306985,0.0000000000011
134150,3.7599090814833,0.0125024659343,0.5253833202165,0.2620546469111,0.0000000000011
134203,3.7598023162436,0.0125333341869,0.5253281688595,0.2620442025325,0.0000000000011
134368,3.7597162710286,0.0125333341869,0.5253184732401,0.2620390767176,0.0000000000011
134390,3.7598285364562,0.0125209494230,0.5252652289458,0.2620196714400,0.0000000000011
134462,3.7597507922786,0.0125209494230,0.5252123920653,0.2620003479188,0.0000000000011
135110,3.7596574987033,0.0125677834433,0.5251425177273,0.2619906143274,0.0000000000009
135177,3.7597546956868,0.0125488977803,0.5250767076247,0.2619645218090,0.0000000000009
135180,3.7597647982266,0.0125488977803,0.5250434511498,0.2619536586844,0.0000000000009
135183,3.7597565453009,0.0125089668335,0.5250544724307,0.2619438404739,0.0000000000009
135207,3.7597195456000,0.0124594608335,0.5250895049817,0.2619382015903,0.0000000000009
135208,3.7597564788461,0.0125062948537,0.5250132865444,0.2619292197225,0.0000000000009
135228,3.7596538083106,0.0124594608335,0.5250274722017,0.2619160770530,0.0000000000009
